# distance (\AA)	RDF	distance (\AA)	cdf
1.249899994581937790e-01 0.000000000000000000e+00 1.249899994581937790e-01 0.000000000000000000e+00
1.749699935317039490e-01 0.000000000000000000e+00 1.749699935317039490e-01 0.000000000000000000e+00
2.249499782919883728e-01 0.000000000000000000e+00 2.249499782919883728e-01 0.000000000000000000e+00
2.749300003051757812e-01 0.000000000000000000e+00 2.749300003051757812e-01 0.000000000000000000e+00
3.249099850654602051e-01 0.000000000000000000e+00 3.249099850654602051e-01 0.000000000000000000e+00
3.748899698257446289e-01 0.000000000000000000e+00 3.748899698257446289e-01 0.000000000000000000e+00
4.248699918389320374e-01 0.000000000000000000e+00 4.248699918389320374e-01 0.000000000000000000e+00
4.748500138521194458e-01 0.000000000000000000e+00 4.748500138521194458e-01 0.000000000000000000e+00
5.248299986124038696e-01 0.000000000000000000e+00 5.248299986124038696e-01 0.000000000000000000e+00
5.748099833726882935e-01 0.000000000000000000e+00 5.748099833726882935e-01 0.000000000000000000e+00
6.247899681329727173e-01 0.000000000000000000e+00 6.247899681329727173e-01 0.000000000000000000e+00
6.747699528932571411e-01 0.000000000000000000e+00 6.747699528932571411e-01 0.000000000000000000e+00
7.247499376535415649e-01 0.000000000000000000e+00 7.247499376535415649e-01 0.000000000000000000e+00
7.747299969196319580e-01 0.000000000000000000e+00 7.747299969196319580e-01 0.000000000000000000e+00
8.247099816799163818e-01 0.000000000000000000e+00 8.247099816799163818e-01 0.000000000000000000e+00
8.746899664402008057e-01 0.000000000000000000e+00 8.746899664402008057e-01 0.000000000000000000e+00
9.246699512004852295e-01 0.000000000000000000e+00 9.246699512004852295e-01 0.000000000000000000e+00
9.746499359607696533e-01 0.000000000000000000e+00 9.746499359607696533e-01 0.000000000000000000e+00
1.024629920721054077e+00 0.000000000000000000e+00 1.024629920721054077e+00 0.000000000000000000e+00
1.074609979987144470e+00 0.000000000000000000e+00 1.074609979987144470e+00 0.000000000000000000e+00
1.124589964747428894e+00 0.000000000000000000e+00 1.124589964747428894e+00 0.000000000000000000e+00
1.174569949507713318e+00 0.000000000000000000e+00 1.174569949507713318e+00 0.000000000000000000e+00
1.224549934267997742e+00 0.000000000000000000e+00 1.224549934267997742e+00 0.000000000000000000e+00
1.274529993534088135e+00 0.000000000000000000e+00 1.274529993534088135e+00 0.000000000000000000e+00
1.324509978294372559e+00 0.000000000000000000e+00 1.324509978294372559e+00 0.000000000000000000e+00
1.374489963054656982e+00 0.000000000000000000e+00 1.374489963054656982e+00 0.000000000000000000e+00
1.424469947814941406e+00 0.000000000000000000e+00 1.424469947814941406e+00 0.000000000000000000e+00
1.474450081586837769e+00 0.000000000000000000e+00 1.474450081586837769e+00 0.000000000000000000e+00
1.524430066347122192e+00 0.000000000000000000e+00 1.524430066347122192e+00 0.000000000000000000e+00
1.574410051107406616e+00 0.000000000000000000e+00 1.574410051107406616e+00 0.000000000000000000e+00
1.624390035867691040e+00 0.000000000000000000e+00 1.624390035867691040e+00 0.000000000000000000e+00
1.674370020627975464e+00 0.000000000000000000e+00 1.674370020627975464e+00 0.000000000000000000e+00
1.724350005388259888e+00 0.000000000000000000e+00 1.724350005388259888e+00 0.000000000000000000e+00
1.774329990148544312e+00 0.000000000000000000e+00 1.774329990148544312e+00 0.000000000000000000e+00
1.824309974908828735e+00 0.000000000000000000e+00 1.824309974908828735e+00 0.000000000000000000e+00
1.874289959669113159e+00 0.000000000000000000e+00 1.874289959669113159e+00 0.000000000000000000e+00
1.924269944429397583e+00 0.000000000000000000e+00 1.924269944429397583e+00 0.000000000000000000e+00
1.974250078201293945e+00 0.000000000000000000e+00 1.974250078201293945e+00 0.000000000000000000e+00
2.024230062961578369e+00 0.000000000000000000e+00 2.024230062961578369e+00 0.000000000000000000e+00
2.074210047721862793e+00 0.000000000000000000e+00 2.074210047721862793e+00 0.000000000000000000e+00
2.124190032482147217e+00 0.000000000000000000e+00 2.124190032482147217e+00 0.000000000000000000e+00
2.174170017242431641e+00 0.000000000000000000e+00 2.174170017242431641e+00 0.000000000000000000e+00
2.224150002002716064e+00 0.000000000000000000e+00 2.224150002002716064e+00 0.000000000000000000e+00
2.274129986763000488e+00 0.000000000000000000e+00 2.274129986763000488e+00 0.000000000000000000e+00
2.324109971523284912e+00 0.000000000000000000e+00 2.324109971523284912e+00 0.000000000000000000e+00
2.374089956283569336e+00 0.000000000000000000e+00 2.374089956283569336e+00 0.000000000000000000e+00
2.424069941043853760e+00 0.000000000000000000e+00 2.424069941043853760e+00 0.000000000000000000e+00
2.474049925804138184e+00 0.000000000000000000e+00 2.474049925804138184e+00 0.000000000000000000e+00
2.524029910564422607e+00 0.000000000000000000e+00 2.524029910564422607e+00 0.000000000000000000e+00
2.574009895324707031e+00 0.000000000000000000e+00 2.574009895324707031e+00 0.000000000000000000e+00
2.623989880084991455e+00 0.000000000000000000e+00 2.623989880084991455e+00 0.000000000000000000e+00
2.673969864845275879e+00 0.000000000000000000e+00 2.673969864845275879e+00 0.000000000000000000e+00
2.723949551582336426e+00 0.000000000000000000e+00 2.723949551582336426e+00 0.000000000000000000e+00
2.773929834365844727e+00 0.000000000000000000e+00 2.773929834365844727e+00 0.000000000000000000e+00
2.823910117149353027e+00 0.000000000000000000e+00 2.823910117149353027e+00 0.000000000000000000e+00
2.873889803886413574e+00 0.000000000000000000e+00 2.873889803886413574e+00 0.000000000000000000e+00
2.923870086669921875e+00 0.000000000000000000e+00 2.923870086669921875e+00 0.000000000000000000e+00
2.973849773406982422e+00 0.000000000000000000e+00 2.973849773406982422e+00 0.000000000000000000e+00
3.023830056190490723e+00 0.000000000000000000e+00 3.023830056190490723e+00 0.000000000000000000e+00
3.073809742927551270e+00 0.000000000000000000e+00 3.073809742927551270e+00 0.000000000000000000e+00
3.123790025711059570e+00 0.000000000000000000e+00 3.123790025711059570e+00 0.000000000000000000e+00
3.173769712448120117e+00 0.000000000000000000e+00 3.173769712448120117e+00 0.000000000000000000e+00
3.223749995231628418e+00 0.000000000000000000e+00 3.223749995231628418e+00 0.000000000000000000e+00
3.273729681968688965e+00 0.000000000000000000e+00 3.273729681968688965e+00 0.000000000000000000e+00
3.323709964752197266e+00 0.000000000000000000e+00 3.323709964752197266e+00 0.000000000000000000e+00
3.373689651489257812e+00 0.000000000000000000e+00 3.373689651489257812e+00 0.000000000000000000e+00
3.423669934272766113e+00 1.618703536223620176e-04 3.423669934272766113e+00 5.847337888553738594e-06
3.473649621009826660e+00 3.931163519155234098e-04 3.473649621009826660e+00 2.046568260993808508e-05
3.523629903793334961e+00 3.820428100880235434e-04 3.523629903793334961e+00 3.508402733132243156e-05
3.573609590530395508e+00 4.085738211870193481e-03 3.573609590530395508e+00 1.958858192665502429e-04
3.623589873313903809e+00 7.225110661238431931e-03 3.623589873313903809e+00 4.882527282461524010e-04
3.673569560050964355e+00 1.975393109023571014e-02 3.673569560050964355e+00 1.309803687036037445e-03
3.723549842834472656e+00 4.276507720351219177e-02 3.723549842834472656e+00 3.137096762657165527e-03
3.773529529571533203e+00 9.027491509914398193e-02 3.773529529571533203e+00 7.098668254911899567e-03
3.823509812355041504e+00 1.632697731256484985e-01 3.823509812355041504e+00 1.445461995899677277e-02
3.873490095138549805e+00 2.555104494094848633e-01 3.873490095138549805e+00 2.626916579902172089e-02
3.923469781875610352e+00 3.793248832225799561e-01 3.923469781875610352e+00 4.426434636116027832e-02
3.973450064659118652e+00 5.481829643249511719e-01 3.973450064659118652e+00 7.093697786331176758e-02
4.023429751396179199e+00 7.140377163887023926e-01 4.023429751396179199e+00 1.065589636564254761e-01
4.073410034179687500e+00 8.967393040657043457e-01 4.073410034179687500e+00 1.524137854576110840e-01
4.123389720916748047e+00 1.071197986602783203e+00 4.123389720916748047e+00 2.085423767566680908e-01
4.173370003700256348e+00 1.228227853775024414e+00 4.173370003700256348e+00 2.744681835174560547e-01
4.223349690437316895e+00 1.366178393363952637e+00 4.223349690437316895e+00 3.495655357837677002e-01
4.273329973220825195e+00 1.481659889221191406e+00 4.273329973220825195e+00 4.329500198364257812e-01
4.323309659957885742e+00 1.579925894737243652e+00 4.323309659957885742e+00 5.239565372467041016e-01
4.373289942741394043e+00 1.649750590324401855e+00 4.373289942741394043e+00 6.211948394775390625e-01
4.423269629478454590e+00 1.706838846206665039e+00 4.423269629478454590e+00 7.241109013557434082e-01
4.473249912261962891e+00 1.750175118446350098e+00 4.473249912261962891e+00 8.320381641387939453e-01
4.523229598999023438e+00 1.780295252799987793e+00 4.523229598999023438e+00 9.442895054817199707e-01
4.573209881782531738e+00 1.796887874603271484e+00 4.573209881782531738e+00 1.060104846954345703e+00
4.623189568519592285e+00 1.809818744659423828e+00 4.623189568519592285e+00 1.179317474365234375e+00
4.673169851303100586e+00 1.821559906005859375e+00 4.673169851303100586e+00 1.301911354064941406e+00
4.723149538040161133e+00 1.821058154106140137e+00 4.723149538040161133e+00 1.427107214927673340e+00
4.773129820823669434e+00 1.802423954010009766e+00 4.773129820823669434e+00 1.553658246994018555e+00
4.823109507560729980e+00 1.795193195343017578e+00 4.823109507560729980e+00 1.682355165481567383e+00
4.873089790344238281e+00 1.804826855659484863e+00 4.873089790344238281e+00 1.814437747001647949e+00
4.923069775104522705e+00 1.859556198120117188e+00 4.923069775104522705e+00 1.953332424163818359e+00
4.973049759864807129e+00 1.941788434982299805e+00 4.973049759864807129e+00 2.101328611373901367e+00
5.023030042648315430e+00 2.042725324630737305e+00 5.023030042648315430e+00 2.260162830352783203e+00
5.073009729385375977e+00 2.100204944610595703e+00 5.073009729385375977e+00 2.426733016967773438e+00
5.122990012168884277e+00 2.145732164382934570e+00 5.122990012168884277e+00 2.600281953811645508e+00
5.172969698905944824e+00 2.029884338378906250e+00 5.172969698905944824e+00 2.767679452896118164e+00
5.222949981689453125e+00 1.819951772689819336e+00 5.222949981689453125e+00 2.920680999755859375e+00
5.272929668426513672e+00 1.551485419273376465e+00 5.272929668426513672e+00 3.053620338439941406e+00
5.322909355163574219e+00 1.287796735763549805e+00 5.322909355163574219e+00 3.166067600250244141e+00
5.372889637947082520e+00 1.114236831665039062e+00 5.372889637947082520e+00 3.265194654464721680e+00
5.422869920730590820e+00 1.004257321357727051e+00 5.422869920730590820e+00 3.356208562850952148e+00
5.472849607467651367e+00 9.480526447296142578e-01 5.472849607467651367e+00 3.443719863891601562e+00
5.522829890251159668e+00 9.173598289489746094e-01 5.522829890251159668e+00 3.529950618743896484e+00
5.572810173034667969e+00 8.931171894073486328e-01 5.572810173034667969e+00 3.615429878234863281e+00
5.622789859771728516e+00 8.782199621200561523e-01 5.622789859771728516e+00 3.700996875762939453e+00
5.672769546508789062e+00 8.707076907157897949e-01 5.672769546508789062e+00 3.787347316741943359e+00
5.722749829292297363e+00 8.568741083145141602e-01 5.722749829292297363e+00 3.873829364776611328e+00
5.772730112075805664e+00 8.517162799835205078e-01 5.772730112075805664e+00 3.961299657821655273e+00
5.822709798812866211e+00 8.577353954315185547e-01 5.822709798812866211e+00 4.050919055938720703e+00
5.872689485549926758e+00 8.681069612503051758e-01 5.872689485549926758e+00 4.143187046051025391e+00
5.922669768333435059e+00 8.582060337066650391e-01 5.922669768333435059e+00 4.235960960388183594e+00
5.972650051116943359e+00 8.720070719718933105e-01 5.972650051116943359e+00 4.331825256347656250e+00
6.022629737854003906e+00 8.673038482666015625e-01 6.022629737854003906e+00 4.428773880004882812e+00
6.072609424591064453e+00 8.591479659080505371e-01 6.072609424591064453e+00 4.526412963867187500e+00
6.122589707374572754e+00 8.725987076759338379e-01 6.122589707374572754e+00 4.627218246459960938e+00
6.172569990158081055e+00 8.663308620452880859e-01 6.172569990158081055e+00 4.728941440582275391e+00
6.222549676895141602e+00 8.604454398155212402e-01 6.222549676895141602e+00 4.831614971160888672e+00
6.272529363632202148e+00 8.550979495048522949e-01 6.272529363632202148e+00 4.935297012329101562e+00
6.322509646415710449e+00 8.443228602409362793e-01 6.322509646415710449e+00 5.039309501647949219e+00
6.372489929199218750e+00 8.271926045417785645e-01 6.372489929199218750e+00 5.142830848693847656e+00
6.422469615936279297e+00 8.067916631698608398e-01 6.422469615936279297e+00 5.245387077331542969e+00
6.472449302673339844e+00 8.033795952796936035e-01 6.472449302673339844e+00 5.349107265472412109e+00
6.522430181503295898e+00 7.862816452980041504e-01 6.522430181503295898e+00 5.452192783355712891e+00
6.572409868240356445e+00 7.721531987190246582e-01 6.572409868240356445e+00 5.554983139038085938e+00
6.622389554977416992e+00 7.513664960861206055e-01 6.622389554977416992e+00 5.656533718109130859e+00
6.672369837760925293e+00 7.406705617904663086e-01 6.672369837760925293e+00 5.758154392242431641e+00
6.722350120544433594e+00 7.343914508819580078e-01 6.722350120544433594e+00 5.860430240631103516e+00
6.772329807281494141e+00 7.214479446411132812e-01 6.772329807281494141e+00 5.962401866912841797e+00
6.822309494018554688e+00 7.163504958152770996e-01 6.822309494018554688e+00 6.065154075622558594e+00
6.872289776802062988e+00 7.097330093383789062e-01 6.872289776802062988e+00 6.168453216552734375e+00
6.922270059585571289e+00 7.093742489814758301e-01 6.922270059585571289e+00 6.273208141326904297e+00
6.972249746322631836e+00 7.173984646797180176e-01 6.972249746322631836e+00 6.380681991577148438e+00
7.022229433059692383e+00 7.073873877525329590e-01 7.022229433059692383e+00 6.488182544708251953e+00
7.072209715843200684e+00 7.188669443130493164e-01 7.072209715843200684e+00 6.598986625671386719e+00
7.122189998626708984e+00 7.209592461585998535e-01 7.122189998626708984e+00 6.711690902709960938e+00
7.172169685363769531e+00 7.352633476257324219e-01 7.172169685363769531e+00 6.828248977661132812e+00
7.222149372100830078e+00 7.367166280746459961e-01 7.222149372100830078e+00 6.946671962738037109e+00
7.272129654884338379e+00 7.506047487258911133e-01 7.272129654884338379e+00 7.069001197814941406e+00
7.322109937667846680e+00 7.641102075576782227e-01 7.322109937667846680e+00 7.195250988006591797e+00
7.372089624404907227e+00 7.845506668090820312e-01 7.372089624404907227e+00 7.326652526855468750e+00
7.422069311141967773e+00 7.943994402885437012e-01 7.422069311141967773e+00 7.461515426635742188e+00
7.472049593925476074e+00 8.027998208999633789e-01 7.472049593925476074e+00 7.599644184112548828e+00
7.522029876708984375e+00 8.147083520889282227e-01 7.522029876708984375e+00 7.741705417633056641e+00
7.572009563446044922e+00 8.290084004402160645e-01 7.572009563446044922e+00 7.888186931610107422e+00
