# distance (\AA)	RDF	distance (\AA)	cdf
1.249899994581937790e-01 0.000000000000000000e+00 1.249899994581937790e-01 0.000000000000000000e+00
1.749699935317039490e-01 0.000000000000000000e+00 1.749699935317039490e-01 0.000000000000000000e+00
2.249499782919883728e-01 0.000000000000000000e+00 2.249499782919883728e-01 0.000000000000000000e+00
2.749300003051757812e-01 0.000000000000000000e+00 2.749300003051757812e-01 0.000000000000000000e+00
3.249099850654602051e-01 0.000000000000000000e+00 3.249099850654602051e-01 0.000000000000000000e+00
3.748899698257446289e-01 0.000000000000000000e+00 3.748899698257446289e-01 0.000000000000000000e+00
4.248699918389320374e-01 0.000000000000000000e+00 4.248699918389320374e-01 0.000000000000000000e+00
4.748500138521194458e-01 0.000000000000000000e+00 4.748500138521194458e-01 0.000000000000000000e+00
5.248299986124038696e-01 0.000000000000000000e+00 5.248299986124038696e-01 0.000000000000000000e+00
5.748099833726882935e-01 0.000000000000000000e+00 5.748099833726882935e-01 0.000000000000000000e+00
6.247899681329727173e-01 0.000000000000000000e+00 6.247899681329727173e-01 0.000000000000000000e+00
6.747699528932571411e-01 0.000000000000000000e+00 6.747699528932571411e-01 0.000000000000000000e+00
7.247499376535415649e-01 0.000000000000000000e+00 7.247499376535415649e-01 0.000000000000000000e+00
7.747299969196319580e-01 0.000000000000000000e+00 7.747299969196319580e-01 0.000000000000000000e+00
8.247099816799163818e-01 0.000000000000000000e+00 8.247099816799163818e-01 0.000000000000000000e+00
8.746899664402008057e-01 0.000000000000000000e+00 8.746899664402008057e-01 0.000000000000000000e+00
9.246699512004852295e-01 0.000000000000000000e+00 9.246699512004852295e-01 0.000000000000000000e+00
9.746499359607696533e-01 0.000000000000000000e+00 9.746499359607696533e-01 0.000000000000000000e+00
1.024629920721054077e+00 0.000000000000000000e+00 1.024629920721054077e+00 0.000000000000000000e+00
1.074609979987144470e+00 0.000000000000000000e+00 1.074609979987144470e+00 0.000000000000000000e+00
1.124589964747428894e+00 0.000000000000000000e+00 1.124589964747428894e+00 0.000000000000000000e+00
1.174569949507713318e+00 0.000000000000000000e+00 1.174569949507713318e+00 0.000000000000000000e+00
1.224549934267997742e+00 0.000000000000000000e+00 1.224549934267997742e+00 0.000000000000000000e+00
1.274529993534088135e+00 0.000000000000000000e+00 1.274529993534088135e+00 0.000000000000000000e+00
1.324509978294372559e+00 0.000000000000000000e+00 1.324509978294372559e+00 0.000000000000000000e+00
1.374489963054656982e+00 0.000000000000000000e+00 1.374489963054656982e+00 0.000000000000000000e+00
1.424469947814941406e+00 0.000000000000000000e+00 1.424469947814941406e+00 0.000000000000000000e+00
1.474450081586837769e+00 0.000000000000000000e+00 1.474450081586837769e+00 0.000000000000000000e+00
1.524430066347122192e+00 0.000000000000000000e+00 1.524430066347122192e+00 0.000000000000000000e+00
1.574410051107406616e+00 0.000000000000000000e+00 1.574410051107406616e+00 0.000000000000000000e+00
1.624390035867691040e+00 0.000000000000000000e+00 1.624390035867691040e+00 0.000000000000000000e+00
1.674370020627975464e+00 0.000000000000000000e+00 1.674370020627975464e+00 0.000000000000000000e+00
1.724350005388259888e+00 0.000000000000000000e+00 1.724350005388259888e+00 0.000000000000000000e+00
1.774329990148544312e+00 0.000000000000000000e+00 1.774329990148544312e+00 0.000000000000000000e+00
1.824309974908828735e+00 7.125992560759186745e-04 1.824309974908828735e+00 1.461834472138434649e-05
1.874289959669113159e+00 1.471726689487695694e-02 1.874289959669113159e+00 3.332982305437326431e-04
1.924269944429397583e+00 1.576889753341674805e-01 1.924269944429397583e+00 3.932334482669830322e-03
1.974250078201293945e+00 5.782920122146606445e-01 1.974250078201293945e+00 1.782560907304286957e-02
2.024230062961578369e+00 1.225781202316284180e+00 2.024230062961578369e+00 4.878433793783187866e-02
2.074210047721862793e+00 1.804000258445739746e+00 2.074210047721862793e+00 9.662432968616485596e-02
2.124190032482147217e+00 2.029901742935180664e+00 2.124190032482147217e+00 1.530803740024566650e-01
2.174170017242431641e+00 1.974378228187561035e+00 2.174170017242431641e+00 2.106064856052398682e-01
2.224150002002716064e+00 1.677135825157165527e+00 2.224150002002716064e+00 2.617443799972534180e-01
2.274129986763000488e+00 1.370256781578063965e+00 2.274129986763000488e+00 3.054240047931671143e-01
2.324109971523284912e+00 1.075824737548828125e+00 2.324109971523284912e+00 3.412418663501739502e-01
2.374089956283569336e+00 8.414834737777709961e-01 2.374089956283569336e+00 3.704756200313568115e-01
2.424069941043853760e+00 6.733057498931884766e-01 2.424069941043853760e+00 3.948619365692138672e-01
2.474049925804138184e+00 5.423808097839355469e-01 2.474049925804138184e+00 4.153246879577636719e-01
2.524029910564422607e+00 4.366796612739562988e-01 2.524029910564422607e+00 4.324719905853271484e-01
2.574009895324707031e+00 3.674111962318420410e-01 2.574009895324707031e+00 4.474762678146362305e-01
2.623989880084991455e+00 3.177959024906158447e-01 2.623989880084991455e+00 4.609631597995758057e-01
2.673969864845275879e+00 2.878485918045043945e-01 2.673969864845275879e+00 4.736489653587341309e-01
2.723949551582336426e+00 2.534095942974090576e-01 2.723949551582336426e+00 4.852384030818939209e-01
2.773929834365844727e+00 2.475025206804275513e-01 2.773929834365844727e+00 4.969769418239593506e-01
2.823910117149353027e+00 2.297199666500091553e-01 2.823910117149353027e+00 5.082681775093078613e-01
2.873889803886413574e+00 2.126682400703430176e-01 2.873889803886413574e+00 5.190945267677307129e-01
2.923870086669921875e+00 2.234925627708435059e-01 2.923870086669921875e+00 5.308710932731628418e-01
2.973849773406982422e+00 2.257511019706726074e-01 2.973849773406982422e+00 5.431768298149108887e-01
3.023830056190490723e+00 2.299707829952239990e-01 3.023830056190490723e+00 5.561374425888061523e-01
3.073809742927551270e+00 2.388695776462554932e-01 3.073809742927551270e+00 5.700482726097106934e-01
3.123790025711059570e+00 2.638559043407440186e-01 3.123790025711059570e+00 5.859179496765136719e-01
3.173769712448120117e+00 2.754830420017242432e-01 3.173769712448120117e+00 6.030213832855224609e-01
3.223749995231628418e+00 2.983648180961608887e-01 3.223749995231628418e+00 6.221334338188171387e-01
3.273729681968688965e+00 3.325205147266387939e-01 3.273729681968688965e+00 6.440989375114440918e-01
3.323709964752197266e+00 3.562167286872863770e-01 3.323709964752197266e+00 6.683536767959594727e-01
3.373689651489257812e+00 3.868751823902130127e-01 3.373689651489257812e+00 6.954941153526306152e-01
3.423669934272766113e+00 4.362810850143432617e-01 3.423669934272766113e+00 7.270141839981079102e-01
3.473649621009826660e+00 4.818820059299468994e-01 3.473649621009826660e+00 7.628525495529174805e-01
3.523629903793334961e+00 5.368083119392395020e-01 3.523629903793334961e+00 8.039330244064331055e-01
3.573609590530395508e+00 5.935834646224975586e-01 3.573609590530395508e+00 8.506561517715454102e-01
3.623589873313903809e+00 6.729468107223510742e-01 3.623589873313903809e+00 9.051182270050048828e-01
3.673569560050964355e+00 7.277671694755554199e-01 3.673569560050964355e+00 9.656528234481811523e-01
3.723549842834472656e+00 8.126391172409057617e-01 3.723549842834472656e+00 1.035098791122436523e+00
3.773529529571533203e+00 8.806633949279785156e-01 3.773529529571533203e+00 1.112391829490661621e+00
3.823509812355041504e+00 9.618704319000244141e-01 3.823509812355041504e+00 1.199064016342163086e+00
3.873490095138549805e+00 1.025962114334106445e+00 3.873490095138549805e+00 1.293942928314208984e+00
3.923469781875610352e+00 1.098778843879699707e+00 3.923469781875610352e+00 1.398195147514343262e+00
3.973450064659118652e+00 1.164415597915649414e+00 3.973450064659118652e+00 1.511507749557495117e+00
4.023429751396179199e+00 1.239368796348571777e+00 4.023429751396179199e+00 1.635167241096496582e+00
4.073410034179687500e+00 1.293422341346740723e+00 4.073410034179687500e+00 1.767445683479309082e+00
4.123389720916748047e+00 1.367621541023254395e+00 4.123389720916748047e+00 1.910766839981079102e+00
4.173370003700256348e+00 1.402393341064453125e+00 4.173370003700256348e+00 2.061315298080444336e+00
4.223349690437316895e+00 1.462155580520629883e+00 4.223349690437316895e+00 2.222061634063720703e+00
4.273329973220825195e+00 1.497141242027282715e+00 4.273329973220825195e+00 2.390573024749755859e+00
4.323309659957885742e+00 1.535107851028442383e+00 4.323309659957885742e+00 2.567422866821289062e+00
4.373289942741394043e+00 1.575767397880554199e+00 4.373289942741394043e+00 2.753178119659423828e+00
4.423269629478454590e+00 1.588091015815734863e+00 4.423269629478454590e+00 2.944690227508544922e+00
4.473249912261962891e+00 1.606662154197692871e+00 4.473249912261962891e+00 3.142844915390014648e+00
4.523229598999023438e+00 1.594146490097045898e+00 4.523229598999023438e+00 3.343873500823974609e+00
4.573209881782531738e+00 1.566068053245544434e+00 4.573209881782531738e+00 3.545749902725219727e+00
4.623189568519592285e+00 1.524508714675903320e+00 4.623189568519592285e+00 3.746588468551635742e+00
4.673169851303100586e+00 1.463038682937622070e+00 4.673169851303100586e+00 3.943518161773681641e+00
4.723149538040161133e+00 1.407953500747680664e+00 4.723149538040161133e+00 4.137108802795410156e+00
4.773129820823669434e+00 1.350933194160461426e+00 4.773129820823669434e+00 4.326810836791992188e+00
4.823109507560729980e+00 1.283274173736572266e+00 4.823109507560729980e+00 4.510806083679199219e+00
4.873089790344238281e+00 1.227827191352844238e+00 4.873089790344238281e+00 4.690518379211425781e+00
4.923069775104522705e+00 1.168647050857543945e+00 4.923069775104522705e+00 4.865096569061279297e+00
4.973049759864807129e+00 1.107475399971008301e+00 4.973049759864807129e+00 5.033912181854248047e+00
5.023030042648315430e+00 1.077688336372375488e+00 5.023030042648315430e+00 5.201505661010742188e+00
5.073009729385375977e+00 1.028021574020385742e+00 5.073009729385375977e+00 5.364573478698730469e+00
5.122990012168884277e+00 9.927083849906921387e-01 5.122990012168884277e+00 5.525156021118164062e+00
5.172969698905944824e+00 9.621176123619079590e-01 5.172969698905944824e+00 5.683841228485107422e+00
5.222949981689453125e+00 9.390494823455810547e-01 5.222949981689453125e+00 5.841731071472167969e+00
5.272929668426513672e+00 9.242035150527954102e-01 5.272929668426513672e+00 6.000112056732177734e+00
5.322909355163574219e+00 9.055192470550537109e-01 5.322909355163574219e+00 6.158247470855712891e+00
5.372889637947082520e+00 8.999176025390625000e-01 5.372889637947082520e+00 6.318367958068847656e+00
5.422869920730590820e+00 9.012185335159301758e-01 5.422869920730590820e+00 6.481719017028808594e+00
5.472849607467651367e+00 8.960921764373779297e-01 5.472849607467651367e+00 6.647149085998535156e+00
5.522829890251159668e+00 9.022747874259948730e-01 5.522829890251159668e+00 6.816774368286132812e+00
5.572810173034667969e+00 9.158291220664978027e-01 5.572810173034667969e+00 6.992080688476562500e+00
5.622789859771728516e+00 9.179944396018981934e-01 5.622789859771728516e+00 7.170965194702148438e+00
5.672769546508789062e+00 9.315850138664245605e-01 5.672769546508789062e+00 7.355741024017333984e+00
5.722749829292297363e+00 9.451831579208374023e-01 5.722749829292297363e+00 7.546530723571777344e+00
5.772730112075805664e+00 9.635826349258422852e-01 5.772730112075805664e+00 7.744448661804199219e+00
5.822709798812866211e+00 9.882159829139709473e-01 5.822709798812866211e+00 7.950953483581542969e+00
5.872689485549926758e+00 1.004378795623779297e+00 5.872689485549926758e+00 8.164457321166992188e+00
5.922669768333435059e+00 1.021154761314392090e+00 5.922669768333435059e+00 8.385234832763671875e+00
5.972650051116943359e+00 1.037597775459289551e+00 5.972650051116943359e+00 8.613371849060058594e+00
6.022629737854003906e+00 1.068776726722717285e+00 6.022629737854003906e+00 8.852312088012695312e+00
6.072609424591064453e+00 1.097692966461181641e+00 6.072609424591064453e+00 9.101809501647949219e+00
6.122589707374572754e+00 1.116809487342834473e+00 6.122589707374572754e+00 9.359844207763671875e+00
6.172569990158081055e+00 1.129606485366821289e+00 6.172569990158081055e+00 9.625117301940917969e+00
6.222549676895141602e+00 1.149919033050537109e+00 6.222549676895141602e+00 9.899547576904296875e+00
6.272529363632202148e+00 1.162639617919921875e+00 6.272529363632202148e+00 1.018149185180664062e+01
6.322509646415710449e+00 1.177224874496459961e+00 6.322509646415710449e+00 1.047153759002685547e+01
6.372489929199218750e+00 1.192243218421936035e+00 6.372489929199218750e+00 1.076995086669921875e+01
6.422469615936279297e+00 1.202850580215454102e+00 6.422469615936279297e+00 1.107575511932373047e+01
6.472449302673339844e+00 1.205193996429443359e+00 6.472449302673339844e+00 1.138694763183593750e+01
6.522430181503295898e+00 1.212816953659057617e+00 6.522430181503295898e+00 1.170496082305908203e+01
6.572409868240356445e+00 1.218604326248168945e+00 6.572409868240356445e+00 1.202940654754638672e+01
6.622389554977416992e+00 1.207304477691650391e+00 6.622389554977416992e+00 1.235575199127197266e+01
6.672369837760925293e+00 1.210467219352722168e+00 6.672369837760925293e+00 1.268790721893310547e+01
6.722350120544433594e+00 1.200969934463500977e+00 6.722350120544433594e+00 1.302241611480712891e+01
6.772329807281494141e+00 1.198296904563903809e+00 6.772329807281494141e+00 1.336115837097167969e+01
6.822309494018554688e+00 1.193316221237182617e+00 6.822309494018554688e+00 1.370349407196044922e+01
6.872289776802062988e+00 1.182844877243041992e+00 6.872289776802062988e+00 1.404781150817871094e+01
6.922270059585571289e+00 1.166299939155578613e+00 6.922270059585571289e+00 1.439227199554443359e+01
6.972249746322631836e+00 1.151428580284118652e+00 6.972249746322631836e+00 1.473726463317871094e+01
7.022229433059692383e+00 1.139257550239562988e+00 7.022229433059692383e+00 1.508352661132812500e+01
7.072209715843200684e+00 1.128034472465515137e+00 7.072209715843200684e+00 1.543127059936523438e+01
7.122189998626708984e+00 1.101768374443054199e+00 7.122189998626708984e+00 1.577574062347412109e+01
7.172169685363769531e+00 1.096440076828002930e+00 7.172169685363769531e+00 1.612336730957031250e+01
7.222149372100830078e+00 1.074991464614868164e+00 7.222149372100830078e+00 1.646896553039550781e+01
7.272129654884338379e+00 1.061271309852600098e+00 7.272129654884338379e+00 1.681488609313964844e+01
7.322109937667846680e+00 1.043285965919494629e+00 7.322109937667846680e+00 1.715963935852050781e+01
7.372089624404907227e+00 1.036609172821044922e+00 7.372089624404907227e+00 1.750687408447265625e+01
7.422069311141967773e+00 1.020218133926391602e+00 7.422069311141967773e+00 1.785327339172363281e+01
7.472049593925476074e+00 1.015585660934448242e+00 7.472049593925476074e+00 1.820275497436523438e+01
7.522029876708984375e+00 1.007084488868713379e+00 7.522029876708984375e+00 1.855396652221679688e+01
7.572009563446044922e+00 9.937859177589416504e-01 7.572009563446044922e+00 1.890516090393066406e+01
