# distance (\AA)	RDF	distance (\AA)	cdf
1.249899994581937790e-01 0.000000000000000000e+00 1.249899994581937790e-01 0.000000000000000000e+00
1.749699935317039490e-01 0.000000000000000000e+00 1.749699935317039490e-01 0.000000000000000000e+00
2.249499782919883728e-01 0.000000000000000000e+00 2.249499782919883728e-01 0.000000000000000000e+00
2.749300003051757812e-01 0.000000000000000000e+00 2.749300003051757812e-01 0.000000000000000000e+00
3.249099850654602051e-01 0.000000000000000000e+00 3.249099850654602051e-01 0.000000000000000000e+00
3.748899698257446289e-01 0.000000000000000000e+00 3.748899698257446289e-01 0.000000000000000000e+00
4.248699918389320374e-01 0.000000000000000000e+00 4.248699918389320374e-01 0.000000000000000000e+00
4.748500138521194458e-01 0.000000000000000000e+00 4.748500138521194458e-01 0.000000000000000000e+00
5.248299986124038696e-01 0.000000000000000000e+00 5.248299986124038696e-01 0.000000000000000000e+00
5.748099833726882935e-01 0.000000000000000000e+00 5.748099833726882935e-01 0.000000000000000000e+00
6.247899681329727173e-01 0.000000000000000000e+00 6.247899681329727173e-01 0.000000000000000000e+00
6.747699528932571411e-01 0.000000000000000000e+00 6.747699528932571411e-01 0.000000000000000000e+00
7.247499376535415649e-01 0.000000000000000000e+00 7.247499376535415649e-01 0.000000000000000000e+00
7.747299969196319580e-01 0.000000000000000000e+00 7.747299969196319580e-01 0.000000000000000000e+00
8.247099816799163818e-01 0.000000000000000000e+00 8.247099816799163818e-01 0.000000000000000000e+00
8.746899664402008057e-01 0.000000000000000000e+00 8.746899664402008057e-01 0.000000000000000000e+00
9.246699512004852295e-01 0.000000000000000000e+00 9.246699512004852295e-01 0.000000000000000000e+00
9.746499359607696533e-01 0.000000000000000000e+00 9.746499359607696533e-01 0.000000000000000000e+00
1.024629920721054077e+00 0.000000000000000000e+00 1.024629920721054077e+00 0.000000000000000000e+00
1.074609979987144470e+00 0.000000000000000000e+00 1.074609979987144470e+00 0.000000000000000000e+00
1.124589964747428894e+00 0.000000000000000000e+00 1.124589964747428894e+00 0.000000000000000000e+00
1.174569949507713318e+00 0.000000000000000000e+00 1.174569949507713318e+00 0.000000000000000000e+00
1.224549934267997742e+00 0.000000000000000000e+00 1.224549934267997742e+00 0.000000000000000000e+00
1.274529993534088135e+00 0.000000000000000000e+00 1.274529993534088135e+00 0.000000000000000000e+00
1.324509978294372559e+00 0.000000000000000000e+00 1.324509978294372559e+00 0.000000000000000000e+00
1.374489963054656982e+00 0.000000000000000000e+00 1.374489963054656982e+00 0.000000000000000000e+00
1.424469947814941406e+00 0.000000000000000000e+00 1.424469947814941406e+00 0.000000000000000000e+00
1.474450081586837769e+00 0.000000000000000000e+00 1.474450081586837769e+00 0.000000000000000000e+00
1.524430066347122192e+00 0.000000000000000000e+00 1.524430066347122192e+00 0.000000000000000000e+00
1.574410051107406616e+00 0.000000000000000000e+00 1.574410051107406616e+00 0.000000000000000000e+00
1.624390035867691040e+00 0.000000000000000000e+00 1.624390035867691040e+00 0.000000000000000000e+00
1.674370020627975464e+00 0.000000000000000000e+00 1.674370020627975464e+00 0.000000000000000000e+00
1.724350005388259888e+00 0.000000000000000000e+00 1.724350005388259888e+00 0.000000000000000000e+00
1.774329990148544312e+00 0.000000000000000000e+00 1.774329990148544312e+00 0.000000000000000000e+00
1.824309974908828735e+00 1.518691703677177429e-02 1.824309974908828735e+00 4.327030037529766560e-04
1.874289959669113159e+00 5.117396712303161621e-01 1.874289959669113159e+00 1.582289673388004303e-02
1.924269944429397583e+00 4.104176521301269531e+00 1.924269944429397583e+00 1.459232419729232788e-01
1.974250078201293945e+00 1.260308647155761719e+01 1.974250078201293945e+00 5.664579272270202637e-01
2.024230062961578369e+00 2.004289627075195312e+01 2.024230062961578369e+00 1.269527196884155273e+00
2.074210047721862793e+00 2.020261764526367188e+01 2.074210047721862793e+00 2.013624191284179688e+00
2.124190032482147217e+00 1.534719371795654297e+01 2.124190032482147217e+00 2.606456518173217773e+00
2.174170017242431641e+00 9.815907478332519531e+00 2.174170017242431641e+00 3.003677845001220703e+00
2.224150002002716064e+00 5.770306110382080078e+00 2.224150002002716064e+00 3.248044013977050781e+00
2.274129986763000488e+00 3.305587768554687500e+00 2.274129986763000488e+00 3.394394159317016602e+00
2.324109971523284912e+00 1.912742853164672852e+00 2.324109971523284912e+00 3.482841014862060547e+00
2.374089956283569336e+00 1.122725367546081543e+00 2.374089956283569336e+00 3.537013769149780273e+00
2.424069941043853760e+00 7.170863151550292969e-01 2.424069941043853760e+00 3.573086023330688477e+00
2.474049925804138184e+00 4.857574701309204102e-01 2.474049925804138184e+00 3.598539590835571289e+00
2.524029910564422607e+00 3.490399718284606934e-01 2.524029910564422607e+00 3.617575645446777344e+00
2.574009895324707031e+00 2.667525410652160645e-01 2.574009895324707031e+00 3.632705688476562500e+00
2.623989880084991455e+00 2.149245589971542358e-01 2.623989880084991455e+00 3.645374059677124023e+00
2.673969864845275879e+00 1.862345486879348755e-01 2.673969864845275879e+00 3.656773328781127930e+00
2.723949551582336426e+00 1.723287552595138550e-01 2.723949551582336426e+00 3.667719602584838867e+00
2.773929834365844727e+00 1.605369895696640015e-01 2.773929834365844727e+00 3.678294420242309570e+00
2.823910117149353027e+00 1.636853069067001343e-01 2.823910117149353027e+00 3.689468622207641602e+00
2.873889803886413574e+00 1.675524860620498657e-01 2.873889803886413574e+00 3.701315402984619141e+00
2.923870086669921875e+00 1.793311536312103271e-01 2.923870086669921875e+00 3.714439868927001953e+00
2.973849773406982422e+00 1.920831352472305298e-01 2.973849773406982422e+00 3.728982210159301758e+00
3.023830056190490723e+00 2.160407900810241699e-01 3.023830056190490723e+00 3.745892763137817383e+00
3.073809742927551270e+00 2.448217421770095825e-01 3.073809742927551270e+00 3.765694856643676758e+00
3.123790025711059570e+00 2.775795459747314453e-01 3.123790025711059570e+00 3.788882493972778320e+00
3.173769712448120117e+00 3.120672106742858887e-01 3.173769712448120117e+00 3.815791845321655273e+00
3.223749995231628418e+00 3.668449819087982178e-01 3.223749995231628418e+00 3.848428726196289062e+00
3.273729681968688965e+00 4.156697094440460205e-01 3.273729681968688965e+00 3.886564970016479492e+00
3.323709964752197266e+00 4.745239913463592529e-01 3.323709964752197266e+00 3.931440353393554688e+00
3.373689651489257812e+00 5.505288243293762207e-01 3.373689651489257812e+00 3.985080957412719727e+00
3.423669934272766113e+00 6.054016351699829102e-01 3.423669934272766113e+00 4.045828819274902344e+00
3.473649621009826660e+00 6.813430190086364746e-01 3.473649621009826660e+00 4.116207599639892578e+00
3.523629903793334961e+00 7.751221060752868652e-01 3.523629903793334961e+00 4.198593616485595703e+00
3.573609590530395508e+00 8.530486822128295898e-01 3.573609590530395508e+00 4.291852951049804688e+00
3.623589873313903809e+00 9.407701492309570312e-01 3.623589873313903809e+00 4.397599220275878906e+00
3.673569560050964355e+00 1.025309205055236816e+00 3.673569560050964355e+00 4.516048908233642578e+00
3.723549842834472656e+00 1.106106162071228027e+00 3.723549842834472656e+00 4.647333145141601562e+00
3.773529529571533203e+00 1.181019783020019531e+00 3.773529529571533203e+00 4.791297435760498047e+00
3.823509812355041504e+00 1.248009204864501953e+00 3.823509812355041504e+00 4.947485923767089844e+00
3.873490095138549805e+00 1.308941960334777832e+00 3.873490095138549805e+00 5.115608692169189453e+00
3.923469781875610352e+00 1.358536601066589355e+00 3.923469781875610352e+00 5.294633865356445312e+00
3.973450064659118652e+00 1.404696822166442871e+00 3.973450064659118652e+00 5.484488010406494141e+00
4.023429751396179199e+00 1.453880310058593750e+00 4.023429751396179199e+00 5.685964107513427734e+00
4.073410034179687500e+00 1.466199755668640137e+00 4.073410034179687500e+00 5.894225597381591797e+00
4.123389720916748047e+00 1.505886554718017578e+00 4.123389720916748047e+00 6.113407135009765625e+00
4.173370003700256348e+00 1.522967696189880371e+00 4.173370003700256348e+00 6.340479850769042969e+00
4.223349690437316895e+00 1.532666683197021484e+00 4.223349690437316895e+00 6.574504852294921875e+00
4.273329973220825195e+00 1.531695842742919922e+00 4.273329973220825195e+00 6.813950538635253906e+00
4.323309659957885742e+00 1.530037403106689453e+00 4.323309659957885742e+00 7.058763980865478516e+00
4.373289942741394043e+00 1.507730960845947266e+00 4.373289942741394043e+00 7.305618286132812500e+00
4.423269629478454590e+00 1.484407305717468262e+00 4.423269629478454590e+00 7.554241180419921875e+00
4.473249912261962891e+00 1.448999881744384766e+00 4.473249912261962891e+00 7.802448749542236328e+00
4.523229598999023438e+00 1.401734232902526855e+00 4.523229598999023438e+00 8.047955513000488281e+00
4.573209881782531738e+00 1.347615718841552734e+00 4.573209881782531738e+00 8.289228439331054688e+00
4.623189568519592285e+00 1.292651414871215820e+00 4.623189568519592285e+00 8.525747299194335938e+00
4.673169851303100586e+00 1.221912503242492676e+00 4.673169851303100586e+00 8.754181861877441406e+00
4.723149538040161133e+00 1.163163781166076660e+00 4.723149538040161133e+00 8.976310729980468750e+00
4.773129820823669434e+00 1.099523305892944336e+00 4.773129820823669434e+00 9.190752983093261719e+00
4.823109507560729980e+00 1.045579910278320312e+00 4.823109507560729980e+00 9.398967742919921875e+00
4.873089790344238281e+00 9.871117472648620605e-01 4.873089790344238281e+00 9.599634170532226562e+00
4.923069775104522705e+00 9.331327080726623535e-01 4.923069775104522705e+00 9.793239593505859375e+00
4.973049759864807129e+00 8.997945785522460938e-01 4.973049759864807129e+00 9.983736991882324219e+00
5.023030042648315430e+00 8.589531779289245605e-01 5.023030042648315430e+00 1.016926097869873047e+01
5.073009729385375977e+00 8.243783712387084961e-01 5.073009729385375977e+00 1.035087966918945312e+01
5.122990012168884277e+00 8.000255823135375977e-01 5.122990012168884277e+00 1.053062057495117188e+01
5.172969698905944824e+00 7.822954654693603516e-01 5.172969698905944824e+00 1.070982360839843750e+01
5.222949981689453125e+00 7.670590877532958984e-01 5.222949981689453125e+00 1.088895130157470703e+01
5.272929668426513672e+00 7.558829188346862793e-01 5.272929668426513672e+00 1.106886196136474609e+01
5.322909355163574219e+00 7.391239404678344727e-01 5.322909355163574219e+00 1.124813556671142578e+01
5.372889637947082520e+00 7.406709790229797363e-01 5.372889637947082520e+00 1.143117141723632812e+01
5.422869920730590820e+00 7.317291498184204102e-01 5.422869920730590820e+00 1.161538028717041016e+01
5.472849607467651367e+00 7.300094366073608398e-01 5.472849607467651367e+00 1.180255985260009766e+01
5.522829890251159668e+00 7.256667017936706543e-01 5.522829890251159668e+00 1.199203681945800781e+01
5.572810173034667969e+00 7.208268642425537109e-01 5.572810173034667969e+00 1.218367481231689453e+01
5.622789859771728516e+00 7.311944961547851562e-01 5.622789859771728516e+00 1.238156890869140625e+01
5.672769546508789062e+00 7.357140183448791504e-01 5.672769546508789062e+00 1.258424377441406250e+01
5.722749829292297363e+00 7.336754798889160156e-01 5.722749829292297363e+00 1.278993225097656250e+01
5.772730112075805664e+00 7.382277846336364746e-01 5.772730112075805664e+00 1.300053024291992188e+01
5.822709798812866211e+00 7.452619075775146484e-01 5.822709798812866211e+00 1.321682929992675781e+01
5.872689485549926758e+00 7.531479597091674805e-01 5.872689485549926758e+00 1.343918895721435547e+01
5.922669768333435059e+00 7.598742246627807617e-01 5.922669768333435059e+00 1.366736698150634766e+01
5.972650051116943359e+00 7.741649150848388672e-01 5.972650051116943359e+00 1.390377807617187500e+01
6.022629737854003906e+00 7.789540290832519531e-01 6.022629737854003906e+00 1.414564704895019531e+01
6.072609424591064453e+00 7.826242446899414062e-01 6.072609424591064453e+00 1.439270877838134766e+01
6.122589707374572754e+00 7.980896234512329102e-01 6.122589707374572754e+00 1.464881324768066406e+01
6.172569990158081055e+00 8.059842586517333984e-01 6.172569990158081055e+00 1.491169452667236328e+01
6.222549676895141602e+00 8.129292130470275879e-01 6.222549676895141602e+00 1.518114852905273438e+01
6.272529363632202148e+00 8.247048854827880859e-01 6.272529363632202148e+00 1.545891761779785156e+01
6.322509646415710449e+00 8.269001245498657227e-01 6.322509646415710449e+00 1.574187946319580078e+01
6.372489929199218750e+00 8.351525068283081055e-01 6.372489929199218750e+00 1.603220558166503906e+01
6.422469615936279297e+00 8.421233296394348145e-01 6.422469615936279297e+00 1.632955932617187500e+01
6.472449302673339844e+00 8.491113781929016113e-01 6.472449302673339844e+00 1.663407135009765625e+01
6.522430181503295898e+00 8.526764512062072754e-01 6.522430181503295898e+00 1.694459915161132812e+01
6.572409868240356445e+00 8.568226695060729980e-01 6.572409868240356445e+00 1.726143646240234375e+01
6.622389554977416992e+00 8.648126125335693359e-01 6.622389554977416992e+00 1.758611297607421875e+01
6.672369837760925293e+00 8.660438060760498047e-01 6.672369837760925293e+00 1.791617393493652344e+01
6.722350120544433594e+00 8.712583780288696289e-01 6.722350120544433594e+00 1.825321960449218750e+01
6.772329807281494141e+00 8.694236278533935547e-01 6.772329807281494141e+00 1.859457206726074219e+01
6.822309494018554688e+00 8.687048554420471191e-01 6.822309494018554688e+00 1.894069862365722656e+01
6.872289776802062988e+00 8.686352372169494629e-01 6.872289776802062988e+00 1.929188346862792969e+01
6.922270059585571289e+00 8.709754347801208496e-01 6.922270059585571289e+00 1.964915847778320312e+01
6.972249746322631836e+00 8.698617219924926758e-01 6.972249746322631836e+00 2.001114463806152344e+01
7.022229433059692383e+00 8.665722012519836426e-01 7.022229433059692383e+00 2.037695503234863281e+01
7.072209715843200684e+00 8.700287938117980957e-01 7.072209715843200684e+00 2.074946594238281250e+01
7.122189998626708984e+00 8.666077852249145508e-01 7.122189998626708984e+00 2.112578010559082031e+01
7.172169685363769531e+00 8.571459054946899414e-01 7.172169685363769531e+00 2.150322341918945312e+01
7.222149372100830078e+00 8.590234518051147461e-01 7.222149372100830078e+00 2.188678741455078125e+01
7.272129654884338379e+00 8.523344397544860840e-01 7.272129654884338379e+00 2.227264404296875000e+01
7.322109937667846680e+00 8.513188362121582031e-01 7.322109937667846680e+00 2.266336250305175781e+01
7.372089624404907227e+00 8.476038575172424316e-01 7.372089624404907227e+00 2.305770111083984375e+01
7.422069311141967773e+00 8.502389192581176758e-01 7.422069311141967773e+00 2.345865249633789062e+01
7.472049593925476074e+00 8.484275937080383301e-01 7.472049593925476074e+00 2.386415100097656250e+01
7.522029876708984375e+00 8.410969972610473633e-01 7.522029876708984375e+00 2.427154731750488281e+01
7.572009563446044922e+00 8.437202572822570801e-01 7.572009563446044922e+00 2.468566131591796875e+01
