# distance (\AA)	RDF	distance (\AA)	cdf
1.249899994581937790e-01 0.000000000000000000e+00 1.249899994581937790e-01 0.000000000000000000e+00
1.749699935317039490e-01 0.000000000000000000e+00 1.749699935317039490e-01 0.000000000000000000e+00
2.249499782919883728e-01 0.000000000000000000e+00 2.249499782919883728e-01 0.000000000000000000e+00
2.749300003051757812e-01 0.000000000000000000e+00 2.749300003051757812e-01 0.000000000000000000e+00
3.249099850654602051e-01 0.000000000000000000e+00 3.249099850654602051e-01 0.000000000000000000e+00
3.748899698257446289e-01 0.000000000000000000e+00 3.748899698257446289e-01 0.000000000000000000e+00
4.248699918389320374e-01 0.000000000000000000e+00 4.248699918389320374e-01 0.000000000000000000e+00
4.748500138521194458e-01 0.000000000000000000e+00 4.748500138521194458e-01 0.000000000000000000e+00
5.248299986124038696e-01 0.000000000000000000e+00 5.248299986124038696e-01 0.000000000000000000e+00
5.748099833726882935e-01 0.000000000000000000e+00 5.748099833726882935e-01 0.000000000000000000e+00
6.247899681329727173e-01 0.000000000000000000e+00 6.247899681329727173e-01 0.000000000000000000e+00
6.747699528932571411e-01 0.000000000000000000e+00 6.747699528932571411e-01 0.000000000000000000e+00
7.247499376535415649e-01 0.000000000000000000e+00 7.247499376535415649e-01 0.000000000000000000e+00
7.747299969196319580e-01 0.000000000000000000e+00 7.747299969196319580e-01 0.000000000000000000e+00
8.247099816799163818e-01 0.000000000000000000e+00 8.247099816799163818e-01 0.000000000000000000e+00
8.746899664402008057e-01 0.000000000000000000e+00 8.746899664402008057e-01 0.000000000000000000e+00
9.246699512004852295e-01 0.000000000000000000e+00 9.246699512004852295e-01 0.000000000000000000e+00
9.746499359607696533e-01 0.000000000000000000e+00 9.746499359607696533e-01 0.000000000000000000e+00
1.024629920721054077e+00 0.000000000000000000e+00 1.024629920721054077e+00 0.000000000000000000e+00
1.074609979987144470e+00 0.000000000000000000e+00 1.074609979987144470e+00 0.000000000000000000e+00
1.124589964747428894e+00 0.000000000000000000e+00 1.124589964747428894e+00 0.000000000000000000e+00
1.174569949507713318e+00 0.000000000000000000e+00 1.174569949507713318e+00 0.000000000000000000e+00
1.224549934267997742e+00 0.000000000000000000e+00 1.224549934267997742e+00 0.000000000000000000e+00
1.274529993534088135e+00 0.000000000000000000e+00 1.274529993534088135e+00 0.000000000000000000e+00
1.324509978294372559e+00 0.000000000000000000e+00 1.324509978294372559e+00 0.000000000000000000e+00
1.374489963054656982e+00 0.000000000000000000e+00 1.374489963054656982e+00 0.000000000000000000e+00
1.424469947814941406e+00 0.000000000000000000e+00 1.424469947814941406e+00 0.000000000000000000e+00
1.474450081586837769e+00 0.000000000000000000e+00 1.474450081586837769e+00 0.000000000000000000e+00
1.524430066347122192e+00 0.000000000000000000e+00 1.524430066347122192e+00 0.000000000000000000e+00
1.574410051107406616e+00 0.000000000000000000e+00 1.574410051107406616e+00 0.000000000000000000e+00
1.624390035867691040e+00 0.000000000000000000e+00 1.624390035867691040e+00 0.000000000000000000e+00
1.674370020627975464e+00 0.000000000000000000e+00 1.674370020627975464e+00 0.000000000000000000e+00
1.724350005388259888e+00 0.000000000000000000e+00 1.724350005388259888e+00 0.000000000000000000e+00
1.774329990148544312e+00 0.000000000000000000e+00 1.774329990148544312e+00 0.000000000000000000e+00
1.824309974908828735e+00 0.000000000000000000e+00 1.824309974908828735e+00 0.000000000000000000e+00
1.874289959669113159e+00 0.000000000000000000e+00 1.874289959669113159e+00 0.000000000000000000e+00
1.924269944429397583e+00 0.000000000000000000e+00 1.924269944429397583e+00 0.000000000000000000e+00
1.974250078201293945e+00 0.000000000000000000e+00 1.974250078201293945e+00 0.000000000000000000e+00
2.024230062961578369e+00 0.000000000000000000e+00 2.024230062961578369e+00 0.000000000000000000e+00
2.074210047721862793e+00 0.000000000000000000e+00 2.074210047721862793e+00 0.000000000000000000e+00
2.124190032482147217e+00 0.000000000000000000e+00 2.124190032482147217e+00 0.000000000000000000e+00
2.174170017242431641e+00 0.000000000000000000e+00 2.174170017242431641e+00 0.000000000000000000e+00
2.224150002002716064e+00 0.000000000000000000e+00 2.224150002002716064e+00 0.000000000000000000e+00
2.274129986763000488e+00 0.000000000000000000e+00 2.274129986763000488e+00 0.000000000000000000e+00
2.324109971523284912e+00 0.000000000000000000e+00 2.324109971523284912e+00 0.000000000000000000e+00
2.374089956283569336e+00 4.362686377135105431e-05 2.374089956283569336e+00 2.105041630784398876e-06
2.424069941043853760e+00 2.217864617705345154e-03 2.424069941043853760e+00 1.136722494265995920e-04
2.474049925804138184e+00 3.416705876588821411e-02 2.474049925804138184e+00 1.904010190628468990e-03
2.524029910564422607e+00 2.318941801786422729e-01 2.524029910564422607e+00 1.455110032111406326e-02
2.574009895324707031e+00 8.053420782089233398e-01 2.574009895324707031e+00 6.022945046424865723e-02
2.623989880084991455e+00 1.755700826644897461e+00 2.623989880084991455e+00 1.637153923511505127e-01
2.673969864845275879e+00 2.691354990005493164e+00 2.673969864845275879e+00 3.284527957439422607e-01
2.723949551582336426e+00 3.262439727783203125e+00 2.723949551582336426e+00 5.356810092926025391e-01
2.773929834365844727e+00 3.382202625274658203e+00 2.773929834365844727e+00 7.584738731384277344e-01
2.823910117149353027e+00 3.218304634094238281e+00 2.823910117149353027e+00 9.781770706176757812e-01
2.873889803886413574e+00 2.973064661026000977e+00 2.873889803886413574e+00 1.188385963439941406e+00
2.923870086669921875e+00 2.713650941848754883e+00 2.923870086669921875e+00 1.386984586715698242e+00
2.973849773406982422e+00 2.554911613464355469e+00 2.973849773406982422e+00 1.580413222312927246e+00
3.023830056190490723e+00 2.468343973159790039e+00 3.023830056190490723e+00 1.773621797561645508e+00
3.073809742927551270e+00 2.403831958770751953e+00 3.073809742927551270e+00 1.968051910400390625e+00
3.123790025711059570e+00 2.365565538406372070e+00 3.123790025711059570e+00 2.165659427642822266e+00
3.173769712448120117e+00 2.321108341217041016e+00 3.173769712448120117e+00 2.365807771682739258e+00
3.223749995231628418e+00 2.268728256225585938e+00 3.223749995231628418e+00 2.567648649215698242e+00
3.273729681968688965e+00 2.198050975799560547e+00 3.273729681968688965e+00 2.769312620162963867e+00
3.323709964752197266e+00 2.108062267303466797e+00 3.323709964752197266e+00 2.968670606613159180e+00
3.373689651489257812e+00 2.009384632110595703e+00 3.373689651489257812e+00 3.164454221725463867e+00
3.423669934272766113e+00 1.906306982040405273e+00 3.423669934272766113e+00 3.355739355087280273e+00
3.473649621009826660e+00 1.794496178627014160e+00 3.473649621009826660e+00 3.541099786758422852e+00
3.523629903793334961e+00 1.686334729194641113e+00 3.523629903793334961e+00 3.720336675643920898e+00
3.573609590530395508e+00 1.578628301620483398e+00 3.573609590530395508e+00 3.892919540405273438e+00
3.623589873313903809e+00 1.476400017738342285e+00 3.623589873313903809e+00 4.058872699737548828e+00
3.673569560050964355e+00 1.383224368095397949e+00 3.673569560050964355e+00 4.218670845031738281e+00
3.723549842834472656e+00 1.295021891593933105e+00 3.723549842834472656e+00 4.372377872467041016e+00
3.773529529571533203e+00 1.220784902572631836e+00 3.773529529571533203e+00 4.521189689636230469e+00
3.823509812355041504e+00 1.147853851318359375e+00 3.823509812355041504e+00 4.664843559265136719e+00
3.873490095138549805e+00 1.091132283210754395e+00 3.873490095138549805e+00 4.804990291595458984e+00
3.923469781875610352e+00 1.044391155242919922e+00 3.923469781875610352e+00 4.942617893218994141e+00
3.973450064659118652e+00 1.000031352043151855e+00 3.973450064659118652e+00 5.077778816223144531e+00
4.023429751396179199e+00 9.670445919036865234e-01 4.023429751396179199e+00 5.211790084838867188e+00
4.073410034179687500e+00 9.447851181030273438e-01 4.073410034179687500e+00 5.345989227294921875e+00
4.123389720916748047e+00 9.231094717979431152e-01 4.123389720916748047e+00 5.480347633361816406e+00
4.173370003700256348e+00 9.081543684005737305e-01 4.173370003700256348e+00 5.615752220153808594e+00
4.223349690437316895e+00 8.986148834228515625e-01 4.223349690437316895e+00 5.752963066101074219e+00
4.273329973220825195e+00 8.952078819274902344e-01 4.273329973220825195e+00 5.892908096313476562e+00
4.323309659957885742e+00 8.858665823936462402e-01 4.323309659957885742e+00 6.034651279449462891e+00
4.373289942741394043e+00 8.854513168334960938e-01 4.373289942741394043e+00 6.179622173309326172e+00
4.423269629478454590e+00 8.834553360939025879e-01 4.423269629478454590e+00 6.327591896057128906e+00
4.473249912261962891e+00 8.775085210800170898e-01 4.473249912261962891e+00 6.477905750274658203e+00
4.523229598999023438e+00 8.823983669281005859e-01 4.523229598999023438e+00 6.632452964782714844e+00
4.573209881782531738e+00 8.805491924285888672e-01 4.573209881782531738e+00 6.790103912353515625e+00
4.623189568519592285e+00 8.802779912948608398e-01 4.623189568519592285e+00 6.951169967651367188e+00
4.673169851303100586e+00 8.841372728347778320e-01 4.673169851303100586e+00 7.116458415985107422e+00
4.723149538040161133e+00 8.815033435821533203e-01 4.723149538040161133e+00 7.284798622131347656e+00
4.773129820823669434e+00 8.894386291503906250e-01 4.773129820823669434e+00 7.458267688751220703e+00
4.823109507560729980e+00 8.853086829185485840e-01 4.823109507560729980e+00 7.634566307067871094e+00
4.873089790344238281e+00 8.958716392517089844e-01 4.873089790344238281e+00 7.816684722900390625e+00
4.923069775104522705e+00 8.958495855331420898e-01 4.923069775104522705e+00 8.002554893493652344e+00
4.973049759864807129e+00 9.008923172950744629e-01 4.973049759864807129e+00 8.193284988403320312e+00
5.023030042648315430e+00 9.070197939872741699e-01 5.023030042648315430e+00 8.389191627502441406e+00
5.073009729385375977e+00 9.131815433502197266e-01 5.073009729385375977e+00 8.590373992919921875e+00
5.122990012168884277e+00 9.235824346542358398e-01 5.122990012168884277e+00 8.797874450683593750e+00
5.172969698905944824e+00 9.359754920005798340e-01 5.172969698905944824e+00 9.012281417846679688e+00
5.222949981689453125e+00 9.395665526390075684e-01 5.222949981689453125e+00 9.231693267822265625e+00
5.272929668426513672e+00 9.511697292327880859e-01 5.272929668426513672e+00 9.458085060119628906e+00
5.322909355163574219e+00 9.608648419380187988e-01 5.322909355163574219e+00 9.691141128540039062e+00
5.372889637947082520e+00 9.691069722175598145e-01 5.372889637947082520e+00 9.930628776550292969e+00
5.422869920730590820e+00 9.765812754631042480e-01 5.422869920730590820e+00 1.017647743225097656e+01
5.472849607467651367e+00 9.830866456031799316e-01 5.472849607467651367e+00 1.042854690551757812e+01
5.522829890251159668e+00 9.957455992698669434e-01 5.522829890251159668e+00 1.068854331970214844e+01
5.572810173034667969e+00 1.000645756721496582e+00 5.572810173034667969e+00 1.095457363128662109e+01
5.622789859771728516e+00 1.004327774047851562e+00 5.622789859771728516e+00 1.122638988494873047e+01
5.672769546508789062e+00 1.004039645195007324e+00 5.672769546508789062e+00 1.150298309326171875e+01
5.722749829292297363e+00 1.008002638816833496e+00 5.722749829292297363e+00 1.178558063507080078e+01
5.772730112075805664e+00 1.004958510398864746e+00 5.772730112075805664e+00 1.207227039337158203e+01
5.822709798812866211e+00 9.996048808097839355e-01 5.822709798812866211e+00 1.236238765716552734e+01
5.872689485549926758e+00 9.886870980262756348e-01 5.872689485549926758e+00 1.265428829193115234e+01
5.922669768333435059e+00 9.813093543052673340e-01 5.922669768333435059e+00 1.294895935058593750e+01
5.972650051116943359e+00 9.648974537849426270e-01 5.972650051116943359e+00 1.324361515045166016e+01
6.022629737854003906e+00 9.555879831314086914e-01 6.022629737854003906e+00 1.354032993316650391e+01
6.072609424591064453e+00 9.412561058998107910e-01 6.072609424591064453e+00 1.383746910095214844e+01
6.122589707374572754e+00 9.288505911827087402e-01 6.122589707374572754e+00 1.413553428649902344e+01
6.172569990158081055e+00 9.113084077835083008e-01 6.172569990158081055e+00 1.443276882171630859e+01
6.222549676895141602e+00 8.979970216751098633e-01 6.222549676895141602e+00 1.473041915893554688e+01
6.272529363632202148e+00 8.862249255180358887e-01 6.272529363632202148e+00 1.502890872955322266e+01
6.322509646415710449e+00 8.745019435882568359e-01 6.322509646415710449e+00 1.532815933227539062e+01
6.372489929199218750e+00 8.652100563049316406e-01 6.372489929199218750e+00 1.562893486022949219e+01
6.422469615936279297e+00 8.562055230140686035e-01 6.422469615936279297e+00 1.593126201629638672e+01
6.472449302673339844e+00 8.487042188644409180e-01 6.472449302673339844e+00 1.623562812805175781e+01
6.522430181503295898e+00 8.412594795227050781e-01 6.522430181503295898e+00 1.654199981689453125e+01
6.572409868240356445e+00 8.372916579246520996e-01 6.572409868240356445e+00 1.685161590576171875e+01
6.622389554977416992e+00 8.350364565849304199e-01 6.622389554977416992e+00 1.716511344909667969e+01
6.672369837760925293e+00 8.288930058479309082e-01 6.672369837760925293e+00 1.748101615905761719e+01
6.722350120544433594e+00 8.282806277275085449e-01 6.722350120544433594e+00 1.780143737792968750e+01
6.772329807281494141e+00 8.305928111076354980e-01 6.772329807281494141e+00 1.812754440307617188e+01
6.822309494018554688e+00 8.355393409729003906e-01 6.822309494018554688e+00 1.846045684814453125e+01
6.872289776802062988e+00 8.346715569496154785e-01 6.872289776802062988e+00 1.879791069030761719e+01
6.922270059585571289e+00 8.359429836273193359e-01 6.922270059585571289e+00 1.914081573486328125e+01
6.972249746322631836e+00 8.398085832595825195e-01 6.972249746322631836e+00 1.949029541015625000e+01
7.022229433059692383e+00 8.395255208015441895e-01 7.022229433059692383e+00 1.984468841552734375e+01
7.072209715843200684e+00 8.464633822441101074e-01 7.072209715843200684e+00 2.020710945129394531e+01
7.122189998626708984e+00 8.511129617691040039e-01 7.122189998626708984e+00 2.057669448852539062e+01
7.172169685363769531e+00 8.571689128875732422e-01 7.172169685363769531e+00 2.095414733886718750e+01
7.222149372100830078e+00 8.619144558906555176e-01 7.222149372100830078e+00 2.133900260925292969e+01
7.272129654884338379e+00 8.665647506713867188e-01 7.272129654884338379e+00 2.173130226135253906e+01
7.322109937667846680e+00 8.752739429473876953e-01 7.322109937667846680e+00 2.213301658630371094e+01
7.372089624404907227e+00 8.846014142036437988e-01 7.372089624404907227e+00 2.254456710815429688e+01
7.422069311141967773e+00 8.886135220527648926e-01 7.422069311141967773e+00 2.296361541748046875e+01
7.472049593925476074e+00 8.947333693504333496e-01 7.472049593925476074e+00 2.339124488830566406e+01
7.522029876708984375e+00 9.040353894233703613e-01 7.522029876708984375e+00 2.382912635803222656e+01
7.572009563446044922e+00 9.101401567459106445e-01 7.572009563446044922e+00 2.427584075927734375e+01
