# distance (\AA)	RDF	distance (\AA)	cdf
1.249899994581937790e-01 0.000000000000000000e+00 1.249899994581937790e-01 0.000000000000000000e+00
1.749699935317039490e-01 0.000000000000000000e+00 1.749699935317039490e-01 0.000000000000000000e+00
2.249499782919883728e-01 0.000000000000000000e+00 2.249499782919883728e-01 0.000000000000000000e+00
2.749300003051757812e-01 0.000000000000000000e+00 2.749300003051757812e-01 0.000000000000000000e+00
3.249099850654602051e-01 0.000000000000000000e+00 3.249099850654602051e-01 0.000000000000000000e+00
3.748899698257446289e-01 0.000000000000000000e+00 3.748899698257446289e-01 0.000000000000000000e+00
4.248699918389320374e-01 0.000000000000000000e+00 4.248699918389320374e-01 0.000000000000000000e+00
4.748500138521194458e-01 0.000000000000000000e+00 4.748500138521194458e-01 0.000000000000000000e+00
5.248299986124038696e-01 0.000000000000000000e+00 5.248299986124038696e-01 0.000000000000000000e+00
5.748099833726882935e-01 0.000000000000000000e+00 5.748099833726882935e-01 0.000000000000000000e+00
6.247899681329727173e-01 0.000000000000000000e+00 6.247899681329727173e-01 0.000000000000000000e+00
6.747699528932571411e-01 0.000000000000000000e+00 6.747699528932571411e-01 0.000000000000000000e+00
7.247499376535415649e-01 0.000000000000000000e+00 7.247499376535415649e-01 0.000000000000000000e+00
7.747299969196319580e-01 0.000000000000000000e+00 7.747299969196319580e-01 0.000000000000000000e+00
8.247099816799163818e-01 0.000000000000000000e+00 8.247099816799163818e-01 0.000000000000000000e+00
8.746899664402008057e-01 0.000000000000000000e+00 8.746899664402008057e-01 0.000000000000000000e+00
9.246699512004852295e-01 0.000000000000000000e+00 9.246699512004852295e-01 0.000000000000000000e+00
9.746499359607696533e-01 0.000000000000000000e+00 9.746499359607696533e-01 0.000000000000000000e+00
1.024629920721054077e+00 0.000000000000000000e+00 1.024629920721054077e+00 0.000000000000000000e+00
1.074609979987144470e+00 0.000000000000000000e+00 1.074609979987144470e+00 0.000000000000000000e+00
1.124589964747428894e+00 0.000000000000000000e+00 1.124589964747428894e+00 0.000000000000000000e+00
1.174569949507713318e+00 0.000000000000000000e+00 1.174569949507713318e+00 0.000000000000000000e+00
1.224549934267997742e+00 0.000000000000000000e+00 1.224549934267997742e+00 0.000000000000000000e+00
1.274529993534088135e+00 0.000000000000000000e+00 1.274529993534088135e+00 0.000000000000000000e+00
1.324509978294372559e+00 0.000000000000000000e+00 1.324509978294372559e+00 0.000000000000000000e+00
1.374489963054656982e+00 0.000000000000000000e+00 1.374489963054656982e+00 0.000000000000000000e+00
1.424469947814941406e+00 0.000000000000000000e+00 1.424469947814941406e+00 0.000000000000000000e+00
1.474450081586837769e+00 0.000000000000000000e+00 1.474450081586837769e+00 0.000000000000000000e+00
1.524430066347122192e+00 0.000000000000000000e+00 1.524430066347122192e+00 0.000000000000000000e+00
1.574410051107406616e+00 0.000000000000000000e+00 1.574410051107406616e+00 0.000000000000000000e+00
1.624390035867691040e+00 0.000000000000000000e+00 1.624390035867691040e+00 0.000000000000000000e+00
1.674370020627975464e+00 0.000000000000000000e+00 1.674370020627975464e+00 0.000000000000000000e+00
1.724350005388259888e+00 0.000000000000000000e+00 1.724350005388259888e+00 0.000000000000000000e+00
1.774329990148544312e+00 0.000000000000000000e+00 1.774329990148544312e+00 0.000000000000000000e+00
1.824309974908828735e+00 0.000000000000000000e+00 1.824309974908828735e+00 0.000000000000000000e+00
1.874289959669113159e+00 0.000000000000000000e+00 1.874289959669113159e+00 0.000000000000000000e+00
1.924269944429397583e+00 0.000000000000000000e+00 1.924269944429397583e+00 0.000000000000000000e+00
1.974250078201293945e+00 0.000000000000000000e+00 1.974250078201293945e+00 0.000000000000000000e+00
2.024230062961578369e+00 0.000000000000000000e+00 2.024230062961578369e+00 0.000000000000000000e+00
2.074210047721862793e+00 0.000000000000000000e+00 2.074210047721862793e+00 0.000000000000000000e+00
2.124190032482147217e+00 0.000000000000000000e+00 2.124190032482147217e+00 0.000000000000000000e+00
2.174170017242431641e+00 0.000000000000000000e+00 2.174170017242431641e+00 0.000000000000000000e+00
2.224150002002716064e+00 0.000000000000000000e+00 2.224150002002716064e+00 0.000000000000000000e+00
2.274129986763000488e+00 0.000000000000000000e+00 2.274129986763000488e+00 0.000000000000000000e+00
2.324109971523284912e+00 0.000000000000000000e+00 2.324109971523284912e+00 0.000000000000000000e+00
2.374089956283569336e+00 0.000000000000000000e+00 2.374089956283569336e+00 0.000000000000000000e+00
2.424069941043853760e+00 0.000000000000000000e+00 2.424069941043853760e+00 0.000000000000000000e+00
2.474049925804138184e+00 0.000000000000000000e+00 2.474049925804138184e+00 0.000000000000000000e+00
2.524029910564422607e+00 0.000000000000000000e+00 2.524029910564422607e+00 0.000000000000000000e+00
2.574009895324707031e+00 0.000000000000000000e+00 2.574009895324707031e+00 0.000000000000000000e+00
2.623989880084991455e+00 0.000000000000000000e+00 2.623989880084991455e+00 0.000000000000000000e+00
2.673969864845275879e+00 0.000000000000000000e+00 2.673969864845275879e+00 0.000000000000000000e+00
2.723949551582336426e+00 4.602798071573488414e-05 2.723949551582336426e+00 2.923668944276869297e-06
2.773929834365844727e+00 2.219200832769274712e-04 2.773929834365844727e+00 1.754201366566121578e-05
2.823910117149353027e+00 5.139256245456635952e-04 2.823910117149353027e+00 5.262604099698364735e-05
2.873889803886413574e+00 1.157815800979733467e-03 2.873889803886413574e+00 1.344887714367359877e-04
2.923870086669921875e+00 2.756482455879449844e-03 2.923870086669921875e+00 3.362219431437551975e-04
2.973849773406982422e+00 6.371877156198024750e-03 2.973849773406982422e+00 8.186273043975234032e-04
3.023830056190490723e+00 1.307300757616758347e-02 3.023830056190490723e+00 1.841911463998258114e-03
3.073809742927551270e+00 2.396527677774429321e-02 3.073809742927551270e+00 3.780303988605737686e-03
3.123790025711059570e+00 3.426432609558105469e-02 3.123790025711059570e+00 6.642575841397047043e-03
3.173769712448120117e+00 5.574081838130950928e-02 3.173769712448120117e+00 1.144908741116523743e-02
3.223749995231628418e+00 7.850870490074157715e-02 3.223749995231628418e+00 1.843373291194438934e-02
3.273729681968688965e+00 1.097809001803398132e-01 3.273729681968688965e+00 2.850577235221862793e-02
3.323709964752197266e+00 1.439122557640075684e-01 3.323709964752197266e+00 4.211544990539550781e-02
3.373689651489257812e+00 1.866703033447265625e-01 3.373689651489257812e+00 6.030359491705894470e-02
3.423669934272766113e+00 2.265958487987518311e-01 3.423669934272766113e+00 8.304096758365631104e-02
3.473649621009826660e+00 2.787698209285736084e-01 3.473649621009826660e+00 1.118361800909042358e-01
3.523629903793334961e+00 3.309927284717559814e-01 3.523629903793334961e+00 1.470166891813278198e-01
3.573609590530395508e+00 3.890841305255889893e-01 3.573609590530395508e+00 1.895531415939331055e-01
3.623589873313903809e+00 4.462344348430633545e-01 3.623589873313903809e+00 2.397116124629974365e-01
3.673569560050964355e+00 5.099213719367980957e-01 3.673569560050964355e+00 2.986206114292144775e-01
3.723549842834472656e+00 5.732272267341613770e-01 3.723549842834472656e+00 3.666573166847229004e-01
3.773529529571533203e+00 6.393783092498779297e-01 3.773529529571533203e+00 4.445964694023132324e-01
3.823509812355041504e+00 7.030593752861022949e-01 3.823509812355041504e+00 5.325843095779418945e-01
3.873490095138549805e+00 7.781403660774230957e-01 3.873490095138549805e+00 6.325299143791198730e-01
3.923469781875610352e+00 8.258867859840393066e-01 3.923469781875610352e+00 7.413634657859802246e-01
3.973450064659118652e+00 8.941890001296997070e-01 3.973450064659118652e+00 8.622191548347473145e-01
4.023429751396179199e+00 9.446043968200683594e-01 4.023429751396179199e+00 9.931205511093139648e-01
4.073410034179687500e+00 1.007812976837158203e+00 4.073410034179687500e+00 1.136272192001342773e+00
4.123389720916748047e+00 1.049488544464111328e+00 4.123389720916748047e+00 1.289025068283081055e+00
4.173370003700256348e+00 1.076903462409973145e+00 4.173370003700256348e+00 1.449590086936950684e+00
4.223349690437316895e+00 1.106499314308166504e+00 4.223349690437316895e+00 1.618543028831481934e+00
4.273329973220825195e+00 1.133001089096069336e+00 4.273329973220825195e+00 1.795661807060241699e+00
4.323309659957885742e+00 1.140050053596496582e+00 4.323309659957885742e+00 1.978075385093688965e+00
4.373289942741394043e+00 1.158266901969909668e+00 4.373289942741394043e+00 2.167713403701782227e+00
4.423269629478454590e+00 1.162958621978759766e+00 4.423269629478454590e+00 2.362497091293334961e+00
4.473249912261962891e+00 1.171867847442626953e+00 4.473249912261962891e+00 2.563233375549316406e+00
4.523229598999023438e+00 1.177031397819519043e+00 4.523229598999023438e+00 2.769384145736694336e+00
4.573209881782531738e+00 1.201347947120666504e+00 4.573209881782531738e+00 2.984469652175903320e+00
4.623189568519592285e+00 1.213604450225830078e+00 4.623189568519592285e+00 3.206525325775146484e+00
4.673169851303100586e+00 1.231061220169067383e+00 4.673169851303100586e+00 3.436670780181884766e+00
4.723149538040161133e+00 1.254455089569091797e+00 4.723149538040161133e+00 3.676233291625976562e+00
4.773129820823669434e+00 1.287011981010437012e+00 4.773129820823669434e+00 3.927242040634155273e+00
4.823109507560729980e+00 1.317982554435729980e+00 4.823109507560729980e+00 4.189702510833740234e+00
4.873089790344238281e+00 1.345699310302734375e+00 4.873089790344238281e+00 4.463264465332031250e+00
4.923069775104522705e+00 1.383916735649108887e+00 4.923069775104522705e+00 4.750398159027099609e+00
4.973049759864807129e+00 1.409328818321228027e+00 4.973049759864807129e+00 5.048770427703857422e+00
5.023030042648315430e+00 1.438397288322448730e+00 5.023030042648315430e+00 5.359448432922363281e+00
5.073009729385375977e+00 1.454605817794799805e+00 5.073009729385375977e+00 5.679911613464355469e+00
5.122990012168884277e+00 1.477609992027282715e+00 5.122990012168884277e+00 6.011885643005371094e+00
5.172969698905944824e+00 1.490808010101318359e+00 5.172969698905944824e+00 6.353390693664550781e+00
5.222949981689453125e+00 1.487557172775268555e+00 5.222949981689453125e+00 6.700772285461425781e+00
5.272929668426513672e+00 1.488476276397705078e+00 5.272929668426513672e+00 7.055050849914550781e+00
5.322909355163574219e+00 1.475511550903320312e+00 5.322909355163574219e+00 7.412934303283691406e+00
5.372889637947082520e+00 1.466506004333496094e+00 5.372889637947082520e+00 7.775340557098388672e+00
5.422869920730590820e+00 1.444040179252624512e+00 5.422869920730590820e+00 8.138869285583496094e+00
5.472849607467651367e+00 1.424648404121398926e+00 5.472849607467651367e+00 8.504158020019531250e+00
5.522829890251159668e+00 1.408515334129333496e+00 5.522829890251159668e+00 8.871932029724121094e+00
5.572810173034667969e+00 1.377958536148071289e+00 5.572810173034667969e+00 9.238273620605468750e+00
5.622789859771728516e+00 1.346347689628601074e+00 5.622789859771728516e+00 9.602656364440917969e+00
5.672769546508789062e+00 1.315300226211547852e+00 5.672769546508789062e+00 9.964995384216308594e+00
5.722749829292297363e+00 1.287136197090148926e+00 5.722749829292297363e+00 1.032584953308105469e+01
5.772730112075805664e+00 1.249448895454406738e+00 5.772730112075805664e+00 1.068228530883789062e+01
5.822709798812866211e+00 1.233164668083190918e+00 5.822709798812866211e+00 1.104018878936767578e+01
5.872689485549926758e+00 1.207472681999206543e+00 5.872689485549926758e+00 1.139668369293212891e+01
5.922669768333435059e+00 1.185840010643005371e+00 5.922669768333435059e+00 1.175277233123779297e+01
5.972650051116943359e+00 1.163942456245422363e+00 5.972650051116943359e+00 1.210821151733398438e+01
6.022629737854003906e+00 1.150606751441955566e+00 6.022629737854003906e+00 1.246548080444335938e+01
6.072609424591064453e+00 1.138863563537597656e+00 6.072609424591064453e+00 1.282500171661376953e+01
6.122589707374572754e+00 1.121682405471801758e+00 6.122589707374572754e+00 1.318494606018066406e+01
6.172569990158081055e+00 1.106031060218811035e+00 6.172569990158081055e+00 1.354569149017333984e+01
6.222549676895141602e+00 1.099562048912048340e+00 6.222549676895141602e+00 1.391015338897705078e+01
6.272529363632202148e+00 1.094936370849609375e+00 6.272529363632202148e+00 1.427893924713134766e+01
6.322509646415710449e+00 1.087188720703125000e+00 6.322509646415710449e+00 1.465097045898437500e+01
6.372489929199218750e+00 1.075096368789672852e+00 6.372489929199218750e+00 1.502470874786376953e+01
6.422469615936279297e+00 1.070311188697814941e+00 6.422469615936279297e+00 1.540263652801513672e+01
6.472449302673339844e+00 1.063675999641418457e+00 6.472449302673339844e+00 1.578409671783447266e+01
6.522430181503295898e+00 1.060097455978393555e+00 6.522430181503295898e+00 1.617016410827636719e+01
6.572409868240356445e+00 1.056769013404846191e+00 6.572409868240356445e+00 1.656093788146972656e+01
6.622389554977416992e+00 1.051970243453979492e+00 6.622389554977416992e+00 1.695587921142578125e+01
6.672369837760925293e+00 1.042700052261352539e+00 6.672369837760925293e+00 1.735326766967773438e+01
6.722350120544433594e+00 1.040828943252563477e+00 6.722350120544433594e+00 1.775591278076171875e+01
6.772329807281494141e+00 1.047612428665161133e+00 6.772329807281494141e+00 1.816722679138183594e+01
6.822309494018554688e+00 1.036519765853881836e+00 6.822309494018554688e+00 1.858021926879882812e+01
6.872289776802062988e+00 1.039949774742126465e+00 6.872289776802062988e+00 1.900066566467285156e+01
6.922270059585571289e+00 1.035269141197204590e+00 6.922270059585571289e+00 1.942533493041992188e+01
6.972249746322631836e+00 1.036903977394104004e+00 6.972249746322631836e+00 1.985683250427246094e+01
7.022229433059692383e+00 1.035973429679870605e+00 7.022229433059692383e+00 2.029415130615234375e+01
7.072209715843200684e+00 1.034826993942260742e+00 7.072209715843200684e+00 2.073722076416015625e+01
7.122189998626708984e+00 1.033273220062255859e+00 7.122189998626708984e+00 2.118590736389160156e+01
7.172169685363769531e+00 1.028669357299804688e+00 7.172169685363769531e+00 2.163887977600097656e+01
7.222149372100830078e+00 1.032723069190979004e+00 7.222149372100830078e+00 2.210000419616699219e+01
7.272129654884338379e+00 1.032867193222045898e+00 7.272129654884338379e+00 2.256758880615234375e+01
7.322109937667846680e+00 1.025799751281738281e+00 7.322109937667846680e+00 2.303838729858398438e+01
7.372089624404907227e+00 1.024134039878845215e+00 7.372089624404907227e+00 2.351485443115234375e+01
7.422069311141967773e+00 1.026263356208801270e+00 7.422069311141967773e+00 2.399881553649902344e+01
7.472049593925476074e+00 1.018357753753662109e+00 7.472049593925476074e+00 2.448553085327148438e+01
7.522029876708984375e+00 1.020243048667907715e+00 7.522029876708984375e+00 2.497969818115234375e+01
7.572009563446044922e+00 1.017554879188537598e+00 7.572009563446044922e+00 2.547913360595703125e+01
