# distance (\AA)	RDF	distance (\AA)	cdf
1.249899994581937790e-01 0.000000000000000000e+00 1.249899994581937790e-01 0.000000000000000000e+00
1.749699935317039490e-01 0.000000000000000000e+00 1.749699935317039490e-01 0.000000000000000000e+00
2.249499782919883728e-01 0.000000000000000000e+00 2.249499782919883728e-01 0.000000000000000000e+00
2.749300003051757812e-01 0.000000000000000000e+00 2.749300003051757812e-01 0.000000000000000000e+00
3.249099850654602051e-01 0.000000000000000000e+00 3.249099850654602051e-01 0.000000000000000000e+00
3.748899698257446289e-01 0.000000000000000000e+00 3.748899698257446289e-01 0.000000000000000000e+00
4.248699918389320374e-01 0.000000000000000000e+00 4.248699918389320374e-01 0.000000000000000000e+00
4.748500138521194458e-01 0.000000000000000000e+00 4.748500138521194458e-01 0.000000000000000000e+00
5.248299986124038696e-01 0.000000000000000000e+00 5.248299986124038696e-01 0.000000000000000000e+00
5.748099833726882935e-01 0.000000000000000000e+00 5.748099833726882935e-01 0.000000000000000000e+00
6.247899681329727173e-01 0.000000000000000000e+00 6.247899681329727173e-01 0.000000000000000000e+00
6.747699528932571411e-01 0.000000000000000000e+00 6.747699528932571411e-01 0.000000000000000000e+00
7.247499376535415649e-01 0.000000000000000000e+00 7.247499376535415649e-01 0.000000000000000000e+00
7.747299969196319580e-01 0.000000000000000000e+00 7.747299969196319580e-01 0.000000000000000000e+00
8.247099816799163818e-01 0.000000000000000000e+00 8.247099816799163818e-01 0.000000000000000000e+00
8.746899664402008057e-01 0.000000000000000000e+00 8.746899664402008057e-01 0.000000000000000000e+00
9.246699512004852295e-01 0.000000000000000000e+00 9.246699512004852295e-01 0.000000000000000000e+00
9.746499359607696533e-01 0.000000000000000000e+00 9.746499359607696533e-01 0.000000000000000000e+00
1.024629920721054077e+00 0.000000000000000000e+00 1.024629920721054077e+00 0.000000000000000000e+00
1.074609979987144470e+00 0.000000000000000000e+00 1.074609979987144470e+00 0.000000000000000000e+00
1.124589964747428894e+00 0.000000000000000000e+00 1.124589964747428894e+00 0.000000000000000000e+00
1.174569949507713318e+00 0.000000000000000000e+00 1.174569949507713318e+00 0.000000000000000000e+00
1.224549934267997742e+00 0.000000000000000000e+00 1.224549934267997742e+00 0.000000000000000000e+00
1.274529993534088135e+00 0.000000000000000000e+00 1.274529993534088135e+00 0.000000000000000000e+00
1.324509978294372559e+00 0.000000000000000000e+00 1.324509978294372559e+00 0.000000000000000000e+00
1.374489963054656982e+00 0.000000000000000000e+00 1.374489963054656982e+00 0.000000000000000000e+00
1.424469947814941406e+00 0.000000000000000000e+00 1.424469947814941406e+00 0.000000000000000000e+00
1.474450081586837769e+00 0.000000000000000000e+00 1.474450081586837769e+00 0.000000000000000000e+00
1.524430066347122192e+00 0.000000000000000000e+00 1.524430066347122192e+00 0.000000000000000000e+00
1.574410051107406616e+00 0.000000000000000000e+00 1.574410051107406616e+00 0.000000000000000000e+00
1.624390035867691040e+00 0.000000000000000000e+00 1.624390035867691040e+00 0.000000000000000000e+00
1.674370020627975464e+00 0.000000000000000000e+00 1.674370020627975464e+00 0.000000000000000000e+00
1.724350005388259888e+00 0.000000000000000000e+00 1.724350005388259888e+00 0.000000000000000000e+00
1.774329990148544312e+00 0.000000000000000000e+00 1.774329990148544312e+00 0.000000000000000000e+00
1.824309974908828735e+00 0.000000000000000000e+00 1.824309974908828735e+00 0.000000000000000000e+00
1.874289959669113159e+00 0.000000000000000000e+00 1.874289959669113159e+00 0.000000000000000000e+00
1.924269944429397583e+00 0.000000000000000000e+00 1.924269944429397583e+00 0.000000000000000000e+00
1.974250078201293945e+00 0.000000000000000000e+00 1.974250078201293945e+00 0.000000000000000000e+00
2.024230062961578369e+00 0.000000000000000000e+00 2.024230062961578369e+00 0.000000000000000000e+00
2.074210047721862793e+00 0.000000000000000000e+00 2.074210047721862793e+00 0.000000000000000000e+00
2.124190032482147217e+00 0.000000000000000000e+00 2.124190032482147217e+00 0.000000000000000000e+00
2.174170017242431641e+00 0.000000000000000000e+00 2.174170017242431641e+00 0.000000000000000000e+00
2.224150002002716064e+00 0.000000000000000000e+00 2.224150002002716064e+00 0.000000000000000000e+00
2.274129986763000488e+00 0.000000000000000000e+00 2.274129986763000488e+00 0.000000000000000000e+00
2.324109971523284912e+00 0.000000000000000000e+00 2.324109971523284912e+00 0.000000000000000000e+00
2.374089956283569336e+00 0.000000000000000000e+00 2.374089956283569336e+00 0.000000000000000000e+00
2.424069941043853760e+00 0.000000000000000000e+00 2.424069941043853760e+00 0.000000000000000000e+00
2.474049925804138184e+00 0.000000000000000000e+00 2.474049925804138184e+00 0.000000000000000000e+00
2.524029910564422607e+00 0.000000000000000000e+00 2.524029910564422607e+00 0.000000000000000000e+00
2.574009895324707031e+00 0.000000000000000000e+00 2.574009895324707031e+00 0.000000000000000000e+00
2.623989880084991455e+00 0.000000000000000000e+00 2.623989880084991455e+00 0.000000000000000000e+00
2.673969864845275879e+00 0.000000000000000000e+00 2.673969864845275879e+00 0.000000000000000000e+00
2.723949551582336426e+00 0.000000000000000000e+00 2.723949551582336426e+00 0.000000000000000000e+00
2.773929834365844727e+00 0.000000000000000000e+00 2.773929834365844727e+00 0.000000000000000000e+00
2.823910117149353027e+00 0.000000000000000000e+00 2.823910117149353027e+00 0.000000000000000000e+00
2.873889803886413574e+00 0.000000000000000000e+00 2.873889803886413574e+00 0.000000000000000000e+00
2.923870086669921875e+00 0.000000000000000000e+00 2.923870086669921875e+00 0.000000000000000000e+00
2.973849773406982422e+00 0.000000000000000000e+00 2.973849773406982422e+00 0.000000000000000000e+00
3.023830056190490723e+00 0.000000000000000000e+00 3.023830056190490723e+00 0.000000000000000000e+00
3.073809742927551270e+00 0.000000000000000000e+00 3.073809742927551270e+00 0.000000000000000000e+00
3.123790025711059570e+00 0.000000000000000000e+00 3.123790025711059570e+00 0.000000000000000000e+00
3.173769712448120117e+00 0.000000000000000000e+00 3.173769712448120117e+00 0.000000000000000000e+00
3.223749995231628418e+00 0.000000000000000000e+00 3.223749995231628418e+00 0.000000000000000000e+00
3.273729681968688965e+00 0.000000000000000000e+00 3.273729681968688965e+00 0.000000000000000000e+00
3.323709964752197266e+00 0.000000000000000000e+00 3.323709964752197266e+00 0.000000000000000000e+00
3.373689651489257812e+00 0.000000000000000000e+00 3.373689651489257812e+00 0.000000000000000000e+00
3.423669934272766113e+00 0.000000000000000000e+00 3.423669934272766113e+00 0.000000000000000000e+00
3.473649621009826660e+00 0.000000000000000000e+00 3.473649621009826660e+00 0.000000000000000000e+00
3.523629903793334961e+00 0.000000000000000000e+00 3.523629903793334961e+00 0.000000000000000000e+00
3.573609590530395508e+00 0.000000000000000000e+00 3.573609590530395508e+00 0.000000000000000000e+00
3.623589873313903809e+00 0.000000000000000000e+00 3.623589873313903809e+00 0.000000000000000000e+00
3.673569560050964355e+00 0.000000000000000000e+00 3.673569560050964355e+00 0.000000000000000000e+00
3.723549842834472656e+00 0.000000000000000000e+00 3.723549842834472656e+00 0.000000000000000000e+00
3.773529529571533203e+00 0.000000000000000000e+00 3.773529529571533203e+00 0.000000000000000000e+00
3.823509812355041504e+00 0.000000000000000000e+00 3.823509812355041504e+00 0.000000000000000000e+00
3.873490095138549805e+00 2.529180492274463177e-04 3.873490095138549805e+00 5.847337888553738594e-06
3.923469781875610352e+00 2.465149445924907923e-04 3.923469781875610352e+00 1.169467577710747719e-05
3.973450064659118652e+00 4.807040968444198370e-04 3.973450064659118652e+00 2.338935155421495438e-05
4.023429751396179199e+00 2.344181557418778539e-04 4.023429751396179199e+00 2.923668944276869297e-05
4.073410034179687500e+00 4.574033664539456367e-04 4.073410034179687500e+00 4.093136521987617016e-05
4.123389720916748047e+00 8.927580201998353004e-04 4.123389720916748047e+00 6.432071677409112453e-05
4.173370003700256348e+00 2.832402475178241730e-03 4.173370003700256348e+00 1.403361093252897263e-04
4.223349690437316895e+00 3.616761416196823120e-03 4.223349690437316895e+00 2.397408534307032824e-04
4.273329973220825195e+00 4.987266846001148224e-03 4.273329973220825195e+00 3.800769627559930086e-04
4.323309659957885742e+00 7.511975709348917007e-03 4.323309659957885742e+00 5.964284646324813366e-04
4.373289942741394043e+00 9.722214192152023315e-03 4.373289942741394043e+00 8.829480502754449844e-04
4.423269629478454590e+00 1.260697562247514725e-02 4.423269629478454590e+00 1.263024983927607536e-03
4.473249912261962891e+00 1.915402151644229889e-02 4.473249912261962891e+00 1.853606081567704678e-03
4.523229598999023438e+00 2.466836199164390564e-02 4.523229598999023438e+00 2.631301991641521454e-03
4.573209881782531738e+00 3.030119091272354126e-02 4.573209881782531738e+00 3.607807448133826256e-03
4.623189568519592285e+00 3.426560387015342712e-02 4.623189568519592285e+00 4.736343398690223694e-03
4.673169851303100586e+00 4.570027440786361694e-02 4.673169851303100586e+00 6.274193525314331055e-03
4.723149538040161133e+00 5.851677060127258301e-02 4.723149538040161133e+00 8.285677991807460785e-03
4.773129820823669434e+00 7.212194800376892090e-02 4.773129820823669434e+00 1.081757526844739914e-02
4.823109507560729980e+00 8.564270287752151489e-02 4.823109507560729980e+00 1.388742774724960327e-02
4.873089790344238281e+00 1.030713319778442383e-01 4.873089790344238281e+00 1.765896007418632507e-02
4.923069775104522705e+00 1.225951984524726868e-01 4.923069775104522705e+00 2.223742567002773285e-02
4.973049759864807129e+00 1.604986637830734253e-01 4.973049759864807129e+00 2.835374139249324799e-02
5.023030042648315430e+00 1.797306537628173828e-01 5.023030042648315430e+00 3.534131124615669250e-02
5.073009729385375977e+00 2.223586142063140869e-01 5.073009729385375977e+00 4.415909573435783386e-02
5.122990012168884277e+00 2.530344426631927490e-01 5.122990012168884277e+00 5.439193546772003174e-02
5.172969698905944824e+00 3.014904558658599854e-01 5.172969698905944824e+00 6.682337820529937744e-02
5.222949981689453125e+00 3.410931825637817383e-01 5.222949981689453125e+00 8.116105198860168457e-02
5.272929668426513672e+00 4.018098115921020508e-01 5.272929668426513672e+00 9.837561845779418945e-02
5.322909355163574219e+00 4.356831610202789307e-01 5.322909355163574219e+00 1.173970103263854980e-01
5.372889637947082520e+00 4.970275461673736572e-01 5.372889637947082520e+00 1.395057886838912964e-01
5.422869920730590820e+00 5.506156682968139648e-01 5.422869920730590820e+00 1.644563823938369751e-01
5.472849607467651367e+00 5.825399160385131836e-01 5.472849607467651367e+00 1.913424432277679443e-01
5.522829890251159668e+00 6.561545729637145996e-01 5.522829890251159668e+00 2.221813052892684937e-01
5.572810173034667969e+00 6.776656508445739746e-01 5.572810173034667969e+00 2.546106576919555664e-01
5.622789859771728516e+00 7.288142442703247070e-01 5.622789859771728516e+00 2.901156842708587646e-01
5.672769546508789062e+00 7.603620290756225586e-01 5.672769546508789062e+00 3.278193175792694092e-01
5.722749829292297363e+00 8.014872074127197266e-01 5.722749829292297363e+00 3.682653605937957764e-01
5.772730112075805664e+00 8.673738837242126465e-01 5.772730112075805664e+00 4.128045439720153809e-01
5.822709798812866211e+00 8.678929209709167480e-01 5.822709798812866211e+00 4.581448137760162354e-01
5.872689485549926758e+00 9.048843383789062500e-01 5.872689485549926758e+00 5.062333345413208008e-01
5.922669768333435059e+00 9.162996411323547363e-01 5.922669768333435059e+00 5.557602643966674805e-01
5.972650051116943359e+00 9.469769597053527832e-01 5.972650051116943359e+00 6.078132390975952148e-01
6.022629737854003906e+00 9.663794040679931641e-01 6.022629737854003906e+00 6.618251204490661621e-01
6.072609424591064453e+00 9.919974207878112793e-01 6.072609424591064453e+00 7.181934714317321777e-01
6.122589707374572754e+00 1.005643486976623535e+00 6.122589707374572754e+00 7.762809395790100098e-01
6.172569990158081055e+00 1.039606928825378418e+00 6.172569990158081055e+00 8.373154401779174805e-01
6.222549676895141602e+00 1.047686338424682617e+00 6.222549676895141602e+00 8.998234868049621582e-01
6.272529363632202148e+00 1.079994320869445801e+00 6.272529363632202148e+00 9.652990698814392090e-01
6.322509646415710449e+00 1.084073066711425781e+00 6.322509646415710449e+00 1.032072782516479492e+00
6.372489929199218750e+00 1.135380744934082031e+00 6.372489929199218750e+00 1.103117942810058594e+00
6.422469615936279297e+00 1.129112839698791504e+00 6.422469615936279297e+00 1.174882292747497559e+00
6.472449302673339844e+00 1.151580214500427246e+00 6.472449302673339844e+00 1.249219536781311035e+00
6.522430181503295898e+00 1.181016921997070312e+00 6.522430181503295898e+00 1.326638340950012207e+00
6.572409868240356445e+00 1.198442935943603516e+00 6.572409868240356445e+00 1.406407713890075684e+00
6.622389554977416992e+00 1.219959259033203125e+00 6.622389554977416992e+00 1.488849282264709473e+00
6.672369837760925293e+00 1.263303756713867188e+00 6.672369837760925293e+00 1.575512647628784180e+00
6.722350120544433594e+00 1.249023795127868652e+00 6.722350120544433594e+00 1.662485957145690918e+00
6.772329807281494141e+00 1.287800431251525879e+00 6.772329807281494141e+00 1.753496885299682617e+00
6.822309494018554688e+00 1.294343113899230957e+00 6.822309494018554688e+00 1.846326351165771484e+00
6.872289776802062988e+00 1.286165118217468262e+00 6.872289776802062988e+00 1.939924716949462891e+00
6.922270059585571289e+00 1.298691511154174805e+00 6.922270059585571289e+00 2.035815238952636719e+00
6.972249746322631836e+00 1.324220895767211914e+00 6.972249746322631836e+00 2.135006666183471680e+00
7.022229433059692383e+00 1.311732292175292969e+00 7.022229433059692383e+00 2.234677553176879883e+00
7.072209715843200684e+00 1.324950337409973145e+00 7.072209715843200684e+00 2.336789608001708984e+00
7.122189998626708984e+00 1.332471966743469238e+00 7.122189998626708984e+00 2.440939426422119141e+00
7.172169685363769531e+00 1.325565457344055176e+00 7.172169685363769531e+00 2.546007394790649414e+00
7.222149372100830078e+00 1.325125932693481445e+00 7.222149372100830078e+00 2.652510881423950195e+00
7.272129654884338379e+00 1.351128101348876953e+00 7.272129654884338379e+00 2.762610435485839844e+00
7.322109937667846680e+00 1.309827446937561035e+00 7.322109937667846680e+00 2.870818376541137695e+00
7.372089624404907227e+00 1.309877038002014160e+00 7.372089624404907227e+00 2.980511426925659180e+00
7.422069311141967773e+00 1.310221791267395020e+00 7.422069311141967773e+00 3.091727733612060547e+00
7.472049593925476074e+00 1.307113409042358398e+00 7.472049593925476074e+00 3.204177856445312500e+00
7.522029876708984375e+00 1.331299543380737305e+00 7.522029876708984375e+00 3.320247411727905273e+00
7.572009563446044922e+00 1.300283432006835938e+00 7.572009563446044922e+00 3.435124158859252930e+00
