# distance (\AA)	RDF	distance (\AA)	cdf
1.269738283008337021e-01 0.000000000000000000e+00 1.269738283008337021e-01 0.000000000000000000e+00
1.809214986860752106e-01 0.000000000000000000e+00 1.809214986860752106e-01 0.000000000000000000e+00
2.348691597580909729e-01 0.000000000000000000e+00 2.348691597580909729e-01 0.000000000000000000e+00
2.888168394565582275e-01 0.000000000000000000e+00 2.888168394565582275e-01 0.000000000000000000e+00
3.427644819021224976e-01 0.000000000000000000e+00 3.427644819021224976e-01 0.000000000000000000e+00
3.967121616005897522e-01 0.000000000000000000e+00 3.967121616005897522e-01 0.000000000000000000e+00
4.506598040461540222e-01 0.000000000000000000e+00 4.506598040461540222e-01 0.000000000000000000e+00
5.046074837446212769e-01 0.000000000000000000e+00 5.046074837446212769e-01 0.000000000000000000e+00
5.585551634430885315e-01 0.000000000000000000e+00 5.585551634430885315e-01 0.000000000000000000e+00
6.125028058886528015e-01 0.000000000000000000e+00 6.125028058886528015e-01 0.000000000000000000e+00
6.664504855871200562e-01 0.000000000000000000e+00 6.664504855871200562e-01 0.000000000000000000e+00
7.203981280326843262e-01 0.000000000000000000e+00 7.203981280326843262e-01 0.000000000000000000e+00
7.743458449840545654e-01 0.000000000000000000e+00 7.743458449840545654e-01 0.000000000000000000e+00
8.282934129238128662e-01 0.000000000000000000e+00 8.282934129238128662e-01 0.000000000000000000e+00
8.822411298751831055e-01 0.000000000000000000e+00 8.822411298751831055e-01 0.000000000000000000e+00
9.361888468265533447e-01 0.000000000000000000e+00 9.361888468265533447e-01 0.000000000000000000e+00
9.901364147663116455e-01 0.000000000000000000e+00 9.901364147663116455e-01 0.000000000000000000e+00
1.044084131717681885e+00 0.000000000000000000e+00 1.044084131717681885e+00 0.000000000000000000e+00
1.098031848669052124e+00 0.000000000000000000e+00 1.098031848669052124e+00 0.000000000000000000e+00
1.151979416608810425e+00 0.000000000000000000e+00 1.151979416608810425e+00 0.000000000000000000e+00
1.205927133560180664e+00 0.000000000000000000e+00 1.205927133560180664e+00 0.000000000000000000e+00
1.259874850511550903e+00 0.000000000000000000e+00 1.259874850511550903e+00 0.000000000000000000e+00
1.313822567462921143e+00 0.000000000000000000e+00 1.313822567462921143e+00 0.000000000000000000e+00
1.367770135402679443e+00 0.000000000000000000e+00 1.367770135402679443e+00 0.000000000000000000e+00
1.421717852354049683e+00 0.000000000000000000e+00 1.421717852354049683e+00 0.000000000000000000e+00
1.475665569305419922e+00 0.000000000000000000e+00 1.475665569305419922e+00 0.000000000000000000e+00
1.529613137245178223e+00 0.000000000000000000e+00 1.529613137245178223e+00 0.000000000000000000e+00
1.583560854196548462e+00 0.000000000000000000e+00 1.583560854196548462e+00 0.000000000000000000e+00
1.637508571147918701e+00 0.000000000000000000e+00 1.637508571147918701e+00 0.000000000000000000e+00
1.691456139087677002e+00 0.000000000000000000e+00 1.691456139087677002e+00 0.000000000000000000e+00
1.745403856039047241e+00 0.000000000000000000e+00 1.745403856039047241e+00 0.000000000000000000e+00
1.799351572990417480e+00 0.000000000000000000e+00 1.799351572990417480e+00 0.000000000000000000e+00
1.853299140930175781e+00 0.000000000000000000e+00 1.853299140930175781e+00 0.000000000000000000e+00
1.907246857881546021e+00 0.000000000000000000e+00 1.907246857881546021e+00 0.000000000000000000e+00
1.961194574832916260e+00 0.000000000000000000e+00 1.961194574832916260e+00 0.000000000000000000e+00
2.015142142772674561e+00 0.000000000000000000e+00 2.015142142772674561e+00 0.000000000000000000e+00
2.069089859724044800e+00 0.000000000000000000e+00 2.069089859724044800e+00 0.000000000000000000e+00
2.123037576675415039e+00 0.000000000000000000e+00 2.123037576675415039e+00 0.000000000000000000e+00
2.176985144615173340e+00 0.000000000000000000e+00 2.176985144615173340e+00 0.000000000000000000e+00
2.230932861566543579e+00 0.000000000000000000e+00 2.230932861566543579e+00 0.000000000000000000e+00
2.284880578517913818e+00 0.000000000000000000e+00 2.284880578517913818e+00 0.000000000000000000e+00
2.338828146457672119e+00 0.000000000000000000e+00 2.338828146457672119e+00 0.000000000000000000e+00
2.392775863409042358e+00 0.000000000000000000e+00 2.392775863409042358e+00 0.000000000000000000e+00
2.446723580360412598e+00 0.000000000000000000e+00 2.446723580360412598e+00 0.000000000000000000e+00
2.500671148300170898e+00 0.000000000000000000e+00 2.500671148300170898e+00 0.000000000000000000e+00
2.554618716239929199e+00 0.000000000000000000e+00 2.554618716239929199e+00 0.000000000000000000e+00
2.608566284179687500e+00 0.000000000000000000e+00 2.608566284179687500e+00 0.000000000000000000e+00
2.662513852119445801e+00 0.000000000000000000e+00 2.662513852119445801e+00 0.000000000000000000e+00
2.716461718082427979e+00 0.000000000000000000e+00 2.716461718082427979e+00 0.000000000000000000e+00
2.770409286022186279e+00 0.000000000000000000e+00 2.770409286022186279e+00 0.000000000000000000e+00
2.824357151985168457e+00 0.000000000000000000e+00 2.824357151985168457e+00 0.000000000000000000e+00
2.878304719924926758e+00 0.000000000000000000e+00 2.878304719924926758e+00 0.000000000000000000e+00
2.932252287864685059e+00 0.000000000000000000e+00 2.932252287864685059e+00 0.000000000000000000e+00
2.986199855804443359e+00 0.000000000000000000e+00 2.986199855804443359e+00 0.000000000000000000e+00
3.040147721767425537e+00 0.000000000000000000e+00 3.040147721767425537e+00 0.000000000000000000e+00
3.094095289707183838e+00 0.000000000000000000e+00 3.094095289707183838e+00 0.000000000000000000e+00
3.148043155670166016e+00 0.000000000000000000e+00 3.148043155670166016e+00 0.000000000000000000e+00
3.201990723609924316e+00 0.000000000000000000e+00 3.201990723609924316e+00 0.000000000000000000e+00
3.255938291549682617e+00 0.000000000000000000e+00 3.255938291549682617e+00 0.000000000000000000e+00
3.309885859489440918e+00 0.000000000000000000e+00 3.309885859489440918e+00 0.000000000000000000e+00
3.363833725452423096e+00 0.000000000000000000e+00 3.363833725452423096e+00 0.000000000000000000e+00
3.417781293392181396e+00 0.000000000000000000e+00 3.417781293392181396e+00 0.000000000000000000e+00
3.471729159355163574e+00 8.103381696855649352e-05 3.471729159355163574e+00 4.064600034325849265e-06
3.525676727294921875e+00 8.119270205497741699e-04 3.525676727294921875e+00 4.606546644936315715e-05
3.579624295234680176e+00 3.125142073258757591e-03 3.579624295234680176e+00 2.127140614902600646e-04
3.633571863174438477e+00 1.013473421335220337e-02 3.633571863174438477e+00 7.695642416365444660e-04
3.687519729137420654e+00 2.760583534836769104e-02 3.687519729137420654e+00 2.331725554540753365e-03
3.741467297077178955e+00 5.851504579186439514e-02 3.741467297077178955e+00 5.740569904446601868e-03
3.795415163040161133e+00 1.126413941383361816e-01 3.795415163040161133e+00 1.249322481453418732e-02
3.849362730979919434e+00 1.989096254110336304e-01 3.849362730979919434e+00 2.475883252918720245e-02
3.903310298919677734e+00 3.196739852428436279e-01 3.903310298919677734e+00 4.502763599157333374e-02
3.957257866859436035e+00 4.700772464275360107e-01 3.957257866859436035e+00 7.566252350807189941e-02
4.011205732822418213e+00 6.264404654502868652e-01 4.011205732822418213e+00 1.176078394055366516e-01
4.065153300762176514e+00 7.783448100090026855e-01 4.065153300762176514e+00 1.711359024047851562e-01
4.119101166725158691e+00 9.238361716270446777e-01 4.119101166725158691e+00 2.363673150539398193e-01
4.173048734664916992e+00 1.035203456878662109e+00 4.173048734664916992e+00 3.113889992237091064e-01
4.226996302604675293e+00 1.140414237976074219e+00 4.226996302604675293e+00 3.961860537528991699e-01
4.280943870544433594e+00 1.213107347488403320e+00 4.280943870544433594e+00 4.887058138847351074e-01
4.334891736507415771e+00 1.301976323127746582e+00 4.334891736507415771e+00 5.905213356018066406e-01
4.388839304447174072e+00 1.369688868522644043e+00 4.388839304447174072e+00 7.003142833709716797e-01
4.442787170410156250e+00 1.441288113594055176e+00 4.442787170410156250e+00 8.187052607536315918e-01
4.496734738349914551e+00 1.518453240394592285e+00 4.496734738349914551e+00 9.464813470840454102e-01
4.550682306289672852e+00 1.559873700141906738e+00 4.550682306289672852e+00 1.080911159515380859e+00
4.604629874229431152e+00 1.617380142211914062e+00 4.604629874229431152e+00 1.223621964454650879e+00
4.658577740192413330e+00 1.676710605621337891e+00 4.658577740192413330e+00 1.375054121017456055e+00
4.712525308132171631e+00 1.716341376304626465e+00 4.712525308132171631e+00 1.533676505088806152e+00
4.766473174095153809e+00 1.734049201011657715e+00 4.766473174095153809e+00 1.697626233100891113e+00
4.820420742034912109e+00 1.752722382545471191e+00 4.820420742034912109e+00 1.867113232612609863e+00
4.874368309974670410e+00 1.766906023025512695e+00 4.874368309974670410e+00 2.041817188262939453e+00
4.928315877914428711e+00 1.784959316253662109e+00 4.928315877914428711e+00 2.222235202789306641e+00
4.982263743877410889e+00 1.799677848815917969e+00 4.982263743877410889e+00 2.408144474029541016e+00
5.036211013793945312e+00 1.883497953414916992e+00 5.036211013793945312e+00 2.606948852539062500e+00
5.090159177780151367e+00 1.999330639839172363e+00 5.090159177780151367e+00 2.822524309158325195e+00
5.144106149673461914e+00 2.158797502517700195e+00 5.144106149673461914e+00 3.060254573822021484e+00
5.198054313659667969e+00 2.207682371139526367e+00 5.198054313659667969e+00 3.308495998382568359e+00
5.252002477645874023e+00 2.133293151855468750e+00 5.252002477645874023e+00 3.553375959396362305e+00
5.305949449539184570e+00 1.912046194076538086e+00 5.305949449539184570e+00 3.777390956878662109e+00
5.359897613525390625e+00 1.627811789512634277e+00 5.359897613525390625e+00 3.972002744674682617e+00
5.413844585418701172e+00 1.350149512290954590e+00 5.413844585418701172e+00 4.136683940887451172e+00
5.467792749404907227e+00 1.155267000198364258e+00 5.467792749404907227e+00 4.280417442321777344e+00
5.521740317344665527e+00 1.025469303131103516e+00 5.521740317344665527e+00 4.410533428192138672e+00
5.575687885284423828e+00 9.558485150337219238e-01 5.575687885284423828e+00 4.534196376800537109e+00
5.629636049270629883e+00 9.009681940078735352e-01 5.629636049270629883e+00 4.653025150299072266e+00
5.683583021163940430e+00 8.630723357200622559e-01 5.683583021163940430e+00 4.769047737121582031e+00
5.737531185150146484e+00 8.412072062492370605e-01 5.737531185150146484e+00 4.884288787841796875e+00
5.791478157043457031e+00 8.258369565010070801e-01 5.791478157043457031e+00 4.999560832977294922e+00
5.845426321029663086e+00 8.106253743171691895e-01 5.845426321029663086e+00 5.114829063415527344e+00
5.899374485015869141e+00 7.947080135345458984e-01 5.899374485015869141e+00 5.229927539825439453e+00
5.953321456909179688e+00 7.886722683906555176e-01 5.953321456909179688e+00 5.346251010894775391e+00
6.007269620895385742e+00 7.946623563766479492e-01 6.007269620895385742e+00 5.465591907501220703e+00
6.061216592788696289e+00 8.108878731727600098e-01 6.061216592788696289e+00 5.589566230773925781e+00
6.115164756774902344e+00 8.244263529777526855e-01 6.115164756774902344e+00 5.717864036560058594e+00
6.169112324714660645e+00 8.372912406921386719e-01 6.169112324714660645e+00 5.850474357604980469e+00
6.223059892654418945e+00 8.521917462348937988e-01 6.223059892654418945e+00 5.987814426422119141e+00
6.277008056640625000e+00 8.534325361251831055e-01 6.277008056640625000e+00 6.127748966217041016e+00
6.330955028533935547e+00 8.689584136009216309e-01 6.330955028533935547e+00 6.272688388824462891e+00
6.384903192520141602e+00 8.765552043914794922e-01 6.384903192520141602e+00 6.421398639678955078e+00
6.438850164413452148e+00 8.663805723190307617e-01 6.438850164413452148e+00 6.570875644683837891e+00
6.492798328399658203e+00 8.601932525634765625e-01 6.492798328399658203e+00 6.721784591674804688e+00
6.546746492385864258e+00 8.615867495536804199e-01 6.546746492385864258e+00 6.875459194183349609e+00
6.600693464279174805e+00 8.519498705863952637e-01 6.600693464279174805e+00 7.029928684234619141e+00
6.654641628265380859e+00 8.440132141113281250e-01 6.654641628265380859e+00 7.185471534729003906e+00
6.708588600158691406e+00 8.292996883392333984e-01 6.708588600158691406e+00 7.340790748596191406e+00
6.762536764144897461e+00 8.237405419349670410e-01 6.762536764144897461e+00 7.497559547424316406e+00
6.816484332084655762e+00 8.207432031631469727e-01 6.816484332084655762e+00 7.656261920928955078e+00
6.870431900024414062e+00 7.996060848236083984e-01 6.870431900024414062e+00 7.813333034515380859e+00
6.924380064010620117e+00 7.951102256774902344e-01 6.924380064010620117e+00 7.971982479095458984e+00
6.978327035903930664e+00 7.752797007560729980e-01 6.978327035903930664e+00 8.129095077514648438e+00
7.032275199890136719e+00 7.680997252464294434e-01 7.032275199890136719e+00 8.287168502807617188e+00
7.086222171783447266e+00 7.691771984100341797e-01 7.086222171783447266e+00 8.447901725769042969e+00
7.140170335769653320e+00 7.698368430137634277e-01 7.140170335769653320e+00 8.611231803894042969e+00
7.194117903709411621e+00 7.688074707984924316e-01 7.194117903709411621e+00 8.776819229125976562e+00
7.248065471649169922e+00 7.777684926986694336e-01 7.248065471649169922e+00 8.946856498718261719e+00
7.302013635635375977e+00 7.884953022003173828e-01 7.302013635635375977e+00 9.121814727783203125e+00
7.355960607528686523e+00 8.101497292518615723e-01 7.355960607528686523e+00 9.304244041442871094e+00
7.409908771514892578e+00 8.313814997673034668e-01 7.409908771514892578e+00 9.494209289550781250e+00
7.463855743408203125e+00 8.503942489624023438e-01 7.463855743408203125e+00 9.691360473632812500e+00
7.517803907394409180e+00 8.658092617988586426e-01 7.517803907394409180e+00 9.894998550415039062e+00
7.571752071380615234e+00 8.796001672744750977e-01 7.571752071380615234e+00 1.010485744476318359e+01
7.625699043273925781e+00 8.923294544219970703e-01 7.625699043273925781e+00 1.032079887390136719e+01
7.679647207260131836e+00 9.075484871864318848e-01 7.679647207260131836e+00 1.054354190826416016e+01
7.733594179153442383e+00 9.209039211273193359e-01 7.733594179153442383e+00 1.077274799346923828e+01
7.787542343139648438e+00 9.269575476646423340e-01 7.787542343139648438e+00 1.100669097900390625e+01
7.841489911079406738e+00 9.441689252853393555e-01 7.841489911079406738e+00 1.124829387664794922e+01
7.895437479019165039e+00 9.579038619995117188e-01 7.895437479019165039e+00 1.149679183959960938e+01
7.949385643005371094e+00 9.774347543716430664e-01 7.949385643005371094e+00 1.175383472442626953e+01
8.003332614898681641e+00 9.834029674530029297e-01 8.003332614898681641e+00 1.201596736907958984e+01
8.057280778884887695e+00 9.923816919326782227e-01 8.057280778884887695e+00 1.228407382965087891e+01
8.111227750778198242e+00 1.004188060760498047e+00 8.111227750778198242e+00 1.255901241302490234e+01
8.165175914764404297e+00 1.010096907615661621e+00 8.165175914764404297e+00 1.283926486968994141e+01
