# distance (\AA)	RDF	distance (\AA)	cdf
1.269738283008337021e-01 0.000000000000000000e+00 1.269738283008337021e-01 0.000000000000000000e+00
1.809214986860752106e-01 0.000000000000000000e+00 1.809214986860752106e-01 0.000000000000000000e+00
2.348691597580909729e-01 0.000000000000000000e+00 2.348691597580909729e-01 0.000000000000000000e+00
2.888168394565582275e-01 0.000000000000000000e+00 2.888168394565582275e-01 0.000000000000000000e+00
3.427644819021224976e-01 0.000000000000000000e+00 3.427644819021224976e-01 0.000000000000000000e+00
3.967121616005897522e-01 0.000000000000000000e+00 3.967121616005897522e-01 0.000000000000000000e+00
4.506598040461540222e-01 0.000000000000000000e+00 4.506598040461540222e-01 0.000000000000000000e+00
5.046074837446212769e-01 0.000000000000000000e+00 5.046074837446212769e-01 0.000000000000000000e+00
5.585551634430885315e-01 0.000000000000000000e+00 5.585551634430885315e-01 0.000000000000000000e+00
6.125028058886528015e-01 0.000000000000000000e+00 6.125028058886528015e-01 0.000000000000000000e+00
6.664504855871200562e-01 0.000000000000000000e+00 6.664504855871200562e-01 0.000000000000000000e+00
7.203981280326843262e-01 0.000000000000000000e+00 7.203981280326843262e-01 0.000000000000000000e+00
7.743458449840545654e-01 0.000000000000000000e+00 7.743458449840545654e-01 0.000000000000000000e+00
8.282934129238128662e-01 0.000000000000000000e+00 8.282934129238128662e-01 0.000000000000000000e+00
8.822411298751831055e-01 0.000000000000000000e+00 8.822411298751831055e-01 0.000000000000000000e+00
9.361888468265533447e-01 0.000000000000000000e+00 9.361888468265533447e-01 0.000000000000000000e+00
9.901364147663116455e-01 0.000000000000000000e+00 9.901364147663116455e-01 0.000000000000000000e+00
1.044084131717681885e+00 0.000000000000000000e+00 1.044084131717681885e+00 0.000000000000000000e+00
1.098031848669052124e+00 0.000000000000000000e+00 1.098031848669052124e+00 0.000000000000000000e+00
1.151979416608810425e+00 0.000000000000000000e+00 1.151979416608810425e+00 0.000000000000000000e+00
1.205927133560180664e+00 0.000000000000000000e+00 1.205927133560180664e+00 0.000000000000000000e+00
1.259874850511550903e+00 0.000000000000000000e+00 1.259874850511550903e+00 0.000000000000000000e+00
1.313822567462921143e+00 0.000000000000000000e+00 1.313822567462921143e+00 0.000000000000000000e+00
1.367770135402679443e+00 0.000000000000000000e+00 1.367770135402679443e+00 0.000000000000000000e+00
1.421717852354049683e+00 0.000000000000000000e+00 1.421717852354049683e+00 0.000000000000000000e+00
1.475665569305419922e+00 0.000000000000000000e+00 1.475665569305419922e+00 0.000000000000000000e+00
1.529613137245178223e+00 0.000000000000000000e+00 1.529613137245178223e+00 0.000000000000000000e+00
1.583560854196548462e+00 0.000000000000000000e+00 1.583560854196548462e+00 0.000000000000000000e+00
1.637508571147918701e+00 1.045959885232150555e-03 1.637508571147918701e+00 1.625840013730339706e-05
1.691456139087677002e+00 4.860706999897956848e-02 1.691456139087677002e+00 8.224040502682328224e-04
1.745403856039047241e+00 6.448416709899902344e-01 1.745403856039047241e+00 1.221005804836750031e-02
1.799351572990417480e+00 3.529139280319213867e+00 1.799351572990417480e+00 7.844541966915130615e-02
1.853299140930175781e+00 9.893918991088867188e+00 1.853299140930175781e+00 2.754362523555755615e-01
1.907246857881546021e+00 1.663215446472167969e+01 1.907246857881546021e+00 6.261448264122009277e-01
1.961194574832916260e+00 1.920176124572753906e+01 1.961194574832916260e+00 1.054265022277832031e+00
2.015142142772674561e+00 1.700637626647949219e+01 2.015142142772674561e+00 1.454583406448364258e+00
2.069089859724044800e+00 1.238879299163818359e+01 2.069089859724044800e+00 1.762028455734252930e+00
2.123037576675415039e+00 8.077923774719238281e+00 2.123037576675415039e+00 1.973082780838012695e+00
2.176985144615173340e+00 4.910267353057861328e+00 2.176985144615173340e+00 2.107977390289306641e+00
2.230932861566543579e+00 2.892584085464477539e+00 2.230932861566543579e+00 2.191429138183593750e+00
2.284880578517913818e+00 1.745875716209411621e+00 2.284880578517913818e+00 2.244263410568237305e+00
2.338828146457672119e+00 1.052033782005310059e+00 2.338828146457672119e+00 2.277621507644653320e+00
2.392775863409042358e+00 6.603339910507202148e-01 2.392775863409042358e+00 2.299536466598510742e+00
2.446723580360412598e+00 4.272962808609008789e-01 2.446723580360412598e+00 2.314364194869995117e+00
2.500671148300170898e+00 3.027211129665374756e-01 2.500671148300170898e+00 2.325337171554565430e+00
2.554618716239929199e+00 2.174374312162399292e-01 2.554618716239929199e+00 2.333562612533569336e+00
2.608566284179687500e+00 1.672141551971435547e-01 2.608566284179687500e+00 2.340157985687255859e+00
2.662513852119445801e+00 1.400633752346038818e-01 2.662513852119445801e+00 2.345913410186767578e+00
2.716461718082427979e+00 1.202075257897377014e-01 2.716461718082427979e+00 2.351055145263671875e+00
2.770409286022186279e+00 1.070447266101837158e-01 2.770409286022186279e+00 2.355817556381225586e+00
2.824357151985168457e+00 1.060706749558448792e-01 2.824357151985168457e+00 2.360722064971923828e+00
2.878304719924926758e+00 1.064209267497062683e-01 2.878304719924926758e+00 2.365832567214965820e+00
2.932252287864685059e+00 1.112404316663742065e-01 2.932252287864685059e+00 2.371376752853393555e+00
2.986199855804443359e+00 1.181608662009239197e-01 2.986199855804443359e+00 2.377484560012817383e+00
3.040147721767425537e+00 1.325171887874603271e-01 3.040147721767425537e+00 2.384583950042724609e+00
3.094095289707183838e+00 1.532550603151321411e-01 3.094095289707183838e+00 2.393088340759277344e+00
3.148043155670166016e+00 1.846992820501327515e-01 3.148043155670166016e+00 2.403698205947875977e+00
3.201990723609924316e+00 2.284325510263442993e-01 3.201990723609924316e+00 2.417273998260498047e+00
3.255938291549682617e+00 2.737988233566284180e-01 3.255938291549682617e+00 2.434098720550537109e+00
3.309885859489440918e+00 3.295484185218811035e-01 3.309885859489440918e+00 2.455025911331176758e+00
3.363833725452423096e+00 3.969209492206573486e-01 3.363833725452423096e+00 2.481059789657592773e+00
3.417781293392181396e+00 4.835979044437408447e-01 3.417781293392181396e+00 2.513804197311401367e+00
3.471729159355163574e+00 5.930677652359008789e-01 3.471729159355163574e+00 2.555238723754882812e+00
3.525676727294921875e+00 6.936959028244018555e-01 3.525676727294921875e+00 2.605221033096313477e+00
3.579624295234680176e+00 8.110854029655456543e-01 3.579624295234680176e+00 2.665463924407958984e+00
3.633571863174438477e+00 9.194060564041137695e-01 3.633571863174438477e+00 2.735826253890991211e+00
3.687519729137420654e+00 1.025168657302856445e+00 3.687519729137420654e+00 2.816629171371459961e+00
3.741467297077178955e+00 1.135760903358459473e+00 3.741467297077178955e+00 2.908787250518798828e+00
3.795415163040161133e+00 1.235501766204833984e+00 3.795415163040161133e+00 3.011950969696044922e+00
3.849362730979919434e+00 1.321464657783508301e+00 3.849362730979919434e+00 3.125450849533081055e+00
3.903310298919677734e+00 1.392997026443481445e+00 3.903310298919677734e+00 3.248471498489379883e+00
3.957257866859436035e+00 1.444909453392028809e+00 3.957257866859436035e+00 3.379629373550415039e+00
4.011205732822418213e+00 1.476080060005187988e+00 4.011205732822418213e+00 3.517293214797973633e+00
4.065153300762176514e+00 1.485939860343933105e+00 4.065153300762176514e+00 3.659630060195922852e+00
4.119101166725158691e+00 1.488018035888671875e+00 4.119101166725158691e+00 3.805974721908569336e+00
4.173048734664916992e+00 1.483707785606384277e+00 4.173048734664916992e+00 3.955741643905639648e+00
4.226996302604675293e+00 1.440163731575012207e+00 4.226996302604675293e+00 4.104896068572998047e+00
4.280943870544433594e+00 1.389077186584472656e+00 4.280943870544433594e+00 4.252455711364746094e+00
4.334891736507415771e+00 1.324385643005371094e+00 4.334891736507415771e+00 4.396710872650146484e+00
4.388839304447174072e+00 1.247798681259155273e+00 4.388839304447174072e+00 4.536027908325195312e+00
4.442787170410156250e+00 1.175500392913818359e+00 4.442787170410156250e+00 4.670520305633544922e+00
4.496734738349914551e+00 1.098286390304565430e+00 4.496734738349914551e+00 4.799247741699218750e+00
4.550682306289672852e+00 1.023618817329406738e+00 4.550682306289672852e+00 4.922119140625000000e+00
4.604629874229431152e+00 9.516158699989318848e-01 4.604629874229431152e+00 5.039072513580322266e+00
4.658577740192413330e+00 8.803583383560180664e-01 4.658577740192413330e+00 5.149817943572998047e+00
4.712525308132171631e+00 8.250682353973388672e-01 4.712525308132171631e+00 5.256025791168212891e+00
4.766473174095153809e+00 7.690658569335937500e-01 4.766473174095153809e+00 5.357304573059082031e+00
4.820420742034912109e+00 7.298605442047119141e-01 4.820420742034912109e+00 5.455608367919921875e+00
4.874368309974670410e+00 6.891617774963378906e-01 4.874368309974670410e+00 5.550519466400146484e+00
4.928315877914428711e+00 6.582455039024353027e-01 4.928315877914428711e+00 5.643190860748291016e+00
4.982263743877410889e+00 6.421021223068237305e-01 4.982263743877410889e+00 5.735579013824462891e+00
5.036211013793945312e+00 6.242267489433288574e-01 5.036211013793945312e+00 5.827351093292236328e+00
5.090159177780151367e+00 6.075658202171325684e-01 5.090159177780151367e+00 5.918597221374511719e+00
5.144106149673461914e+00 5.993580818176269531e-01 5.144106149673461914e+00 6.010529041290283203e+00
5.198054313659667969e+00 6.024708747863769531e-01 5.198054313659667969e+00 6.104887485504150391e+00
5.252002477645874023e+00 6.039064526557922363e-01 5.252002477645874023e+00 6.201443195343017578e+00
5.305949449539184570e+00 6.011872887611389160e-01 5.305949449539184570e+00 6.299549102783203125e+00
5.359897613525390625e+00 5.987967252731323242e-01 5.359897613525390625e+00 6.399261951446533203e+00
5.413844585418701172e+00 6.070286035537719727e-01 5.413844585418701172e+00 6.502390384674072266e+00
5.467792749404907227e+00 6.138477921485900879e-01 5.467792749404907227e+00 6.608766555786132812e+00
5.521740317344665527e+00 6.295586824417114258e-01 5.521740317344665527e+00 6.720029354095458984e+00
5.575687885284423828e+00 6.413637995719909668e-01 5.575687885284423828e+00 6.835603713989257812e+00
5.629636049270629883e+00 6.521075367927551270e-01 5.629636049270629883e+00 6.955398082733154297e+00
5.683583021163940430e+00 6.698517799377441406e-01 5.683583021163940430e+00 7.080821990966796875e+00
5.737531185150146484e+00 6.841006875038146973e-01 5.737531185150146484e+00 7.211358070373535156e+00
5.791478157043457031e+00 7.033854722976684570e-01 5.791478157043457031e+00 7.348108768463134766e+00
5.845426321029663086e+00 7.256218791007995605e-01 5.845426321029663086e+00 7.491825103759765625e+00
5.899374485015869141e+00 7.524022459983825684e-01 5.899374485015869141e+00 7.643606662750244141e+00
5.953321456909179688e+00 7.751843333244323730e-01 5.953321456909179688e+00 7.802857875823974609e+00
6.007269620895385742e+00 7.996883392333984375e-01 6.007269620895385742e+00 7.970133781433105469e+00
6.061216592788696289e+00 8.115838766098022461e-01 6.061216592788696289e+00 8.142960548400878906e+00
6.115164756774902344e+00 8.349884748458862305e-01 6.115164756774902344e+00 8.323950767517089844e+00
6.169112324714660645e+00 8.540969491004943848e-01 6.169112324714660645e+00 8.512365341186523438e+00
6.223059892654418945e+00 8.715353608131408691e-01 6.223059892654418945e+00 8.708003044128417969e+00
6.277008056640625000e+00 8.859395980834960938e-01 6.277008056640625000e+00 8.910336494445800781e+00
6.330955028533935547e+00 9.109607934951782227e-01 6.330955028533935547e+00 9.121974945068359375e+00
6.384903192520141602e+00 9.331917762756347656e-01 6.384903192520141602e+00 9.342490196228027344e+00
6.438850164413452148e+00 9.422094821929931641e-01 6.438850164413452148e+00 9.568912506103515625e+00
6.492798328399658203e+00 9.625875949859619141e-01 6.492798328399658203e+00 9.804128646850585938e+00
6.546746492385864258e+00 9.734060764312744141e-01 6.546746492385864258e+00 1.004595470428466797e+01
6.600693464279174805e+00 9.839366078376770020e-01 6.600693464279174805e+00 1.029444122314453125e+01
6.654641628265380859e+00 9.918769001960754395e-01 6.654641628265380859e+00 1.054904460906982422e+01
6.708588600158691406e+00 9.991782903671264648e-01 6.708588600158691406e+00 1.080969810485839844e+01
6.762536764144897461e+00 1.006312966346740723e+00 6.762536764144897461e+00 1.107645130157470703e+01
6.816484332084655762e+00 1.003651738166809082e+00 6.816484332084655762e+00 1.134676361083984375e+01
6.870431900024414062e+00 1.012668967247009277e+00 6.870431900024414062e+00 1.162383651733398438e+01
6.924380064010620117e+00 1.017519474029541016e+00 6.924380064010620117e+00 1.190662384033203125e+01
6.978327035903930664e+00 1.011775374412536621e+00 6.978327035903930664e+00 1.219221496582031250e+01
7.032275199890136719e+00 1.013906002044677734e+00 7.032275199890136719e+00 1.248284912109375000e+01
7.086222171783447266e+00 1.013670325279235840e+00 7.086222171783447266e+00 1.277789020538330078e+01
7.140170335769653320e+00 1.005856752395629883e+00 7.140170335769653320e+00 1.307513332366943359e+01
7.194117903709411621e+00 1.004882454872131348e+00 7.194117903709411621e+00 1.337659549713134766e+01
7.248065471649169922e+00 9.961737990379333496e-01 7.248065471649169922e+00 1.367993927001953125e+01
7.302013635635375977e+00 9.938578009605407715e-01 7.302013635635375977e+00 1.398710060119628906e+01
7.355960607528686523e+00 9.898358583450317383e-01 7.355960607528686523e+00 1.429755592346191406e+01
7.409908771514892578e+00 9.845961928367614746e-01 7.409908771514892578e+00 1.461091232299804688e+01
7.463855743408203125e+00 9.786605238914489746e-01 7.463855743408203125e+00 1.492693519592285156e+01
7.517803907394409180e+00 9.654855728149414062e-01 7.517803907394409180e+00 1.524322700500488281e+01
7.571752071380615234e+00 9.541651606559753418e-01 7.571752071380615234e+00 1.556030941009521484e+01
7.625699043273925781e+00 9.490038752555847168e-01 7.625699043273925781e+00 1.588018798828125000e+01
7.679647207260131836e+00 9.413018226623535156e-01 7.679647207260131836e+00 1.620197486877441406e+01
7.733594179153442383e+00 9.390140771865844727e-01 7.733594179153442383e+00 1.652750396728515625e+01
7.787542343139648438e+00 9.323666691780090332e-01 7.787542343139648438e+00 1.685525512695312500e+01
7.841489911079406738e+00 9.288237690925598145e-01 7.841489911079406738e+00 1.718630409240722656e+01
7.895437479019165039e+00 9.305425882339477539e-01 7.895437479019165039e+00 1.752253913879394531e+01
7.949385643005371094e+00 9.362521171569824219e-01 7.949385643005371094e+00 1.786547851562500000e+01
8.003332614898681641e+00 9.418783783912658691e-01 8.003332614898681641e+00 1.821517562866210938e+01
8.057280778884887695e+00 9.519187808036804199e-01 8.057280778884887695e+00 1.857338333129882812e+01
8.111227750778198242e+00 9.551407098770141602e-01 8.111227750778198242e+00 1.893762969970703125e+01
8.165175914764404297e+00 9.624426960945129395e-01 8.165175914764404297e+00 1.930956459045410156e+01
