# distance (\AA)	RDF	distance (\AA)	cdf
1.269738283008337021e-01 0.000000000000000000e+00 1.269738283008337021e-01 0.000000000000000000e+00
1.809214986860752106e-01 0.000000000000000000e+00 1.809214986860752106e-01 0.000000000000000000e+00
2.348691597580909729e-01 0.000000000000000000e+00 2.348691597580909729e-01 0.000000000000000000e+00
2.888168394565582275e-01 0.000000000000000000e+00 2.888168394565582275e-01 0.000000000000000000e+00
3.427644819021224976e-01 0.000000000000000000e+00 3.427644819021224976e-01 0.000000000000000000e+00
3.967121616005897522e-01 0.000000000000000000e+00 3.967121616005897522e-01 0.000000000000000000e+00
4.506598040461540222e-01 0.000000000000000000e+00 4.506598040461540222e-01 0.000000000000000000e+00
5.046074837446212769e-01 0.000000000000000000e+00 5.046074837446212769e-01 0.000000000000000000e+00
5.585551634430885315e-01 0.000000000000000000e+00 5.585551634430885315e-01 0.000000000000000000e+00
6.125028058886528015e-01 0.000000000000000000e+00 6.125028058886528015e-01 0.000000000000000000e+00
6.664504855871200562e-01 0.000000000000000000e+00 6.664504855871200562e-01 0.000000000000000000e+00
7.203981280326843262e-01 0.000000000000000000e+00 7.203981280326843262e-01 0.000000000000000000e+00
7.743458449840545654e-01 0.000000000000000000e+00 7.743458449840545654e-01 0.000000000000000000e+00
8.282934129238128662e-01 0.000000000000000000e+00 8.282934129238128662e-01 0.000000000000000000e+00
8.822411298751831055e-01 0.000000000000000000e+00 8.822411298751831055e-01 0.000000000000000000e+00
9.361888468265533447e-01 0.000000000000000000e+00 9.361888468265533447e-01 0.000000000000000000e+00
9.901364147663116455e-01 0.000000000000000000e+00 9.901364147663116455e-01 0.000000000000000000e+00
1.044084131717681885e+00 0.000000000000000000e+00 1.044084131717681885e+00 0.000000000000000000e+00
1.098031848669052124e+00 0.000000000000000000e+00 1.098031848669052124e+00 0.000000000000000000e+00
1.151979416608810425e+00 0.000000000000000000e+00 1.151979416608810425e+00 0.000000000000000000e+00
1.205927133560180664e+00 0.000000000000000000e+00 1.205927133560180664e+00 0.000000000000000000e+00
1.259874850511550903e+00 0.000000000000000000e+00 1.259874850511550903e+00 0.000000000000000000e+00
1.313822567462921143e+00 0.000000000000000000e+00 1.313822567462921143e+00 0.000000000000000000e+00
1.367770135402679443e+00 0.000000000000000000e+00 1.367770135402679443e+00 0.000000000000000000e+00
1.421717852354049683e+00 0.000000000000000000e+00 1.421717852354049683e+00 0.000000000000000000e+00
1.475665569305419922e+00 0.000000000000000000e+00 1.475665569305419922e+00 0.000000000000000000e+00
1.529613137245178223e+00 0.000000000000000000e+00 1.529613137245178223e+00 0.000000000000000000e+00
1.583560854196548462e+00 0.000000000000000000e+00 1.583560854196548462e+00 0.000000000000000000e+00
1.637508571147918701e+00 3.035151748917996883e-04 1.637508571147918701e+00 6.774333087378181517e-06
1.691456139087677002e+00 1.496286783367395401e-02 1.691456139087677002e+00 3.631042491178959608e-04
1.745403856039047241e+00 1.848172545433044434e-01 1.745403856039047241e+00 5.049587693065404892e-03
1.799351572990417480e+00 1.025961756706237793e+00 1.799351572990417480e+00 3.269835188984870911e-02
1.853299140930175781e+00 3.103017568588256836e+00 1.853299140930175781e+00 1.214109510183334351e-01
1.907246857881546021e+00 5.839546203613281250e+00 1.907246857881546021e+00 2.982183396816253662e-01
1.961194574832916260e+00 7.653959751129150391e+00 1.961194574832916260e+00 5.432568192481994629e-01
2.015142142772674561e+00 7.747423171997070312e+00 2.015142142772674561e+00 8.051199913024902344e-01
2.069089859724044800e+00 6.547651290893554688e+00 2.069089859724044800e+00 1.038437485694885254e+00
2.123037576675415039e+00 4.888100147247314453e+00 2.123037576675415039e+00 1.221819996833801270e+00
2.176985144615173340e+00 3.408694028854370117e+00 2.176985144615173340e+00 1.356282353401184082e+00
2.230932861566543579e+00 2.321290969848632812e+00 2.230932861566543579e+00 1.452443957328796387e+00
2.284880578517913818e+00 1.578028202056884766e+00 2.284880578517913818e+00 1.521015167236328125e+00
2.338828146457672119e+00 1.092795133590698242e+00 2.338828146457672119e+00 1.570769906044006348e+00
2.392775863409042358e+00 8.084142208099365234e-01 2.392775863409042358e+00 1.609294176101684570e+00
2.446723580360412598e+00 6.378529667854309082e-01 2.446723580360412598e+00 1.641076683998107910e+00
2.500671148300170898e+00 5.390462875366210938e-01 2.500671148300170898e+00 1.669133305549621582e+00
2.554618716239929199e+00 4.773613214492797852e-01 2.554618716239929199e+00 1.695062756538391113e+00
2.608566284179687500e+00 4.283967316150665283e-01 2.608566284179687500e+00 1.719325661659240723e+00
2.662513852119445801e+00 4.070768654346466064e-01 2.662513852119445801e+00 1.743344783782958984e+00
2.716461718082427979e+00 3.995644748210906982e-01 2.716461718082427979e+00 1.767885446548461914e+00
2.770409286022186279e+00 3.866792321205139160e-01 2.770409286022186279e+00 1.792587399482727051e+00
2.824357151985168457e+00 3.756792247295379639e-01 2.824357151985168457e+00 1.817530512809753418e+00
2.878304719924926758e+00 3.788842558860778809e-01 2.878304719924926758e+00 1.843656420707702637e+00
2.932252287864685059e+00 3.921449780464172363e-01 2.932252287864685059e+00 1.871719717979431152e+00
2.986199855804443359e+00 4.015774428844451904e-01 2.986199855804443359e+00 1.901525378227233887e+00
3.040147721767425537e+00 4.207416474819183350e-01 3.040147721767425537e+00 1.933891773223876953e+00
3.094095289707183838e+00 4.433332383632659912e-01 3.094095289707183838e+00 1.969217181205749512e+00
3.148043155670166016e+00 4.657843112945556641e-01 3.148043155670166016e+00 2.007637023925781250e+00
3.201990723609924316e+00 4.883588552474975586e-01 3.201990723609924316e+00 2.049311399459838867e+00
3.255938291549682617e+00 5.185002684593200684e-01 3.255938291549682617e+00 2.095061302185058594e+00
3.309885859489440918e+00 5.590275526046752930e-01 3.309885859489440918e+00 2.146035432815551758e+00
3.363833725452423096e+00 6.079956889152526855e-01 3.363833725452423096e+00 2.203296184539794922e+00
3.417781293392181396e+00 6.523730754852294922e-01 3.417781293392181396e+00 2.266722917556762695e+00
3.471729159355163574e+00 7.199584841728210449e-01 3.471729159355163574e+00 2.338948249816894531e+00
3.525676727294921875e+00 8.033100366592407227e-01 3.525676727294921875e+00 2.422058582305908203e+00
3.579624295234680176e+00 8.891791105270385742e-01 3.579624295234680176e+00 2.516889810562133789e+00
3.633571863174438477e+00 9.708507657051086426e-01 3.633571863174438477e+00 2.623576164245605469e+00
3.687519729137420654e+00 1.079321026802062988e+00 3.687519729137420654e+00 2.745729684829711914e+00
3.741467297077178955e+00 1.164230823516845703e+00 3.741467297077178955e+00 2.881376266479492188e+00
3.795415163040161133e+00 1.246456980705261230e+00 3.795415163040161133e+00 3.030822038650512695e+00
3.849362730979919434e+00 1.315378546714782715e+00 3.849362730979919434e+00 3.193045616149902344e+00
3.903310298919677734e+00 1.395261526107788086e+00 3.903310298919677734e+00 3.369977712631225586e+00
3.957257866859436035e+00 1.456800818443298340e+00 3.957257866859436035e+00 3.559856891632080078e+00
4.011205732822418213e+00 1.516496181488037109e+00 4.011205732822418213e+00 3.762940645217895508e+00
4.065153300762176514e+00 1.559132575988769531e+00 4.065153300762176514e+00 3.977388858795166016e+00
4.119101166725158691e+00 1.606015920639038086e+00 4.119101166725158691e+00 4.204188346862792969e+00
4.173048734664916992e+00 1.639617443084716797e+00 4.173048734664916992e+00 4.441835880279541016e+00
4.226996302604675293e+00 1.672884941101074219e+00 4.226996302604675293e+00 4.690615177154541016e+00
4.280943870544433594e+00 1.716136574745178223e+00 4.280943870544433594e+00 4.952383518218994141e+00
4.334891736507415771e+00 1.752915620803833008e+00 4.334891736507415771e+00 5.226541996002197266e+00
4.388839304447174072e+00 1.732529044151306152e+00 4.388839304447174072e+00 5.504297733306884766e+00
4.442787170410156250e+00 1.667851328849792480e+00 4.442787170410156250e+00 5.778300762176513672e+00
4.496734738349914551e+00 1.554929852485656738e+00 4.496734738349914551e+00 6.039991855621337891e+00
4.550682306289672852e+00 1.433411121368408203e+00 4.550682306289672852e+00 6.287054538726806641e+00
4.604629874229431152e+00 1.311875700950622559e+00 4.604629874229431152e+00 6.518563270568847656e+00
4.658577740192413330e+00 1.198505520820617676e+00 4.658577740192413330e+00 6.735049247741699219e+00
4.712525308132171631e+00 1.095099329948425293e+00 4.712525308132171631e+00 6.937465190887451172e+00
4.766473174095153809e+00 1.005846738815307617e+00 4.766473174095153809e+00 7.127665519714355469e+00
4.820420742034912109e+00 9.488337039947509766e-01 4.820420742034912109e+00 7.311168670654296875e+00
4.874368309974670410e+00 9.012836813926696777e-01 4.874368309974670410e+00 7.489398479461669922e+00
4.928315877914428711e+00 8.492909669876098633e-01 4.928315877914428711e+00 7.661085605621337891e+00
4.982263743877410889e+00 8.205154538154602051e-01 4.982263743877410889e+00 7.830606460571289062e+00
5.036211013793945312e+00 7.920438051223754883e-01 5.036211013793945312e+00 7.997807979583740234e+00
5.090159177780151367e+00 7.699166536331176758e-01 5.090159177780151367e+00 8.163838386535644531e+00
5.144106149673461914e+00 7.554696202278137207e-01 5.144106149673461914e+00 8.330225944519042969e+00
5.198054313659667969e+00 7.454431653022766113e-01 5.198054313659667969e+00 8.497867584228515625e+00
5.252002477645874023e+00 7.394427657127380371e-01 5.252002477645874023e+00 8.667628288269042969e+00
5.305949449539184570e+00 7.340182662010192871e-01 5.305949449539184570e+00 8.839623451232910156e+00
5.359897613525390625e+00 7.433374524116516113e-01 5.359897613525390625e+00 9.017361640930175781e+00
5.413844585418701172e+00 7.552242279052734375e-01 5.413844585418701172e+00 9.201595306396484375e+00
5.467792749404907227e+00 7.683412432670593262e-01 5.467792749404907227e+00 9.392783164978027344e+00
5.521740317344665527e+00 7.923959493637084961e-01 5.521740317344665527e+00 9.593868255615234375e+00
5.575687885284423828e+00 8.044122457504272461e-01 5.575687885284423828e+00 9.802009582519531250e+00
5.629636049270629883e+00 8.211030364036560059e-01 5.629636049270629883e+00 1.001859951019287109e+01
5.683583021163940430e+00 8.461553454399108887e-01 5.683583021163940430e+00 1.024609661102294922e+01
5.737531185150146484e+00 8.782252073287963867e-01 5.737531185150146484e+00 1.048672103881835938e+01
5.791478157043457031e+00 9.024462103843688965e-01 5.791478157043457031e+00 1.073865127563476562e+01
5.845426321029663086e+00 9.286980032920837402e-01 5.845426321029663086e+00 1.100276660919189453e+01
5.899374485015869141e+00 9.576310515403747559e-01 5.899374485015869141e+00 1.128015613555908203e+01
5.953321456909179688e+00 9.779127836227416992e-01 5.953321456909179688e+00 1.156862640380859375e+01
6.007269620895385742e+00 1.006438732147216797e+00 6.007269620895385742e+00 1.187091636657714844e+01
6.061216592788696289e+00 1.019868493080139160e+00 6.061216592788696289e+00 1.218276596069335938e+01
6.115164756774902344e+00 1.033710718154907227e+00 6.115164756774902344e+00 1.250449943542480469e+01
6.169112324714660645e+00 1.047950744628906250e+00 6.169112324714660645e+00 1.283644866943359375e+01
6.223059892654418945e+00 1.059069037437438965e+00 6.223059892654418945e+00 1.317780971527099609e+01
6.277008056640625000e+00 1.067569494247436523e+00 6.277008056640625000e+00 1.352790164947509766e+01
6.330955028533935547e+00 1.066892027854919434e+00 6.330955028533935547e+00 1.388381004333496094e+01
6.384903192520141602e+00 1.068792819976806641e+00 6.384903192520141602e+00 1.424645805358886719e+01
6.438850164413452148e+00 1.071259140968322754e+00 6.438850164413452148e+00 1.461610794067382812e+01
6.492798328399658203e+00 1.066980123519897461e+00 6.492798328399658203e+00 1.499048233032226562e+01
6.546746492385864258e+00 1.062269687652587891e+00 6.546746492385864258e+00 1.536941909790039062e+01
6.600693464279174805e+00 1.053143858909606934e+00 6.600693464279174805e+00 1.575131702423095703e+01
6.654641628265380859e+00 1.041240930557250977e+00 6.654641628265380859e+00 1.613509750366210938e+01
6.708588600158691406e+00 1.028746724128723145e+00 6.708588600158691406e+00 1.652044486999511719e+01
6.762536764144897461e+00 1.012500762939453125e+00 6.762536764144897461e+00 1.690583038330078125e+01
6.816484332084655762e+00 9.868642091751098633e-01 6.816484332084655762e+00 1.728747940063476562e+01
6.870431900024414062e+00 9.713891744613647461e-01 6.870431900024414062e+00 1.766910934448242188e+01
6.924380064010620117e+00 9.558793902397155762e-01 6.924380064010620117e+00 1.805056571960449219e+01
6.978327035903930664e+00 9.465657472610473633e-01 6.978327035903930664e+00 1.843421554565429688e+01
7.032275199890136719e+00 9.257770776748657227e-01 7.032275199890136719e+00 1.881526184082031250e+01
7.086222171783447266e+00 9.248520731925964355e-01 7.086222171783447266e+00 1.920178985595703125e+01
7.140170335769653320e+00 9.235314726829528809e-01 7.140170335769653320e+00 1.959366798400878906e+01
7.194117903709411621e+00 9.232710599899291992e-01 7.194117903709411621e+00 1.999138069152832031e+01
7.248065471649169922e+00 9.176139235496520996e-01 7.248065471649169922e+00 2.039260101318359375e+01
7.302013635635375977e+00 9.183403849601745605e-01 7.302013635635375977e+00 2.080014038085937500e+01
7.355960607528686523e+00 9.164759516716003418e-01 7.355960607528686523e+00 2.121288490295410156e+01
7.409908771514892578e+00 9.152759313583374023e-01 7.409908771514892578e+00 2.163115310668945312e+01
7.463855743408203125e+00 9.131919741630554199e-01 7.463855743408203125e+00 2.205457305908203125e+01
7.517803907394409180e+00 9.099578261375427246e-01 7.517803907394409180e+00 2.248261642456054688e+01
7.571752071380615234e+00 9.103847742080688477e-01 7.571752071380615234e+00 2.291702270507812500e+01
7.625699043273925781e+00 9.084004759788513184e-01 7.625699043273925781e+00 2.335668373107910156e+01
7.679647207260131836e+00 9.107143282890319824e-01 7.679647207260131836e+00 2.380372238159179688e+01
7.733594179153442383e+00 9.102970957756042480e-01 7.733594179153442383e+00 2.425685501098632812e+01
7.787542343139648438e+00 9.095155000686645508e-01 7.787542343139648438e+00 2.471593666076660156e+01
7.841489911079406738e+00 9.059992432594299316e-01 7.841489911079406738e+00 2.517960929870605469e+01
7.895437479019165039e+00 9.109464287757873535e-01 7.895437479019165039e+00 2.565224266052246094e+01
7.949385643005371094e+00 9.119679927825927734e-01 7.949385643005371094e+00 2.613189697265625000e+01
8.003332614898681641e+00 9.145787954330444336e-01 8.003332614898681641e+00 2.661947059631347656e+01
8.057280778884887695e+00 9.195618629455566406e-01 8.057280778884887695e+00 2.711633682250976562e+01
8.111227750778198242e+00 9.245391488075256348e-01 8.111227750778198242e+00 2.762260055541992188e+01
8.165175914764404297e+00 9.267883896827697754e-01 8.165175914764404297e+00 2.813687705993652344e+01
