# distance (\AA)	RDF	distance (\AA)	cdf
1.269738283008337021e-01 0.000000000000000000e+00 1.269738283008337021e-01 0.000000000000000000e+00
1.809214986860752106e-01 0.000000000000000000e+00 1.809214986860752106e-01 0.000000000000000000e+00
2.348691597580909729e-01 0.000000000000000000e+00 2.348691597580909729e-01 0.000000000000000000e+00
2.888168394565582275e-01 0.000000000000000000e+00 2.888168394565582275e-01 0.000000000000000000e+00
3.427644819021224976e-01 0.000000000000000000e+00 3.427644819021224976e-01 0.000000000000000000e+00
3.967121616005897522e-01 0.000000000000000000e+00 3.967121616005897522e-01 0.000000000000000000e+00
4.506598040461540222e-01 0.000000000000000000e+00 4.506598040461540222e-01 0.000000000000000000e+00
5.046074837446212769e-01 0.000000000000000000e+00 5.046074837446212769e-01 0.000000000000000000e+00
5.585551634430885315e-01 0.000000000000000000e+00 5.585551634430885315e-01 0.000000000000000000e+00
6.125028058886528015e-01 0.000000000000000000e+00 6.125028058886528015e-01 0.000000000000000000e+00
6.664504855871200562e-01 0.000000000000000000e+00 6.664504855871200562e-01 0.000000000000000000e+00
7.203981280326843262e-01 0.000000000000000000e+00 7.203981280326843262e-01 0.000000000000000000e+00
7.743458449840545654e-01 0.000000000000000000e+00 7.743458449840545654e-01 0.000000000000000000e+00
8.282934129238128662e-01 0.000000000000000000e+00 8.282934129238128662e-01 0.000000000000000000e+00
8.822411298751831055e-01 0.000000000000000000e+00 8.822411298751831055e-01 0.000000000000000000e+00
9.361888468265533447e-01 0.000000000000000000e+00 9.361888468265533447e-01 0.000000000000000000e+00
9.901364147663116455e-01 0.000000000000000000e+00 9.901364147663116455e-01 0.000000000000000000e+00
1.044084131717681885e+00 0.000000000000000000e+00 1.044084131717681885e+00 0.000000000000000000e+00
1.098031848669052124e+00 0.000000000000000000e+00 1.098031848669052124e+00 0.000000000000000000e+00
1.151979416608810425e+00 0.000000000000000000e+00 1.151979416608810425e+00 0.000000000000000000e+00
1.205927133560180664e+00 0.000000000000000000e+00 1.205927133560180664e+00 0.000000000000000000e+00
1.259874850511550903e+00 0.000000000000000000e+00 1.259874850511550903e+00 0.000000000000000000e+00
1.313822567462921143e+00 0.000000000000000000e+00 1.313822567462921143e+00 0.000000000000000000e+00
1.367770135402679443e+00 0.000000000000000000e+00 1.367770135402679443e+00 0.000000000000000000e+00
1.421717852354049683e+00 0.000000000000000000e+00 1.421717852354049683e+00 0.000000000000000000e+00
1.475665569305419922e+00 0.000000000000000000e+00 1.475665569305419922e+00 0.000000000000000000e+00
1.529613137245178223e+00 0.000000000000000000e+00 1.529613137245178223e+00 0.000000000000000000e+00
1.583560854196548462e+00 0.000000000000000000e+00 1.583560854196548462e+00 0.000000000000000000e+00
1.637508571147918701e+00 0.000000000000000000e+00 1.637508571147918701e+00 0.000000000000000000e+00
1.691456139087677002e+00 0.000000000000000000e+00 1.691456139087677002e+00 0.000000000000000000e+00
1.745403856039047241e+00 0.000000000000000000e+00 1.745403856039047241e+00 0.000000000000000000e+00
1.799351572990417480e+00 0.000000000000000000e+00 1.799351572990417480e+00 0.000000000000000000e+00
1.853299140930175781e+00 0.000000000000000000e+00 1.853299140930175781e+00 0.000000000000000000e+00
1.907246857881546021e+00 0.000000000000000000e+00 1.907246857881546021e+00 0.000000000000000000e+00
1.961194574832916260e+00 0.000000000000000000e+00 1.961194574832916260e+00 0.000000000000000000e+00
2.015142142772674561e+00 0.000000000000000000e+00 2.015142142772674561e+00 0.000000000000000000e+00
2.069089859724044800e+00 0.000000000000000000e+00 2.069089859724044800e+00 0.000000000000000000e+00
2.123037576675415039e+00 0.000000000000000000e+00 2.123037576675415039e+00 0.000000000000000000e+00
2.176985144615173340e+00 0.000000000000000000e+00 2.176985144615173340e+00 0.000000000000000000e+00
2.230932861566543579e+00 0.000000000000000000e+00 2.230932861566543579e+00 0.000000000000000000e+00
2.284880578517913818e+00 0.000000000000000000e+00 2.284880578517913818e+00 0.000000000000000000e+00
2.338828146457672119e+00 6.442237063311040401e-04 2.338828146457672119e+00 2.042722189798951149e-05
2.392775863409042358e+00 6.946420762687921524e-03 2.392775863409042358e+00 2.509629994165152311e-04
2.446723580360412598e+00 6.122080981731414795e-02 2.446723580360412598e+00 2.375394105911254883e-03
2.500671148300170898e+00 2.839699983596801758e-01 2.500671148300170898e+00 1.266876794397830963e-02
2.554618716239929199e+00 8.677145838737487793e-01 2.554618716239929199e+00 4.549336433410644531e-02
2.608566284179687500e+00 1.839732527732849121e+00 2.608566284179687500e+00 1.180586367845535278e-01
2.662513852119445801e+00 2.939792156219482422e+00 2.662513852119445801e+00 2.388603687286376953e-01
2.716461718082427979e+00 3.851471424102783203e+00 2.716461718082427979e+00 4.036020040512084961e-01
2.770409286022186279e+00 4.319379806518554688e+00 2.770409286022186279e+00 5.957686901092529297e-01
2.824357151985168457e+00 4.379951000213623047e+00 2.824357151985168457e+00 7.982938885688781738e-01
2.878304719924926758e+00 4.271516323089599609e+00 2.878304719924926758e+00 1.003421068191528320e+00
2.932252287864685059e+00 4.107988357543945312e+00 2.932252287864685059e+00 1.208159208297729492e+00
2.986199855804443359e+00 3.968362808227539062e+00 2.986199855804443359e+00 1.413284063339233398e+00
3.040147721767425537e+00 3.799148797988891602e+00 3.040147721767425537e+00 1.616820454597473145e+00
3.094095289707183838e+00 3.631719827651977539e+00 3.094095289707183838e+00 1.818353414535522461e+00
3.148043155670166016e+00 3.450513601303100586e+00 3.148043155670166016e+00 2.016566514968872070e+00
3.201990723609924316e+00 3.216558933258056641e+00 3.201990723609924316e+00 2.207726955413818359e+00
3.255938291549682617e+00 2.943497419357299805e+00 3.255938291549682617e+00 2.388602733612060547e+00
3.309885859489440918e+00 2.684966802597045898e+00 3.309885859489440918e+00 2.559105873107910156e+00
3.363833725452423096e+00 2.420418739318847656e+00 3.363833725452423096e+00 2.717859506607055664e+00
3.417781293392181396e+00 2.149920940399169922e+00 3.417781293392181396e+00 2.863430738449096680e+00
3.471729159355163574e+00 1.903757095336914062e+00 3.471729159355163574e+00 2.996436357498168945e+00
3.525676727294921875e+00 1.678392648696899414e+00 3.525676727294921875e+00 3.117368459701538086e+00
3.579624295234680176e+00 1.505639076232910156e+00 3.579624295234680176e+00 3.229198694229125977e+00
3.633571863174438477e+00 1.332730531692504883e+00 3.633571863174438477e+00 3.331192731857299805e+00
3.687519729137420654e+00 1.220016717910766602e+00 3.687519729137420654e+00 3.427353382110595703e+00
3.741467297077178955e+00 1.126240849494934082e+00 3.741467297077178955e+00 3.518738985061645508e+00
3.795415163040161133e+00 1.049944877624511719e+00 3.795415163040161133e+00 3.606408834457397461e+00
3.849362730979919434e+00 1.015608429908752441e+00 3.849362730979919434e+00 3.693638801574707031e+00
3.903310298919677734e+00 9.826204776763916016e-01 3.903310298919677734e+00 3.780417442321777344e+00
3.957257866859436035e+00 9.483523368835449219e-01 3.957257866859436035e+00 3.866501569747924805e+00
4.011205732822418213e+00 9.366508722305297852e-01 4.011205732822418213e+00 3.953856706619262695e+00
4.065153300762176514e+00 9.225941300392150879e-01 4.065153300762176514e+00 4.042231082916259766e+00
4.119101166725158691e+00 9.146903157234191895e-01 4.119101166725158691e+00 4.132189750671386719e+00
4.173048734664916992e+00 8.932470679283142090e-01 4.173048734664916992e+00 4.222354888916015625e+00
4.226996302604675293e+00 8.936589360237121582e-01 4.226996302604675293e+00 4.314908981323242188e+00
4.280943870544433594e+00 8.873622417449951172e-01 4.280943870544433594e+00 4.409172534942626953e+00
4.334891736507415771e+00 8.765620589256286621e-01 4.334891736507415771e+00 4.504649639129638672e+00
4.388839304447174072e+00 8.666432499885559082e-01 4.388839304447174072e+00 4.601410388946533203e+00
4.442787170410156250e+00 8.734972476959228516e-01 4.442787170410156250e+00 4.701349735260009766e+00
4.496734738349914551e+00 8.656417131423950195e-01 4.496734738349914551e+00 4.802809238433837891e+00
4.550682306289672852e+00 8.604221343994140625e-01 4.550682306289672852e+00 4.906091213226318359e+00
4.604629874229431152e+00 8.714840412139892578e-01 4.604629874229431152e+00 5.013196468353271484e+00
4.658577740192413330e+00 8.731573224067687988e-01 4.658577740192413330e+00 5.123035907745361328e+00
4.712525308132171631e+00 8.808500170707702637e-01 4.712525308132171631e+00 5.236424446105957031e+00
4.766473174095153809e+00 8.841806054115295410e-01 4.766473174095153809e+00 5.352862834930419922e+00
4.820420742034912109e+00 8.828042745590209961e-01 4.820420742034912109e+00 5.471766471862792969e+00
4.874368309974670410e+00 9.012170433998107910e-01 4.874368309974670410e+00 5.595881938934326172e+00
4.928315877914428711e+00 8.997273445129394531e-01 4.928315877914428711e+00 5.722550868988037109e+00
4.982263743877410889e+00 9.092627763748168945e-01 4.982263743877410889e+00 5.853379249572753906e+00
5.036211013793945312e+00 9.049931168556213379e-01 5.036211013793945312e+00 5.986428737640380859e+00
5.090159177780151367e+00 9.164808988571166992e-01 5.090159177780151367e+00 6.124068737030029297e+00
5.144106149673461914e+00 9.226803779602050781e-01 5.144106149673461914e+00 6.265593051910400391e+00
5.198054313659667969e+00 9.279021024703979492e-01 5.198054313659667969e+00 6.410920143127441406e+00
5.252002477645874023e+00 9.269369840621948242e-01 5.252002477645874023e+00 6.559123992919921875e+00
5.305949449539184570e+00 9.287852048873901367e-01 5.305949449539184570e+00 6.710689544677734375e+00
5.359897613525390625e+00 9.397505521774291992e-01 5.359897613525390625e+00 6.867178440093994141e+00
5.413844585418701172e+00 9.455138444900512695e-01 5.413844585418701172e+00 7.027812480926513672e+00
5.467792749404907227e+00 9.567509293556213379e-01 5.467792749404907227e+00 7.193611621856689453e+00
5.521740317344665527e+00 9.576232433319091797e-01 5.521740317344665527e+00 7.362854003906250000e+00
5.575687885284423828e+00 9.693635702133178711e-01 5.575687885284423828e+00 7.537533760070800781e+00
5.629636049270629883e+00 9.637402892112731934e-01 5.629636049270629883e+00 7.714576721191406250e+00
5.683583021163940430e+00 9.670230746269226074e-01 5.683583021163940430e+00 7.895643711090087891e+00
5.737531185150146484e+00 9.600951075553894043e-01 5.737531185150146484e+00 8.078843116760253906e+00
5.791478157043457031e+00 9.440587759017944336e-01 5.791478157043457031e+00 8.262385368347167969e+00
5.845426321029663086e+00 9.254818558692932129e-01 5.845426321029663086e+00 8.445685386657714844e+00
5.899374485015869141e+00 9.040272831916809082e-01 5.899374485015869141e+00 8.628054618835449219e+00
5.953321456909179688e+00 8.859580755233764648e-01 5.953321456909179688e+00 8.810062408447265625e+00
6.007269620895385742e+00 8.600332736968994141e-01 6.007269620895385742e+00 8.989960670471191406e+00
6.061216592788696289e+00 8.399645090103149414e-01 6.061216592788696289e+00 9.168830871582031250e+00
6.115164756774902344e+00 8.185421824455261230e-01 6.115164756774902344e+00 9.346256256103515625e+00
6.169112324714660645e+00 8.031980395317077637e-01 6.169112324714660645e+00 9.523442268371582031e+00
6.223059892654418945e+00 7.853689193725585938e-01 6.223059892654418945e+00 9.699737548828125000e+00
6.277008056640625000e+00 7.694187164306640625e-01 6.277008056640625000e+00 9.875459671020507812e+00
6.330955028533935547e+00 7.623598575592041016e-01 6.330955028533935547e+00 1.005257415771484375e+01
6.384903192520141602e+00 7.510694861412048340e-01 6.384903192520141602e+00 1.023005390167236328e+01
6.438850164413452148e+00 7.500104308128356934e-01 6.438850164413452148e+00 1.041028881072998047e+01
6.492798328399658203e+00 7.576663494110107422e-01 6.492798328399658203e+00 1.059543037414550781e+01
6.546746492385864258e+00 7.565046548843383789e-01 6.546746492385864258e+00 1.078337097167968750e+01
6.600693464279174805e+00 7.593481540679931641e-01 6.600693464279174805e+00 1.097513961791992188e+01
6.654641628265380859e+00 7.620775699615478516e-01 6.654641628265380859e+00 1.117075634002685547e+01
6.708588600158691406e+00 7.627084851264953613e-01 6.708588600158691406e+00 1.136972236633300781e+01
6.762536764144897461e+00 7.667065858840942383e-01 6.762536764144897461e+00 1.157296085357666016e+01
6.816484332084655762e+00 7.754930257797241211e-01 6.816484332084655762e+00 1.178182315826416016e+01
6.870431900024414062e+00 7.916527986526489258e-01 6.870431900024414062e+00 1.199842453002929688e+01
6.924380064010620117e+00 8.001914024353027344e-01 6.924380064010620117e+00 1.222081279754638672e+01
6.978327035903930664e+00 8.116354942321777344e-01 6.978327035903930664e+00 1.244991111755371094e+01
7.032275199890136719e+00 8.246661424636840820e-01 7.032275199890136719e+00 1.268629932403564453e+01
7.086222171783447266e+00 8.323204517364501953e-01 7.086222171783447266e+00 1.292855644226074219e+01
7.140170335769653320e+00 8.424586653709411621e-01 7.140170335769653320e+00 1.317751312255859375e+01
7.194117903709411621e+00 8.541219830513000488e-01 7.194117903709411621e+00 1.343374729156494141e+01
7.248065471649169922e+00 8.727273941040039062e-01 7.248065471649169922e+00 1.369950103759765625e+01
7.302013635635375977e+00 8.860002160072326660e-01 7.302013635635375977e+00 1.397332859039306641e+01
7.355960607528686523e+00 9.015407562255859375e-01 7.355960607528686523e+00 1.425609111785888672e+01
7.409908771514892578e+00 9.121602177619934082e-01 7.409908771514892578e+00 1.454639434814453125e+01
7.463855743408203125e+00 9.252850413322448730e-01 7.463855743408203125e+00 1.484518146514892578e+01
7.517803907394409180e+00 9.432158470153808594e-01 7.517803907394409180e+00 1.515417861938476562e+01
7.571752071380615234e+00 9.475128054618835449e-01 7.571752071380615234e+00 1.546905040740966797e+01
7.625699043273925781e+00 9.589384198188781738e-01 7.625699043273925781e+00 1.579227733612060547e+01
7.679647207260131836e+00 9.665506482124328613e-01 7.679647207260131836e+00 1.612269592285156250e+01
7.733594179153442383e+00 9.681417346000671387e-01 7.733594179153442383e+00 1.645832252502441406e+01
7.787542343139648438e+00 9.771503210067749023e-01 7.787542343139648438e+00 1.680181503295898438e+01
7.841489911079406738e+00 9.876179695129394531e-01 7.841489911079406738e+00 1.715382003784179688e+01
7.895437479019165039e+00 9.883354902267456055e-01 7.895437479019165039e+00 1.751093864440917969e+01
7.949385643005371094e+00 9.953160285949707031e-01 7.949385643005371094e+00 1.787551307678222656e+01
8.003332614898681641e+00 9.986369609832763672e-01 8.003332614898681641e+00 1.824628257751464844e+01
8.057280778884887695e+00 9.983578324317932129e-01 8.057280778884887695e+00 1.862196540832519531e+01
8.111227750778198242e+00 9.911596179008483887e-01 8.111227750778198242e+00 1.899994850158691406e+01
8.165175914764404297e+00 9.898175597190856934e-01 8.165175914764404297e+00 1.938246345520019531e+01
