# distance (\AA)	RDF	distance (\AA)	cdf
1.269738283008337021e-01 0.000000000000000000e+00 1.269738283008337021e-01 0.000000000000000000e+00
1.809214986860752106e-01 0.000000000000000000e+00 1.809214986860752106e-01 0.000000000000000000e+00
2.348691597580909729e-01 0.000000000000000000e+00 2.348691597580909729e-01 0.000000000000000000e+00
2.888168394565582275e-01 0.000000000000000000e+00 2.888168394565582275e-01 0.000000000000000000e+00
3.427644819021224976e-01 0.000000000000000000e+00 3.427644819021224976e-01 0.000000000000000000e+00
3.967121616005897522e-01 0.000000000000000000e+00 3.967121616005897522e-01 0.000000000000000000e+00
4.506598040461540222e-01 0.000000000000000000e+00 4.506598040461540222e-01 0.000000000000000000e+00
5.046074837446212769e-01 0.000000000000000000e+00 5.046074837446212769e-01 0.000000000000000000e+00
5.585551634430885315e-01 0.000000000000000000e+00 5.585551634430885315e-01 0.000000000000000000e+00
6.125028058886528015e-01 0.000000000000000000e+00 6.125028058886528015e-01 0.000000000000000000e+00
6.664504855871200562e-01 0.000000000000000000e+00 6.664504855871200562e-01 0.000000000000000000e+00
7.203981280326843262e-01 0.000000000000000000e+00 7.203981280326843262e-01 0.000000000000000000e+00
7.743458449840545654e-01 0.000000000000000000e+00 7.743458449840545654e-01 0.000000000000000000e+00
8.282934129238128662e-01 0.000000000000000000e+00 8.282934129238128662e-01 0.000000000000000000e+00
8.822411298751831055e-01 0.000000000000000000e+00 8.822411298751831055e-01 0.000000000000000000e+00
9.361888468265533447e-01 0.000000000000000000e+00 9.361888468265533447e-01 0.000000000000000000e+00
9.901364147663116455e-01 0.000000000000000000e+00 9.901364147663116455e-01 0.000000000000000000e+00
1.044084131717681885e+00 0.000000000000000000e+00 1.044084131717681885e+00 0.000000000000000000e+00
1.098031848669052124e+00 0.000000000000000000e+00 1.098031848669052124e+00 0.000000000000000000e+00
1.151979416608810425e+00 0.000000000000000000e+00 1.151979416608810425e+00 0.000000000000000000e+00
1.205927133560180664e+00 0.000000000000000000e+00 1.205927133560180664e+00 0.000000000000000000e+00
1.259874850511550903e+00 0.000000000000000000e+00 1.259874850511550903e+00 0.000000000000000000e+00
1.313822567462921143e+00 0.000000000000000000e+00 1.313822567462921143e+00 0.000000000000000000e+00
1.367770135402679443e+00 0.000000000000000000e+00 1.367770135402679443e+00 0.000000000000000000e+00
1.421717852354049683e+00 0.000000000000000000e+00 1.421717852354049683e+00 0.000000000000000000e+00
1.475665569305419922e+00 0.000000000000000000e+00 1.475665569305419922e+00 0.000000000000000000e+00
1.529613137245178223e+00 0.000000000000000000e+00 1.529613137245178223e+00 0.000000000000000000e+00
1.583560854196548462e+00 0.000000000000000000e+00 1.583560854196548462e+00 0.000000000000000000e+00
1.637508571147918701e+00 0.000000000000000000e+00 1.637508571147918701e+00 0.000000000000000000e+00
1.691456139087677002e+00 0.000000000000000000e+00 1.691456139087677002e+00 0.000000000000000000e+00
1.745403856039047241e+00 0.000000000000000000e+00 1.745403856039047241e+00 0.000000000000000000e+00
1.799351572990417480e+00 0.000000000000000000e+00 1.799351572990417480e+00 0.000000000000000000e+00
1.853299140930175781e+00 0.000000000000000000e+00 1.853299140930175781e+00 0.000000000000000000e+00
1.907246857881546021e+00 0.000000000000000000e+00 1.907246857881546021e+00 0.000000000000000000e+00
1.961194574832916260e+00 0.000000000000000000e+00 1.961194574832916260e+00 0.000000000000000000e+00
2.015142142772674561e+00 0.000000000000000000e+00 2.015142142772674561e+00 0.000000000000000000e+00
2.069089859724044800e+00 0.000000000000000000e+00 2.069089859724044800e+00 0.000000000000000000e+00
2.123037576675415039e+00 0.000000000000000000e+00 2.123037576675415039e+00 0.000000000000000000e+00
2.176985144615173340e+00 0.000000000000000000e+00 2.176985144615173340e+00 0.000000000000000000e+00
2.230932861566543579e+00 0.000000000000000000e+00 2.230932861566543579e+00 0.000000000000000000e+00
2.284880578517913818e+00 0.000000000000000000e+00 2.284880578517913818e+00 0.000000000000000000e+00
2.338828146457672119e+00 0.000000000000000000e+00 2.338828146457672119e+00 0.000000000000000000e+00
2.392775863409042358e+00 0.000000000000000000e+00 2.392775863409042358e+00 0.000000000000000000e+00
2.446723580360412598e+00 0.000000000000000000e+00 2.446723580360412598e+00 0.000000000000000000e+00
2.500671148300170898e+00 0.000000000000000000e+00 2.500671148300170898e+00 0.000000000000000000e+00
2.554618716239929199e+00 0.000000000000000000e+00 2.554618716239929199e+00 0.000000000000000000e+00
2.608566284179687500e+00 0.000000000000000000e+00 2.608566284179687500e+00 0.000000000000000000e+00
2.662513852119445801e+00 0.000000000000000000e+00 2.662513852119445801e+00 0.000000000000000000e+00
2.716461718082427979e+00 0.000000000000000000e+00 2.716461718082427979e+00 0.000000000000000000e+00
2.770409286022186279e+00 0.000000000000000000e+00 2.770409286022186279e+00 0.000000000000000000e+00
2.824357151985168457e+00 0.000000000000000000e+00 2.824357151985168457e+00 0.000000000000000000e+00
2.878304719924926758e+00 0.000000000000000000e+00 2.878304719924926758e+00 0.000000000000000000e+00
2.932252287864685059e+00 0.000000000000000000e+00 2.932252287864685059e+00 0.000000000000000000e+00
2.986199855804443359e+00 0.000000000000000000e+00 2.986199855804443359e+00 0.000000000000000000e+00
3.040147721767425537e+00 0.000000000000000000e+00 3.040147721767425537e+00 0.000000000000000000e+00
3.094095289707183838e+00 0.000000000000000000e+00 3.094095289707183838e+00 0.000000000000000000e+00
3.148043155670166016e+00 0.000000000000000000e+00 3.148043155670166016e+00 0.000000000000000000e+00
3.201990723609924316e+00 0.000000000000000000e+00 3.201990723609924316e+00 0.000000000000000000e+00
3.255938291549682617e+00 0.000000000000000000e+00 3.255938291549682617e+00 0.000000000000000000e+00
3.309885859489440918e+00 0.000000000000000000e+00 3.309885859489440918e+00 0.000000000000000000e+00
3.363833725452423096e+00 0.000000000000000000e+00 3.363833725452423096e+00 0.000000000000000000e+00
3.417781293392181396e+00 0.000000000000000000e+00 3.417781293392181396e+00 0.000000000000000000e+00
3.471729159355163574e+00 0.000000000000000000e+00 3.471729159355163574e+00 0.000000000000000000e+00
3.525676727294921875e+00 0.000000000000000000e+00 3.525676727294921875e+00 0.000000000000000000e+00
3.579624295234680176e+00 0.000000000000000000e+00 3.579624295234680176e+00 0.000000000000000000e+00
3.633571863174438477e+00 0.000000000000000000e+00 3.633571863174438477e+00 0.000000000000000000e+00
3.687519729137420654e+00 0.000000000000000000e+00 3.687519729137420654e+00 0.000000000000000000e+00
3.741467297077178955e+00 0.000000000000000000e+00 3.741467297077178955e+00 0.000000000000000000e+00
3.795415163040161133e+00 0.000000000000000000e+00 3.795415163040161133e+00 0.000000000000000000e+00
3.849362730979919434e+00 0.000000000000000000e+00 3.849362730979919434e+00 0.000000000000000000e+00
3.903310298919677734e+00 0.000000000000000000e+00 3.903310298919677734e+00 0.000000000000000000e+00
3.957257866859436035e+00 0.000000000000000000e+00 3.957257866859436035e+00 0.000000000000000000e+00
4.011205732822418213e+00 0.000000000000000000e+00 4.011205732822418213e+00 0.000000000000000000e+00
4.065153300762176514e+00 0.000000000000000000e+00 4.065153300762176514e+00 0.000000000000000000e+00
4.119101166725158691e+00 0.000000000000000000e+00 4.119101166725158691e+00 0.000000000000000000e+00
4.173048734664916992e+00 0.000000000000000000e+00 4.173048734664916992e+00 0.000000000000000000e+00
4.226996302604675293e+00 0.000000000000000000e+00 4.226996302604675293e+00 0.000000000000000000e+00
4.280943870544433594e+00 0.000000000000000000e+00 4.280943870544433594e+00 0.000000000000000000e+00
4.334891736507415771e+00 0.000000000000000000e+00 4.334891736507415771e+00 0.000000000000000000e+00
4.388839304447174072e+00 0.000000000000000000e+00 4.388839304447174072e+00 0.000000000000000000e+00
4.442787170410156250e+00 0.000000000000000000e+00 4.442787170410156250e+00 0.000000000000000000e+00
4.496734738349914551e+00 0.000000000000000000e+00 4.496734738349914551e+00 0.000000000000000000e+00
4.550682306289672852e+00 5.596805829554796219e-03 4.550682306289672852e+00 2.411662571830675006e-04
4.604629874229431152e+00 1.111706998199224472e-02 4.604629874229431152e+00 7.316279807128012180e-04
4.658577740192413330e+00 3.234338760375976562e-02 4.658577740192413330e+00 2.192174317315220833e-03
4.712525308132171631e+00 4.527027159929275513e-02 4.712525308132171631e+00 4.284088499844074249e-03
4.766473174095153809e+00 7.692364603281021118e-02 4.766473174095153809e+00 7.920550182461738586e-03
4.820420742034912109e+00 1.144429072737693787e-01 4.820420742034912109e+00 1.345382537692785263e-02
4.874368309974670410e+00 1.553890109062194824e-01 4.874368309974670410e+00 2.113591879606246948e-02
4.928315877914428711e+00 2.132358998060226440e-01 4.928315877914428711e+00 3.191252797842025757e-02
4.982263743877410889e+00 2.533944845199584961e-01 4.982263743877410889e+00 4.500053822994232178e-02
5.036211013793945312e+00 2.969779074192047119e-01 5.036211013793945312e+00 6.067363545298576355e-02
5.090159177780151367e+00 3.469600975513458252e-01 5.090159177780151367e+00 7.937892526388168335e-02
5.144106149673461914e+00 3.877528011798858643e-01 5.144106149673461914e+00 1.007289141416549683e-01
5.198054313659667969e+00 4.531952738761901855e-01 5.198054313659667969e+00 1.262085437774658203e-01
5.252002477645874023e+00 5.080972909927368164e-01 5.252002477645874023e+00 1.553706973791122437e-01
5.305949449539184570e+00 5.514764189720153809e-01 5.305949449539184570e+00 1.876761317253112793e-01
5.359897613525390625e+00 6.014015674591064453e-01 5.359897613525390625e+00 2.236261665821075439e-01
5.413844585418701172e+00 6.132923364639282227e-01 5.413844585418701172e+00 2.610286176204681396e-01
5.467792749404907227e+00 6.527350544929504395e-01 5.467792749404907227e+00 3.016339838504791260e-01
5.521740317344665527e+00 7.193959951400756836e-01 5.521740317344665527e+00 3.472740054130554199e-01
5.575687885284423828e+00 7.774299979209899902e-01 5.575687885284423828e+00 3.975639343261718750e-01
5.629636049270629883e+00 8.651267290115356445e-01 5.629636049270629883e+00 4.546146690845489502e-01
5.683583021163940430e+00 9.386821389198303223e-01 5.683583021163940430e+00 5.177081227302551270e-01
5.737531185150146484e+00 1.013400673866271973e+00 5.737531185150146484e+00 5.871233344078063965e-01
5.791478157043457031e+00 1.087779045104980469e+00 5.791478157043457031e+00 6.630405783653259277e-01
5.845426321029663086e+00 1.129522562026977539e+00 5.845426321029663086e+00 7.433475852012634277e-01
5.899374485015869141e+00 1.162987351417541504e+00 5.899374485015869141e+00 8.275660872459411621e-01
5.953321456909179688e+00 1.251462340354919434e+00 5.953321456909179688e+00 9.198569059371948242e-01
6.007269620895385742e+00 1.279716372489929199e+00 6.007269620895385742e+00 1.015949487686157227e+00
6.061216592788696289e+00 1.337646365165710449e+00 6.061216592788696289e+00 1.118203997611999512e+00
6.115164756774902344e+00 1.295310735702514648e+00 6.115164756774902344e+00 1.218992471694946289e+00
6.169112324714660645e+00 1.328380823135375977e+00 6.169112324714660645e+00 1.324187040328979492e+00
6.223059892654418945e+00 1.289014816284179688e+00 6.223059892654418945e+00 1.428056478500366211e+00
6.277008056640625000e+00 1.269898533821105957e+00 6.277008056640625000e+00 1.532167196273803711e+00
6.330955028533935547e+00 1.294197916984558105e+00 6.330955028533935547e+00 1.640101313591003418e+00
6.384903192520141602e+00 1.306143879890441895e+00 6.384903192520141602e+00 1.750896930694580078e+00
6.438850164413452148e+00 1.329843878746032715e+00 6.438850164413452148e+00 1.865616202354431152e+00
6.492798328399658203e+00 1.279026150703430176e+00 6.492798328399658203e+00 1.977810025215148926e+00
6.546746492385864258e+00 1.229651093482971191e+00 6.546746492385864258e+00 2.087471485137939453e+00
6.600693464279174805e+00 1.232562780380249023e+00 6.600693464279174805e+00 2.199211359024047852e+00
6.654641628265380859e+00 1.224640011787414551e+00 6.654641628265380859e+00 2.312055587768554688e+00
6.708588600158691406e+00 1.178488373756408691e+00 6.708588600158691406e+00 2.422414779663085938e+00
6.762536764144897461e+00 1.231780648231506348e+00 6.762536764144897461e+00 2.539627075195312500e+00
6.816484332084655762e+00 1.233143329620361328e+00 6.816484332084655762e+00 2.658849954605102539e+00
6.870431900024414062e+00 1.223628759384155273e+00 6.870431900024414062e+00 2.779031991958618164e+00
6.924380064010620117e+00 1.245194554328918457e+00 6.924380064010620117e+00 2.903259754180908203e+00
6.978327035903930664e+00 1.296665668487548828e+00 6.978327035903930664e+00 3.034646511077880859e+00
7.032275199890136719e+00 1.300445556640625000e+00 7.032275199890136719e+00 3.168461322784423828e+00
7.086222171783447266e+00 1.304062485694885254e+00 7.086222171783447266e+00 3.304714918136596680e+00
7.140170335769653320e+00 1.327492833137512207e+00 7.140170335769653320e+00 3.445537090301513672e+00
7.194117903709411621e+00 1.333940863609313965e+00 7.194117903709411621e+00 3.589190959930419922e+00
7.248065471649169922e+00 1.328554391860961914e+00 7.248065471649169922e+00 3.734416484832763672e+00
7.302013635635375977e+00 1.298805117607116699e+00 7.302013635635375977e+00 3.878511905670166016e+00
7.355960607528686523e+00 1.303941011428833008e+00 7.355960607528686523e+00 4.025322437286376953e+00
7.409908771514892578e+00 1.276777863502502441e+00 7.409908771514892578e+00 4.171190261840820312e+00
7.463855743408203125e+00 1.282591104507446289e+00 7.463855743408203125e+00 4.319865226745605469e+00
7.517803907394409180e+00 1.261780500411987305e+00 7.517803907394409180e+00 4.468250274658203125e+00
7.571752071380615234e+00 1.220142364501953125e+00 7.571752071380615234e+00 4.613803386688232422e+00
7.625699043273925781e+00 1.224409818649291992e+00 7.625699043273925781e+00 4.761955261230468750e+00
7.679647207260131836e+00 1.222558856010437012e+00 7.679647207260131836e+00 4.911983489990234375e+00
7.733594179153442383e+00 1.215300917625427246e+00 7.733594179153442383e+00 5.063223361968994141e+00
7.787542343139648438e+00 1.244636654853820801e+00 7.787542343139648438e+00 5.220282077789306641e+00
7.841489911079406738e+00 1.234878540039062500e+00 7.841489911079406738e+00 5.378278732299804688e+00
7.895437479019165039e+00 1.235085725784301758e+00 7.895437479019165039e+00 5.538480758666992188e+00
7.949385643005371094e+00 1.275641798973083496e+00 7.949385643005371094e+00 5.706213474273681641e+00
8.003332614898681641e+00 1.303484797477722168e+00 8.003332614898681641e+00 5.879940032958984375e+00
8.057280778884887695e+00 1.294443011283874512e+00 8.057280778884887695e+00 6.054796218872070312e+00
8.111227750778198242e+00 1.274560332298278809e+00 8.111227750778198242e+00 6.229278564453125000e+00
8.165175914764404297e+00 1.280148983001708984e+00 8.165175914764404297e+00 6.406867504119873047e+00
