# distance (\AA)	RDF	distance (\AA)	cdf
1.269738283008337021e-01 0.000000000000000000e+00 1.269738283008337021e-01 0.000000000000000000e+00
1.809214986860752106e-01 0.000000000000000000e+00 1.809214986860752106e-01 0.000000000000000000e+00
2.348691597580909729e-01 0.000000000000000000e+00 2.348691597580909729e-01 0.000000000000000000e+00
2.888168394565582275e-01 0.000000000000000000e+00 2.888168394565582275e-01 0.000000000000000000e+00
3.427644819021224976e-01 0.000000000000000000e+00 3.427644819021224976e-01 0.000000000000000000e+00
3.967121616005897522e-01 0.000000000000000000e+00 3.967121616005897522e-01 0.000000000000000000e+00
4.506598040461540222e-01 0.000000000000000000e+00 4.506598040461540222e-01 0.000000000000000000e+00
5.046074837446212769e-01 0.000000000000000000e+00 5.046074837446212769e-01 0.000000000000000000e+00
5.585551634430885315e-01 0.000000000000000000e+00 5.585551634430885315e-01 0.000000000000000000e+00
6.125028058886528015e-01 0.000000000000000000e+00 6.125028058886528015e-01 0.000000000000000000e+00
6.664504855871200562e-01 0.000000000000000000e+00 6.664504855871200562e-01 0.000000000000000000e+00
7.203981280326843262e-01 0.000000000000000000e+00 7.203981280326843262e-01 0.000000000000000000e+00
7.743458449840545654e-01 0.000000000000000000e+00 7.743458449840545654e-01 0.000000000000000000e+00
8.282934129238128662e-01 0.000000000000000000e+00 8.282934129238128662e-01 0.000000000000000000e+00
8.822411298751831055e-01 0.000000000000000000e+00 8.822411298751831055e-01 0.000000000000000000e+00
9.361888468265533447e-01 0.000000000000000000e+00 9.361888468265533447e-01 0.000000000000000000e+00
9.901364147663116455e-01 0.000000000000000000e+00 9.901364147663116455e-01 0.000000000000000000e+00
1.044084131717681885e+00 0.000000000000000000e+00 1.044084131717681885e+00 0.000000000000000000e+00
1.098031848669052124e+00 0.000000000000000000e+00 1.098031848669052124e+00 0.000000000000000000e+00
1.151979416608810425e+00 0.000000000000000000e+00 1.151979416608810425e+00 0.000000000000000000e+00
1.205927133560180664e+00 0.000000000000000000e+00 1.205927133560180664e+00 0.000000000000000000e+00
1.259874850511550903e+00 0.000000000000000000e+00 1.259874850511550903e+00 0.000000000000000000e+00
1.313822567462921143e+00 0.000000000000000000e+00 1.313822567462921143e+00 0.000000000000000000e+00
1.367770135402679443e+00 0.000000000000000000e+00 1.367770135402679443e+00 0.000000000000000000e+00
1.421717852354049683e+00 0.000000000000000000e+00 1.421717852354049683e+00 0.000000000000000000e+00
1.475665569305419922e+00 0.000000000000000000e+00 1.475665569305419922e+00 0.000000000000000000e+00
1.529613137245178223e+00 0.000000000000000000e+00 1.529613137245178223e+00 0.000000000000000000e+00
1.583560854196548462e+00 0.000000000000000000e+00 1.583560854196548462e+00 0.000000000000000000e+00
1.637508571147918701e+00 0.000000000000000000e+00 1.637508571147918701e+00 0.000000000000000000e+00
1.691456139087677002e+00 0.000000000000000000e+00 1.691456139087677002e+00 0.000000000000000000e+00
1.745403856039047241e+00 0.000000000000000000e+00 1.745403856039047241e+00 0.000000000000000000e+00
1.799351572990417480e+00 0.000000000000000000e+00 1.799351572990417480e+00 0.000000000000000000e+00
1.853299140930175781e+00 0.000000000000000000e+00 1.853299140930175781e+00 0.000000000000000000e+00
1.907246857881546021e+00 0.000000000000000000e+00 1.907246857881546021e+00 0.000000000000000000e+00
1.961194574832916260e+00 0.000000000000000000e+00 1.961194574832916260e+00 0.000000000000000000e+00
2.015142142772674561e+00 0.000000000000000000e+00 2.015142142772674561e+00 0.000000000000000000e+00
2.069089859724044800e+00 0.000000000000000000e+00 2.069089859724044800e+00 0.000000000000000000e+00
2.123037576675415039e+00 0.000000000000000000e+00 2.123037576675415039e+00 0.000000000000000000e+00
2.176985144615173340e+00 0.000000000000000000e+00 2.176985144615173340e+00 0.000000000000000000e+00
2.230932861566543579e+00 0.000000000000000000e+00 2.230932861566543579e+00 0.000000000000000000e+00
2.284880578517913818e+00 0.000000000000000000e+00 2.284880578517913818e+00 0.000000000000000000e+00
2.338828146457672119e+00 0.000000000000000000e+00 2.338828146457672119e+00 0.000000000000000000e+00
2.392775863409042358e+00 0.000000000000000000e+00 2.392775863409042358e+00 0.000000000000000000e+00
2.446723580360412598e+00 0.000000000000000000e+00 2.446723580360412598e+00 0.000000000000000000e+00
2.500671148300170898e+00 8.970622438937425613e-04 2.500671148300170898e+00 3.251680027460679412e-05
2.554618716239929199e+00 1.432630087947472930e-04 2.554618716239929199e+00 3.793626819970086217e-05
2.608566284179687500e+00 1.373986451653763652e-04 2.608566284179687500e+00 4.335573612479493022e-05
2.662513852119445801e+00 3.626876568887382746e-04 2.662513852119445801e+00 5.825926928082481027e-05
2.716461718082427979e+00 9.819323895499110222e-04 2.716461718082427979e+00 1.002601347863674164e-04
2.770409286022186279e+00 6.395275704562664032e-04 2.770409286022186279e+00 1.287123304791748524e-04
2.824357151985168457e+00 1.465064589865505695e-03 2.824357151985168457e+00 1.964556577149778605e-04
2.878304719924926758e+00 1.918510766699910164e-03 2.878304719924926758e+00 2.885865978896617889e-04
2.932252287864685059e+00 5.137938074767589569e-03 2.932252287864685059e+00 5.446564173325896263e-04
2.986199855804443359e+00 7.784777320921421051e-03 2.986199855804443359e+00 9.470517979934811592e-04
3.040147721767425537e+00 1.403569430112838745e-02 3.040147721767425537e+00 1.699002808891236782e-03
3.094095289707183838e+00 2.580701187252998352e-02 3.094095289707183838e+00 3.131096716970205307e-03
3.148043155670166016e+00 4.337402433156967163e-02 3.148043155670166016e+00 5.622696131467819214e-03
3.201990723609924316e+00 7.049036026000976562e-02 3.201990723609924316e+00 9.811943396925926208e-03
3.255938291549682617e+00 1.103309020400047302e-01 3.255938291549682617e+00 1.659169606864452362e-02
3.309885859489440918e+00 1.669504493474960327e-01 3.309885859489440918e+00 2.719352766871452332e-02
3.363833725452423096e+00 2.330296635627746582e-01 3.363833725452423096e+00 4.247777909040451050e-02
3.417781293392181396e+00 3.055102825164794922e-01 3.417781293392181396e+00 6.316388398408889771e-02
3.471729159355163574e+00 3.983068168163299561e-01 3.471729159355163574e+00 9.099148958921432495e-02
3.525676727294921875e+00 4.952015578746795654e-01 3.525676727294921875e+00 1.266719102859497070e-01
3.579624295234680176e+00 5.874459147453308105e-01 3.579624295234680176e+00 1.703040301799774170e-01
3.633571863174438477e+00 6.895412802696228027e-01 3.633571863174438477e+00 2.230747342109680176e-01
3.687519729137420654e+00 7.879354357719421387e-01 3.687519729137420654e+00 2.851791083812713623e-01
3.741467297077178955e+00 8.750635981559753418e-01 3.741467297077178955e+00 3.561835885047912598e-01
3.795415163040161133e+00 9.463205933570861816e-01 3.795415163040161133e+00 4.352007508277893066e-01
3.849362730979919434e+00 1.017347335815429688e+00 3.849362730979919434e+00 5.225801467895507812e-01
3.903310298919677734e+00 1.103486657142639160e+00 3.903310298919677734e+00 6.200330257415771484e-01
3.957257866859436035e+00 1.172480463981628418e+00 3.957257866859436035e+00 7.264618873596191406e-01
4.011205732822418213e+00 1.218248605728149414e+00 4.011205732822418213e+00 8.400796651840209961e-01
4.065153300762176514e+00 1.270296454429626465e+00 4.065153300762176514e+00 9.617602229118347168e-01
4.119101166725158691e+00 1.322717905044555664e+00 4.119101166725158691e+00 1.091847777366638184e+00
4.173048734664916992e+00 1.360409975051879883e+00 4.173048734664916992e+00 1.229168891906738281e+00
4.226996302604675293e+00 1.381870746612548828e+00 4.226996302604675293e+00 1.372286200523376465e+00
4.280943870544433594e+00 1.401767611503601074e+00 4.280943870544433594e+00 1.521194219589233398e+00
4.334891736507415771e+00 1.409964680671691895e+00 4.334891736507415771e+00 1.674771070480346680e+00
4.388839304447174072e+00 1.418840527534484863e+00 4.388839304447174072e+00 1.833184838294982910e+00
4.442787170410156250e+00 1.419893980026245117e+00 4.442787170410156250e+00 1.995638728141784668e+00
4.496734738349914551e+00 1.404164195060729980e+00 4.496734738349914551e+00 2.160217046737670898e+00
4.550682306289672852e+00 1.422381997108459473e+00 4.550682306289672852e+00 2.330954551696777344e+00
4.604629874229431152e+00 1.415512084960937500e+00 4.604629874229431152e+00 2.504920721054077148e+00
4.658577740192413330e+00 1.414169549942016602e+00 4.658577740192413330e+00 2.682817459106445312e+00
4.712525308132171631e+00 1.426645040512084961e+00 4.712525308132171631e+00 2.866464138031005859e+00
4.766473174095153809e+00 1.448202252388000488e+00 4.766473174095153809e+00 3.057179212570190430e+00
4.820420742034912109e+00 1.452015757560729980e+00 4.820420742034912109e+00 3.252748727798461914e+00
4.874368309974670410e+00 1.461138606071472168e+00 4.874368309974670410e+00 3.453976154327392578e+00
4.928315877914428711e+00 1.480111718177795410e+00 4.928315877914428711e+00 3.662354707717895508e+00
4.982263743877410889e+00 1.496336221694946289e+00 4.982263743877410889e+00 3.877653837203979492e+00
5.036211013793945312e+00 1.498946070671081543e+00 5.036211013793945312e+00 4.098024368286132812e+00
5.090159177780151367e+00 1.505242586135864258e+00 5.090159177780151367e+00 4.324086666107177734e+00
5.144106149673461914e+00 1.523989200592041016e+00 5.144106149673461914e+00 4.557841777801513672e+00
5.198054313659667969e+00 1.527241826057434082e+00 5.198054313659667969e+00 4.797036647796630859e+00
5.252002477645874023e+00 1.517994403839111328e+00 5.252002477645874023e+00 5.039741992950439453e+00
5.305949449539184570e+00 1.514907240867614746e+00 5.305949449539184570e+00 5.286954879760742188e+00
5.359897613525390625e+00 1.509912371635437012e+00 5.359897613525390625e+00 5.538388252258300781e+00
5.413844585418701172e+00 1.475132822990417480e+00 5.413844585418701172e+00 5.788999080657958984e+00
5.467792749404907227e+00 1.449689030647277832e+00 5.467792749404907227e+00 6.040221214294433594e+00
5.521740317344665527e+00 1.409858465194702148e+00 5.521740317344665527e+00 6.289388179779052734e+00
5.575687885284423828e+00 1.374936461448669434e+00 5.575687885284423828e+00 6.537152767181396484e+00
5.629636049270629883e+00 1.363327860832214355e+00 5.629636049270629883e+00 6.787601470947265625e+00
5.683583021163940430e+00 1.312178015708923340e+00 5.683583021163940430e+00 7.033295631408691406e+00
5.737531185150146484e+00 1.266529917716979980e+00 5.737531185150146484e+00 7.274967193603515625e+00
5.791478157043457031e+00 1.240090370178222656e+00 5.791478157043457031e+00 7.516063213348388672e+00
5.845426321029663086e+00 1.201947689056396484e+00 5.845426321029663086e+00 7.754119873046875000e+00
5.899374485015869141e+00 1.152959942817687988e+00 5.899374485015869141e+00 7.986705780029296875e+00
5.953321456909179688e+00 1.121227622032165527e+00 5.953321456909179688e+00 8.217046737670898438e+00
6.007269620895385742e+00 1.090771436691284180e+00 6.007269620895385742e+00 8.445210456848144531e+00
6.061216592788696289e+00 1.073357105255126953e+00 6.061216592788696289e+00 8.673782348632812500e+00
6.115164756774902344e+00 1.047090649604797363e+00 6.115164756774902344e+00 8.900747299194335938e+00
6.169112324714660645e+00 1.028177618980407715e+00 6.169112324714660645e+00 9.127564430236816406e+00
6.223059892654418945e+00 1.004357695579528809e+00 6.223059892654418945e+00 9.353016853332519531e+00
6.277008056640625000e+00 9.992018342018127441e-01 6.277008056640625000e+00 9.581216812133789062e+00
6.330955028533935547e+00 9.973996281623840332e-01 6.330955028533935547e+00 9.812936782836914062e+00
6.384903192520141602e+00 9.842954874038696289e-01 6.384903192520141602e+00 1.004552841186523438e+01
6.438850164413452148e+00 9.695593714714050293e-01 6.438850164413452148e+00 1.027852344512939453e+01
6.492798328399658203e+00 9.639072418212890625e-01 6.492798328399658203e+00 1.051406192779541016e+01
6.546746492385864258e+00 9.667689800262451172e-01 6.546746492385864258e+00 1.075423908233642578e+01
6.600693464279174805e+00 9.722465276718139648e-01 6.600693464279174805e+00 1.099977302551269531e+01
6.654641628265380859e+00 9.750076532363891602e-01 6.654641628265380859e+00 1.125004673004150391e+01
6.708588600158691406e+00 9.660633206367492676e-01 6.708588600158691406e+00 1.150206184387207031e+01
6.762536764144897461e+00 9.672176837921142578e-01 6.762536764144897461e+00 1.175845146179199219e+01
6.816484332084655762e+00 9.668030738830566406e-01 6.816484332084655762e+00 1.201883888244628906e+01
6.870431900024414062e+00 9.683198332786560059e-01 6.870431900024414062e+00 1.228377723693847656e+01
6.924380064010620117e+00 9.586728215217590332e-01 6.924380064010620117e+00 1.255020999908447266e+01
6.978327035903930664e+00 9.551023244857788086e-01 6.978327035903930664e+00 1.281980419158935547e+01
7.032275199890136719e+00 9.460132718086242676e-01 7.032275199890136719e+00 1.309097671508789062e+01
7.086222171783447266e+00 9.409514069557189941e-01 7.086222171783447266e+00 1.336485195159912109e+01
7.140170335769653320e+00 9.216383099555969238e-01 7.140170335769653320e+00 1.363720703125000000e+01
7.194117903709411621e+00 9.194031357765197754e-01 7.194117903709411621e+00 1.391302490234375000e+01
7.248065471649169922e+00 9.169132113456726074e-01 7.248065471649169922e+00 1.419223308563232422e+01
7.302013635635375977e+00 9.106746315956115723e-01 7.302013635635375977e+00 1.447368621826171875e+01
7.355960607528686523e+00 8.951335549354553223e-01 7.355960607528686523e+00 1.475443935394287109e+01
7.409908771514892578e+00 8.883298635482788086e-01 7.409908771514892578e+00 1.503715801239013672e+01
7.463855743408203125e+00 8.739931583404541016e-01 7.463855743408203125e+00 1.531938171386718750e+01
7.517803907394409180e+00 8.691806197166442871e-01 7.517803907394409180e+00 1.560412406921386719e+01
7.571752071380615234e+00 8.646326661109924316e-01 7.571752071380615234e+00 1.589145374298095703e+01
7.625699043273925781e+00 8.645166158676147461e-01 7.625699043273925781e+00 1.618285369873046875e+01
7.679647207260131836e+00 8.608984947204589844e-01 7.679647207260131836e+00 1.647715568542480469e+01
7.733594179153442383e+00 8.656803369522094727e-01 7.733594179153442383e+00 1.677726364135742188e+01
7.787542343139648438e+00 8.629285097122192383e-01 7.787542343139648438e+00 1.708060455322265625e+01
7.841489911079406738e+00 8.652273416519165039e-01 7.841489911079406738e+00 1.738898658752441406e+01
7.895437479019165039e+00 8.637467026710510254e-01 7.895437479019165039e+00 1.770108604431152344e+01
7.949385643005371094e+00 8.628697991371154785e-01 7.949385643005371094e+00 1.801714706420898438e+01
8.003332614898681641e+00 8.710542917251586914e-01 8.003332614898681641e+00 1.834054756164550781e+01
8.057280778884887695e+00 8.639228940010070801e-01 8.057280778884887695e+00 1.866564178466796875e+01
8.111227750778198242e+00 8.780559301376342773e-01 8.111227750778198242e+00 1.900049209594726562e+01
8.165175914764404297e+00 8.848984241485595703e-01 8.165175914764404297e+00 1.934246063232421875e+01
