# distance (\AA)	RDF	distance (\AA)	cdf
1.256553269922733307e-01 0.000000000000000000e+00 1.256553269922733307e-01 0.000000000000000000e+00
1.769660040736198425e-01 0.000000000000000000e+00 1.769660040736198425e-01 0.000000000000000000e+00
2.282766625285148621e-01 0.000000000000000000e+00 2.282766625285148621e-01 0.000000000000000000e+00
2.795873209834098816e-01 0.000000000000000000e+00 2.795873209834098816e-01 0.000000000000000000e+00
3.308980166912078857e-01 0.000000000000000000e+00 3.308980166912078857e-01 0.000000000000000000e+00
3.822086751461029053e-01 0.000000000000000000e+00 3.822086751461029053e-01 0.000000000000000000e+00
4.335193336009979248e-01 0.000000000000000000e+00 4.335193336009979248e-01 0.000000000000000000e+00
4.848299920558929443e-01 0.000000000000000000e+00 4.848299920558929443e-01 0.000000000000000000e+00
5.361406505107879639e-01 0.000000000000000000e+00 5.361406505107879639e-01 0.000000000000000000e+00
5.874513089656829834e-01 0.000000000000000000e+00 5.874513089656829834e-01 0.000000000000000000e+00
6.387619674205780029e-01 0.000000000000000000e+00 6.387619674205780029e-01 0.000000000000000000e+00
6.900727003812789917e-01 0.000000000000000000e+00 6.900727003812789917e-01 0.000000000000000000e+00
7.413833588361740112e-01 0.000000000000000000e+00 7.413833588361740112e-01 0.000000000000000000e+00
7.926940172910690308e-01 0.000000000000000000e+00 7.926940172910690308e-01 0.000000000000000000e+00
8.440046757459640503e-01 0.000000000000000000e+00 8.440046757459640503e-01 0.000000000000000000e+00
8.953153342008590698e-01 0.000000000000000000e+00 8.953153342008590698e-01 0.000000000000000000e+00
9.466259926557540894e-01 0.000000000000000000e+00 9.466259926557540894e-01 0.000000000000000000e+00
9.979366511106491089e-01 0.000000000000000000e+00 9.979366511106491089e-01 0.000000000000000000e+00
1.049247309565544128e+00 0.000000000000000000e+00 1.049247309565544128e+00 0.000000000000000000e+00
1.100557968020439148e+00 0.000000000000000000e+00 1.100557968020439148e+00 0.000000000000000000e+00
1.151868700981140137e+00 0.000000000000000000e+00 1.151868700981140137e+00 0.000000000000000000e+00
1.203179359436035156e+00 0.000000000000000000e+00 1.203179359436035156e+00 0.000000000000000000e+00
1.254490017890930176e+00 0.000000000000000000e+00 1.254490017890930176e+00 0.000000000000000000e+00
1.305800676345825195e+00 0.000000000000000000e+00 1.305800676345825195e+00 0.000000000000000000e+00
1.357111334800720215e+00 0.000000000000000000e+00 1.357111334800720215e+00 0.000000000000000000e+00
1.408422142267227173e+00 0.000000000000000000e+00 1.408422142267227173e+00 0.000000000000000000e+00
1.459732800722122192e+00 0.000000000000000000e+00 1.459732800722122192e+00 0.000000000000000000e+00
1.511043459177017212e+00 0.000000000000000000e+00 1.511043459177017212e+00 0.000000000000000000e+00
1.562354117631912231e+00 0.000000000000000000e+00 1.562354117631912231e+00 0.000000000000000000e+00
1.613664776086807251e+00 0.000000000000000000e+00 1.613664776086807251e+00 0.000000000000000000e+00
1.664975434541702271e+00 0.000000000000000000e+00 1.664975434541702271e+00 0.000000000000000000e+00
1.716286092996597290e+00 0.000000000000000000e+00 1.716286092996597290e+00 0.000000000000000000e+00
1.767596751451492310e+00 0.000000000000000000e+00 1.767596751451492310e+00 0.000000000000000000e+00
1.818907409906387329e+00 0.000000000000000000e+00 1.818907409906387329e+00 0.000000000000000000e+00
1.870218068361282349e+00 0.000000000000000000e+00 1.870218068361282349e+00 0.000000000000000000e+00
1.921528726816177368e+00 0.000000000000000000e+00 1.921528726816177368e+00 0.000000000000000000e+00
1.972839385271072388e+00 0.000000000000000000e+00 1.972839385271072388e+00 0.000000000000000000e+00
2.024150043725967407e+00 0.000000000000000000e+00 2.024150043725967407e+00 0.000000000000000000e+00
2.075460702180862427e+00 0.000000000000000000e+00 2.075460702180862427e+00 0.000000000000000000e+00
2.126771360635757446e+00 0.000000000000000000e+00 2.126771360635757446e+00 0.000000000000000000e+00
2.178082168102264404e+00 0.000000000000000000e+00 2.178082168102264404e+00 0.000000000000000000e+00
2.229392826557159424e+00 0.000000000000000000e+00 2.229392826557159424e+00 0.000000000000000000e+00
2.280703485012054443e+00 0.000000000000000000e+00 2.280703485012054443e+00 0.000000000000000000e+00
2.332014143466949463e+00 0.000000000000000000e+00 2.332014143466949463e+00 0.000000000000000000e+00
2.383324801921844482e+00 0.000000000000000000e+00 2.383324801921844482e+00 0.000000000000000000e+00
2.434635460376739502e+00 0.000000000000000000e+00 2.434635460376739502e+00 0.000000000000000000e+00
2.485946118831634521e+00 0.000000000000000000e+00 2.485946118831634521e+00 0.000000000000000000e+00
2.537256777286529541e+00 0.000000000000000000e+00 2.537256777286529541e+00 0.000000000000000000e+00
2.588567435741424561e+00 0.000000000000000000e+00 2.588567435741424561e+00 0.000000000000000000e+00
2.639878094196319580e+00 0.000000000000000000e+00 2.639878094196319580e+00 0.000000000000000000e+00
2.691188752651214600e+00 0.000000000000000000e+00 2.691188752651214600e+00 0.000000000000000000e+00
2.742499411106109619e+00 0.000000000000000000e+00 2.742499411106109619e+00 0.000000000000000000e+00
2.793810069561004639e+00 0.000000000000000000e+00 2.793810069561004639e+00 0.000000000000000000e+00
2.845120728015899658e+00 0.000000000000000000e+00 2.845120728015899658e+00 0.000000000000000000e+00
2.896431386470794678e+00 0.000000000000000000e+00 2.896431386470794678e+00 0.000000000000000000e+00
2.947742044925689697e+00 0.000000000000000000e+00 2.947742044925689697e+00 0.000000000000000000e+00
2.999052703380584717e+00 0.000000000000000000e+00 2.999052703380584717e+00 0.000000000000000000e+00
3.050363361835479736e+00 0.000000000000000000e+00 3.050363361835479736e+00 0.000000000000000000e+00
3.101674020290374756e+00 0.000000000000000000e+00 3.101674020290374756e+00 0.000000000000000000e+00
3.152984678745269775e+00 0.000000000000000000e+00 3.152984678745269775e+00 0.000000000000000000e+00
3.204295337200164795e+00 0.000000000000000000e+00 3.204295337200164795e+00 0.000000000000000000e+00
3.255605995655059814e+00 0.000000000000000000e+00 3.255605995655059814e+00 0.000000000000000000e+00
3.306916654109954834e+00 0.000000000000000000e+00 3.306916654109954834e+00 0.000000000000000000e+00
3.358227312564849854e+00 3.136692394036799669e-04 3.358227312564849854e+00 1.042269195750122890e-05
3.409537971019744873e+00 3.042995231226086617e-04 3.409537971019744873e+00 2.084538391500245780e-05
3.460848629474639893e+00 5.906852311454713345e-04 3.460848629474639893e+00 4.169076783000491560e-05
3.512159287929534912e+00 2.867774339392781258e-03 3.512159287929534912e+00 1.459176855860278010e-04
3.563469946384429932e+00 5.571553483605384827e-03 3.563469946384429932e+00 3.543715283740311861e-04
3.614780604839324951e+00 1.719106920063495636e-02 3.614780604839324951e+00 1.016212510876357555e-03
3.666091263294219971e+00 3.882206231355667114e-02 3.666091263294219971e+00 2.553559606894850731e-03
3.717401921749114990e+00 7.397969067096710205e-02 3.717401921749114990e+00 5.565717816352844238e-03
3.768712580204010010e+00 1.417161524295806885e-01 3.768712580204010010e+00 1.149622909724712372e-02
3.820023238658905029e+00 2.275080382823944092e-01 3.820023238658905029e+00 2.127792686223983765e-02
3.871333897113800049e+00 3.552291691303253174e-01 3.871333897113800049e+00 3.696407750248908997e-02
3.922644555568695068e+00 4.970406293869018555e-01 3.922644555568695068e+00 5.949793756008148193e-02
3.973955214023590088e+00 6.246257424354553223e-01 3.973955214023590088e+00 8.856161683797836304e-02
4.025265872478485107e+00 7.550781965255737305e-01 4.025265872478485107e+00 1.246085017919540405e-01
4.076576530933380127e+00 9.208517670631408691e-01 4.076576530933380127e+00 1.696970760822296143e-01
4.127887189388275146e+00 1.018099069595336914e+00 4.127887189388275146e+00 2.208099663257598877e-01
4.179197847843170166e+00 1.134826183319091797e+00 4.179197847843170166e+00 2.792083024978637695e-01
4.230508804321289062e+00 1.174860000610351562e+00 4.230508804321289062e+00 3.411607742309570312e-01
4.281819462776184082e+00 1.249718189239501953e+00 4.281819462776184082e+00 4.086685478687286377e-01
4.333130121231079102e+00 1.325334787368774414e+00 4.333130121231079102e+00 4.819869697093963623e-01
4.384440779685974121e+00 1.349973201751708984e+00 4.384440779685974121e+00 5.584478378295898438e-01
4.435751438140869141e+00 1.387695908546447754e+00 4.435751438140869141e+00 6.388953924179077148e-01
4.487062096595764160e+00 1.427211165428161621e+00 4.487062096595764160e+00 7.235589027404785156e-01
4.538372755050659180e+00 1.456003189086914062e+00 4.538372755050659180e+00 8.119173049926757812e-01
4.589683413505554199e+00 1.488289475440979004e+00 4.589683413505554199e+00 9.042884111404418945e-01
4.640994071960449219e+00 1.529262781143188477e+00 4.640994071960449219e+00 1.001336693763732910e+00
4.692304730415344238e+00 1.551749110221862793e+00 4.692304730415344238e+00 1.102001667022705078e+00
4.743615388870239258e+00 1.609424471855163574e+00 4.743615388870239258e+00 1.208703994750976562e+00
4.794926047325134277e+00 1.634634613990783691e+00 4.794926047325134277e+00 1.319434642791748047e+00
4.846236705780029297e+00 1.660149931907653809e+00 4.846236705780029297e+00 1.434313535690307617e+00
4.897547364234924316e+00 1.642655491828918457e+00 4.897547364234924316e+00 1.550401449203491211e+00
4.948858022689819336e+00 1.700991511344909668e+00 4.948858022689819336e+00 1.673144340515136719e+00
5.000168681144714355e+00 1.817149281501770020e+00 5.000168681144714355e+00 1.807003021240234375e+00
5.051479339599609375e+00 1.963985323905944824e+00 5.051479339599609375e+00 1.954661250114440918e+00
5.102790594100952148e+00 2.158218860626220703e+00 5.102790594100952148e+00 2.120236158370971680e+00
5.154100656509399414e+00 2.273933887481689453e+00 5.154100656509399414e+00 2.298213958740234375e+00
5.205411911010742188e+00 2.297597408294677734e+00 5.205411911010742188e+00 2.481642961502075195e+00
5.256721973419189453e+00 2.216674089431762695e+00 5.256721973419189453e+00 2.662117004394531250e+00
5.308033227920532227e+00 2.084976196289062500e+00 5.308033227920532227e+00 2.835198879241943359e+00
5.359343290328979492e+00 1.816042661666870117e+00 5.359343290328979492e+00 2.988883972167968750e+00
5.410654544830322266e+00 1.570996642112731934e+00 5.410654544830322266e+00 3.124389410018920898e+00
5.461964607238769531e+00 1.341926813125610352e+00 5.461964607238769531e+00 3.242342948913574219e+00
5.513275861740112305e+00 1.168919801712036133e+00 5.513275861740112305e+00 3.347028493881225586e+00
5.564585924148559570e+00 1.077487468719482422e+00 5.564585924148559570e+00 3.445330142974853516e+00
5.615897178649902344e+00 1.016446828842163086e+00 5.615897178649902344e+00 3.539780616760253906e+00
5.667207241058349609e+00 9.671119451522827148e-01 5.667207241058349609e+00 3.631297111511230469e+00
5.718518495559692383e+00 9.543809294700622559e-01 5.718518495559692383e+00 3.723251342773437500e+00
5.769828557968139648e+00 9.147964715957641602e-01 5.769828557968139648e+00 3.812980175018310547e+00
5.821139812469482422e+00 8.886398673057556152e-01 5.821139812469482422e+00 3.901700735092163086e+00
5.872449874877929688e+00 8.842065334320068359e-01 5.872449874877929688e+00 3.991541624069213867e+00
5.923761129379272461e+00 8.633844852447509766e-01 5.923761129379272461e+00 4.080806732177734375e+00
5.975071191787719727e+00 8.524861931800842285e-01 5.975071191787719727e+00 4.170478343963623047e+00
6.026382446289062500e+00 8.417313694953918457e-01 6.026382446289062500e+00 4.260546207427978516e+00
6.077692508697509766e+00 8.232209682464599609e-01 6.077692508697509766e+00 4.350139617919921875e+00
6.129003763198852539e+00 8.142980933189392090e-01 6.129003763198852539e+00 4.440264701843261719e+00
6.180313825607299805e+00 7.951385974884033203e-01 6.180313825607299805e+00 4.529748916625976562e+00
6.231625080108642578e+00 7.869699001312255859e-01 6.231625080108642578e+00 4.619790554046630859e+00
6.282935142517089844e+00 7.756927013397216797e-01 6.282935142517089844e+00 4.710009574890136719e+00
6.334246397018432617e+00 7.644986510276794434e-01 6.334246397018432617e+00 4.800384521484375000e+00
6.385556459426879883e+00 7.751694321632385254e-01 6.385556459426879883e+00 4.893511295318603516e+00
6.436867713928222656e+00 7.543199062347412109e-01 6.436867713928222656e+00 4.985595703125000000e+00
6.488177776336669922e+00 7.589049935340881348e-01 6.488177776336669922e+00 5.079722881317138672e+00
6.539489030838012695e+00 7.839793562889099121e-01 6.539489030838012695e+00 5.178503990173339844e+00
6.590799093246459961e+00 7.636350989341735840e-01 6.590799093246459961e+00 5.276237487792968750e+00
6.642110347747802734e+00 7.617051601409912109e-01 6.642110347747802734e+00 5.375247955322265625e+00
6.693420410156250000e+00 7.363699674606323242e-01 6.693420410156250000e+00 5.472449779510498047e+00
6.744731664657592773e+00 7.118769884109497070e-01 6.744731664657592773e+00 5.567864418029785156e+00
6.796041727066040039e+00 7.046490311622619629e-01 6.796041727066040039e+00 5.663753032684326172e+00
6.847352981567382812e+00 7.041274905204772949e-01 6.847352981567382812e+00 5.761022567749023438e+00
6.898663043975830078e+00 7.078894972801208496e-01 6.898663043975830078e+00 5.860282897949218750e+00
6.949974298477172852e+00 6.984255313873291016e-01 6.949974298477172852e+00 5.959679126739501953e+00
7.001284360885620117e+00 7.147486805915832520e-01 7.001284360885620117e+00 6.062905311584472656e+00
7.052595615386962891e+00 7.128159999847412109e-01 7.052595615386962891e+00 6.167366981506347656e+00
7.103905677795410156e+00 7.125418186187744141e-01 7.103905677795410156e+00 6.273313522338867188e+00
7.155216932296752930e+00 7.352516055107116699e-01 7.155216932296752930e+00 6.384221553802490234e+00
7.206526994705200195e+00 7.382695078849792480e-01 7.206526994705200195e+00 6.497188091278076172e+00
7.257838249206542969e+00 7.437539696693420410e-01 7.257838249206542969e+00 6.612619400024414062e+00
7.309148311614990234e+00 7.350000143051147461e-01 7.309148311614990234e+00 6.728311061859130859e+00
7.360459566116333008e+00 7.287054657936096191e-01 7.360459566116333008e+00 6.844628334045410156e+00
7.411769628524780273e+00 7.389703392982482910e-01 7.411769628524780273e+00 6.964233875274658203e+00
7.463080883026123047e+00 7.367811203002929688e-01 7.463080883026123047e+00 7.085142135620117188e+00
7.514390945434570312e+00 7.450924515724182129e-01 7.514390945434570312e+00 7.209101676940917969e+00
7.565702199935913086e+00 7.705629467964172363e-01 7.565702199935913086e+00 7.339054584503173828e+00
7.617012262344360352e+00 7.793710827827453613e-01 7.617012262344360352e+00 7.472282409667968750e+00
7.668323516845703125e+00 7.869334220886230469e-01 7.668323516845703125e+00 7.608621597290039062e+00
7.719633579254150391e+00 7.923571467399597168e-01 7.719633579254150391e+00 7.747743606567382812e+00
7.770944833755493164e+00 8.070917129516601562e-01 7.770944833755493164e+00 7.891342163085937500e+00
