# distance (\AA)	RDF	distance (\AA)	cdf
1.256553269922733307e-01 0.000000000000000000e+00 1.256553269922733307e-01 0.000000000000000000e+00
1.769660040736198425e-01 0.000000000000000000e+00 1.769660040736198425e-01 0.000000000000000000e+00
2.282766625285148621e-01 0.000000000000000000e+00 2.282766625285148621e-01 0.000000000000000000e+00
2.795873209834098816e-01 0.000000000000000000e+00 2.795873209834098816e-01 0.000000000000000000e+00
3.308980166912078857e-01 0.000000000000000000e+00 3.308980166912078857e-01 0.000000000000000000e+00
3.822086751461029053e-01 0.000000000000000000e+00 3.822086751461029053e-01 0.000000000000000000e+00
4.335193336009979248e-01 0.000000000000000000e+00 4.335193336009979248e-01 0.000000000000000000e+00
4.848299920558929443e-01 0.000000000000000000e+00 4.848299920558929443e-01 0.000000000000000000e+00
5.361406505107879639e-01 0.000000000000000000e+00 5.361406505107879639e-01 0.000000000000000000e+00
5.874513089656829834e-01 0.000000000000000000e+00 5.874513089656829834e-01 0.000000000000000000e+00
6.387619674205780029e-01 0.000000000000000000e+00 6.387619674205780029e-01 0.000000000000000000e+00
6.900727003812789917e-01 0.000000000000000000e+00 6.900727003812789917e-01 0.000000000000000000e+00
7.413833588361740112e-01 0.000000000000000000e+00 7.413833588361740112e-01 0.000000000000000000e+00
7.926940172910690308e-01 0.000000000000000000e+00 7.926940172910690308e-01 0.000000000000000000e+00
8.440046757459640503e-01 0.000000000000000000e+00 8.440046757459640503e-01 0.000000000000000000e+00
8.953153342008590698e-01 0.000000000000000000e+00 8.953153342008590698e-01 0.000000000000000000e+00
9.466259926557540894e-01 0.000000000000000000e+00 9.466259926557540894e-01 0.000000000000000000e+00
9.979366511106491089e-01 0.000000000000000000e+00 9.979366511106491089e-01 0.000000000000000000e+00
1.049247309565544128e+00 0.000000000000000000e+00 1.049247309565544128e+00 0.000000000000000000e+00
1.100557968020439148e+00 0.000000000000000000e+00 1.100557968020439148e+00 0.000000000000000000e+00
1.151868700981140137e+00 0.000000000000000000e+00 1.151868700981140137e+00 0.000000000000000000e+00
1.203179359436035156e+00 0.000000000000000000e+00 1.203179359436035156e+00 0.000000000000000000e+00
1.254490017890930176e+00 0.000000000000000000e+00 1.254490017890930176e+00 0.000000000000000000e+00
1.305800676345825195e+00 0.000000000000000000e+00 1.305800676345825195e+00 0.000000000000000000e+00
1.357111334800720215e+00 0.000000000000000000e+00 1.357111334800720215e+00 0.000000000000000000e+00
1.408422142267227173e+00 0.000000000000000000e+00 1.408422142267227173e+00 0.000000000000000000e+00
1.459732800722122192e+00 0.000000000000000000e+00 1.459732800722122192e+00 0.000000000000000000e+00
1.511043459177017212e+00 0.000000000000000000e+00 1.511043459177017212e+00 0.000000000000000000e+00
1.562354117631912231e+00 0.000000000000000000e+00 1.562354117631912231e+00 0.000000000000000000e+00
1.613664776086807251e+00 8.050848264247179031e-04 1.613664776086807251e+00 1.715860344120301306e-05
1.664975434541702271e+00 2.258611470460891724e-02 1.664975434541702271e+00 5.296289455145597458e-04
1.716286092996597290e+00 2.979148328304290771e-01 1.716286092996597290e+00 7.712220773100852966e-03
1.767596751451492310e+00 1.703881382942199707e+00 1.767596751451492310e+00 5.128478258848190308e-02
1.818907409906387329e+00 5.436533451080322266e+00 1.818907409906387329e+00 1.984987556934356689e-01
1.870218068361282349e+00 1.082041835784912109e+01 1.870218068361282349e+00 5.082641839981079102e-01
1.921528726816177368e+00 1.518236351013183594e+01 1.921528726816177368e+00 9.670772552490234375e-01
1.972839385271072388e+00 1.622288131713867188e+01 1.972839385271072388e+00 1.483865737915039062e+00
2.024150043725967407e+00 1.424008083343505859e+01 2.024150043725967407e+00 1.961393117904663086e+00
2.075460702180862427e+00 1.083378028869628906e+01 2.075460702180862427e+00 2.343344688415527344e+00
2.126771360635757446e+00 7.465186595916748047e+00 2.126771360635757446e+00 2.619708061218261719e+00
2.178082168102264404e+00 4.864139556884765625e+00 2.178082168102264404e+00 2.808573961257934570e+00
2.229392826557159424e+00 3.097856044769287109e+00 2.229392826557159424e+00 2.934591293334960938e+00
2.280703485012054443e+00 1.952785253524780273e+00 2.280703485012054443e+00 3.017726898193359375e+00
2.332014143466949463e+00 1.231134772300720215e+00 2.332014143466949463e+00 3.072524547576904297e+00
2.383324801921844482e+00 8.076229095458984375e-01 2.383324801921844482e+00 3.110070943832397461e+00
2.434635460376739502e+00 5.268307924270629883e-01 2.434635460376739502e+00 3.135629177093505859e+00
2.485946118831634521e+00 3.696574866771697998e-01 2.485946118831634521e+00 3.154326438903808594e+00
2.537256777286529541e+00 2.696665227413177490e-01 2.537256777286529541e+00 3.168534994125366211e+00
2.588567435741424561e+00 2.066856622695922852e-01 2.588567435741424561e+00 3.179869890213012695e+00
2.639878094196319580e+00 1.653169393539428711e-01 2.639878094196319580e+00 3.189299106597900391e+00
2.691188752651214600e+00 1.383665204048156738e-01 2.691188752651214600e+00 3.197500944137573242e+00
2.742499411106109619e+00 1.283689439296722412e-01 2.742499411106109619e+00 3.205403089523315430e+00
2.793810069561004639e+00 1.250582635402679443e-01 2.793810069561004639e+00 3.213392019271850586e+00
2.845120728015899658e+00 1.254225522279739380e-01 2.845120728015899658e+00 3.221701383590698242e+00
2.896431386470794678e+00 1.337632834911346436e-01 2.896431386470794678e+00 3.230885744094848633e+00
2.947742044925689697e+00 1.451519429683685303e-01 2.947742044925689697e+00 3.241208314895629883e+00
2.999052703380584717e+00 1.618121713399887085e-01 2.999052703380584717e+00 3.253119707107543945e+00
3.050363361835479736e+00 1.894754469394683838e-01 3.050363361835479736e+00 3.267549037933349609e+00
3.101674020290374756e+00 2.235745042562484741e-01 3.101674020290374756e+00 3.285152673721313477e+00
3.152984678745269775e+00 2.628499865531921387e-01 3.152984678745269775e+00 3.306539058685302734e+00
3.204295337200164795e+00 3.194732964038848877e-01 3.204295337200164795e+00 3.333385467529296875e+00
3.255605995655059814e+00 3.837372362613677979e-01 3.255605995655059814e+00 3.366673231124877930e+00
3.306916654109954834e+00 4.654513895511627197e-01 3.306916654109954834e+00 3.408332109451293945e+00
3.358227312564849854e+00 5.562214851379394531e-01 3.358227312564849854e+00 3.459671735763549805e+00
3.409537971019744873e+00 6.515290141105651855e-01 3.409537971019744873e+00 3.521660089492797852e+00
3.460848629474639893e+00 7.543759346008300781e-01 3.460848629474639893e+00 3.595610141754150391e+00
3.512159287929534912e+00 8.837524652481079102e-01 3.512159287929534912e+00 3.684830188751220703e+00
3.563469946384429932e+00 1.010365962982177734e+00 3.563469946384429932e+00 3.789835214614868164e+00
3.614780604839324951e+00 1.142195701599121094e+00 3.614780604839324951e+00 3.911983966827392578e+00
3.666091263294219971e+00 1.264688253402709961e+00 3.666091263294219971e+00 4.051098823547363281e+00
3.717401921749114990e+00 1.377208948135375977e+00 3.717401921749114990e+00 4.206861019134521484e+00
3.768712580204010010e+00 1.488701701164245605e+00 3.768712580204010010e+00 4.379913330078125000e+00
3.820023238658905029e+00 1.582432746887207031e+00 3.820023238658905029e+00 4.568903923034667969e+00
3.871333897113800049e+00 1.661556601524353027e+00 3.871333897113800049e+00 4.772711753845214844e+00
3.922644555568695068e+00 1.739084839820861816e+00 3.922644555568695068e+00 4.991720676422119141e+00
3.973955214023590088e+00 1.769574165344238281e+00 3.973955214023590088e+00 5.220437049865722656e+00
4.025265872478485107e+00 1.800115466117858887e+00 4.025265872478485107e+00 5.459148883819580078e+00
4.076576530933380127e+00 1.807293534278869629e+00 4.076576530933380127e+00 5.704960823059082031e+00
4.127887189388275146e+00 1.787565469741821289e+00 4.127887189388275146e+00 5.954247951507568359e+00
4.179197847843170166e+00 1.743970155715942383e+00 4.179197847843170166e+00 6.203539371490478516e+00
4.230508804321289062e+00 1.689942240715026855e+00 4.230508804321289062e+00 6.451077461242675781e+00
4.281819462776184082e+00 1.617284297943115234e+00 4.281819462776184082e+00 6.693752765655517578e+00
4.333130121231079102e+00 1.555257558822631836e+00 4.333130121231079102e+00 6.932746887207031250e+00
4.384440779685974121e+00 1.476463913917541504e+00 4.384440779685974121e+00 7.165039062500000000e+00
4.435751438140869141e+00 1.385118842124938965e+00 4.435751438140869141e+00 7.388089656829833984e+00
4.487062096595764160e+00 1.291900753974914551e+00 4.487062096595764160e+00 7.600969791412353516e+00
4.538372755050659180e+00 1.209723472595214844e+00 4.538372755050659180e+00 7.804893970489501953e+00
4.589683413505554199e+00 1.131714701652526855e+00 4.589683413505554199e+00 8.000005722045898438e+00
4.640994071960449219e+00 1.065446138381958008e+00 4.640994071960449219e+00 8.187822341918945312e+00
4.692304730415344238e+00 1.009787797927856445e+00 4.692304730415344238e+00 8.369786262512207031e+00
4.743615388870239258e+00 9.609729647636413574e-01 4.743615388870239258e+00 8.546761512756347656e+00
4.794926047325134277e+00 9.283413887023925781e-01 4.794926047325134277e+00 8.721445083618164062e+00
4.846236705780029297e+00 8.989376425743103027e-01 4.846236705780029297e+00 8.894235610961914062e+00
4.897547364234924316e+00 8.690189719200134277e-01 4.897547364234924316e+00 9.064830780029296875e+00
4.948858022689819336e+00 8.446705341339111328e-01 4.948858022689819336e+00 9.234139442443847656e+00
5.000168681144714355e+00 8.217616677284240723e-01 5.000168681144714355e+00 9.402290344238281250e+00
5.051479339599609375e+00 8.136388063430786133e-01 5.051479339599609375e+00 9.572212219238281250e+00
5.102790594100952148e+00 8.010276556015014648e-01 5.102790594100952148e+00 9.742916107177734375e+00
5.154100656509399414e+00 7.880591750144958496e-01 5.154100656509399414e+00 9.914250373840332031e+00
5.205411911010742188e+00 7.806645631790161133e-01 5.205411911010742188e+00 1.008737373352050781e+01
5.256721973419189453e+00 7.759601473808288574e-01 5.256721973419189453e+00 1.026286315917968750e+01
5.308033227920532227e+00 7.764782309532165527e-01 5.308033227920532227e+00 1.044191455841064453e+01
5.359343290328979492e+00 7.815165519714355469e-01 5.359343290328979492e+00 1.062562847137451172e+01
5.410654544830322266e+00 7.798044681549072266e-01 5.410654544830322266e+00 1.081246662139892578e+01
5.461964607238769531e+00 7.743436694145202637e-01 5.461964607238769531e+00 1.100153255462646484e+01
5.513275861740112305e+00 7.780583500862121582e-01 5.513275861740112305e+00 1.119509029388427734e+01
5.564585924148559570e+00 7.863309979438781738e-01 5.564585924148559570e+00 1.139436435699462891e+01
5.615897178649902344e+00 7.931345701217651367e-01 5.615897178649902344e+00 1.159908580780029297e+01
5.667207241058349609e+00 8.011829257011413574e-01 5.667207241058349609e+00 1.180968284606933594e+01
5.718518495559692383e+00 8.122090697288513184e-01 5.718518495559692383e+00 1.202706050872802734e+01
5.769828557968139648e+00 8.200632929801940918e-01 5.769828557968139648e+00 1.225049686431884766e+01
5.821139812469482422e+00 8.203330636024475098e-01 5.821139812469482422e+00 1.247799968719482422e+01
5.872449874877929688e+00 8.320930004119873047e-01 5.872449874877929688e+00 1.271284961700439453e+01
5.923761129379272461e+00 8.442707061767578125e-01 5.923761129379272461e+00 1.295531940460205078e+01
5.975071191787719727e+00 8.528234958648681641e-01 5.975071191787719727e+00 1.320450592041015625e+01
6.026382446289062500e+00 8.541752696037292480e-01 6.026382446289062500e+00 1.345839309692382812e+01
6.077692508697509766e+00 8.674615621566772461e-01 6.077692508697509766e+00 1.372063827514648438e+01
6.129003763198852539e+00 8.688041567802429199e-01 6.129003763198852539e+00 1.398774242401123047e+01
6.180313825607299805e+00 8.782571554183959961e-01 6.180313825607299805e+00 1.426229286193847656e+01
6.231625080108642578e+00 8.818980455398559570e-01 6.231625080108642578e+00 1.454257869720458984e+01
6.282935142517089844e+00 8.836988210678100586e-01 6.282935142517089844e+00 1.482808113098144531e+01
6.334246397018432617e+00 8.895847797393798828e-01 6.334246397018432617e+00 1.512019824981689453e+01
6.385556459426879883e+00 8.884547352790832520e-01 6.385556459426879883e+00 1.541668891906738281e+01
6.436867713928222656e+00 8.883972764015197754e-01 6.436867713928222656e+00 1.571794509887695312e+01
6.488177776336669922e+00 8.936763405799865723e-01 6.488177776336669922e+00 1.602584266662597656e+01
6.539489030838012695e+00 8.953521251678466797e-01 6.539489030838012695e+00 1.633921432495117188e+01
6.590799093246459961e+00 8.947922587394714355e-01 6.590799093246459961e+00 1.665732383728027344e+01
6.642110347747802734e+00 8.956167697906494141e-01 6.642110347747802734e+00 1.698070335388183594e+01
6.693420410156250000e+00 8.961424231529235840e-01 6.693420410156250000e+00 1.730929374694824219e+01
6.744731664657592773e+00 8.943631052970886230e-01 6.744731664657592773e+00 1.764227676391601562e+01
6.796041727066040039e+00 8.943404555320739746e-01 6.796041727066040039e+00 1.798033714294433594e+01
6.847352981567382812e+00 8.906518220901489258e-01 6.847352981567382812e+00 1.832210540771484375e+01
6.898663043975830078e+00 8.880749344825744629e-01 6.898663043975830078e+00 1.866801071166992188e+01
6.949974298477172852e+00 8.793104887008666992e-01 6.949974298477172852e+00 1.901561737060546875e+01
7.001284360885620117e+00 8.751503229141235352e-01 7.001284360885620117e+00 1.936670684814453125e+01
7.052595615386962891e+00 8.736346364021301270e-01 7.052595615386962891e+00 1.972234344482421875e+01
7.103905677795410156e+00 8.732671737670898438e-01 7.103905677795410156e+00 2.008302307128906250e+01
7.155216932296752930e+00 8.673839569091796875e-01 7.155216932296752930e+00 2.044646453857421875e+01
7.206526994705200195e+00 8.616217374801635742e-01 7.206526994705200195e+00 2.081269073486328125e+01
7.257838249206542969e+00 8.614584803581237793e-01 7.257838249206542969e+00 2.118407821655273438e+01
7.309148311614990234e+00 8.575696945190429688e-01 7.309148311614990234e+00 2.155903625488281250e+01
7.360459566116333008e+00 8.547329306602478027e-01 7.360459566116333008e+00 2.193801879882812500e+01
7.411769628524780273e+00 8.552748560905456543e-01 7.411769628524780273e+00 2.232254600524902344e+01
7.463080883026123047e+00 8.556780815124511719e-01 7.463080883026123047e+00 2.271260070800781250e+01
7.514390945434570312e+00 8.519068956375122070e-01 7.514390945434570312e+00 2.310629653930664062e+01
7.565702199935913086e+00 8.505172729492187500e-01 7.565702199935913086e+00 2.350473213195800781e+01
7.617012262344360352e+00 8.517407178878784180e-01 7.617012262344360352e+00 2.390917396545410156e+01
7.668323516845703125e+00 8.457165956497192383e-01 7.668323516845703125e+00 2.431618499755859375e+01
7.719633579254150391e+00 8.467245101928710938e-01 7.719633579254150391e+00 2.472915077209472656e+01
7.770944833755493164e+00 8.488690257072448730e-01 7.770944833755493164e+00 2.514868354797363281e+01
