# distance (\AA)	RDF	distance (\AA)	cdf
1.256553269922733307e-01 0.000000000000000000e+00 1.256553269922733307e-01 0.000000000000000000e+00
1.769660040736198425e-01 0.000000000000000000e+00 1.769660040736198425e-01 0.000000000000000000e+00
2.282766625285148621e-01 0.000000000000000000e+00 2.282766625285148621e-01 0.000000000000000000e+00
2.795873209834098816e-01 0.000000000000000000e+00 2.795873209834098816e-01 0.000000000000000000e+00
3.308980166912078857e-01 0.000000000000000000e+00 3.308980166912078857e-01 0.000000000000000000e+00
3.822086751461029053e-01 0.000000000000000000e+00 3.822086751461029053e-01 0.000000000000000000e+00
4.335193336009979248e-01 0.000000000000000000e+00 4.335193336009979248e-01 0.000000000000000000e+00
4.848299920558929443e-01 0.000000000000000000e+00 4.848299920558929443e-01 0.000000000000000000e+00
5.361406505107879639e-01 0.000000000000000000e+00 5.361406505107879639e-01 0.000000000000000000e+00
5.874513089656829834e-01 0.000000000000000000e+00 5.874513089656829834e-01 0.000000000000000000e+00
6.387619674205780029e-01 0.000000000000000000e+00 6.387619674205780029e-01 0.000000000000000000e+00
6.900727003812789917e-01 0.000000000000000000e+00 6.900727003812789917e-01 0.000000000000000000e+00
7.413833588361740112e-01 0.000000000000000000e+00 7.413833588361740112e-01 0.000000000000000000e+00
7.926940172910690308e-01 0.000000000000000000e+00 7.926940172910690308e-01 0.000000000000000000e+00
8.440046757459640503e-01 0.000000000000000000e+00 8.440046757459640503e-01 0.000000000000000000e+00
8.953153342008590698e-01 0.000000000000000000e+00 8.953153342008590698e-01 0.000000000000000000e+00
9.466259926557540894e-01 0.000000000000000000e+00 9.466259926557540894e-01 0.000000000000000000e+00
9.979366511106491089e-01 0.000000000000000000e+00 9.979366511106491089e-01 0.000000000000000000e+00
1.049247309565544128e+00 0.000000000000000000e+00 1.049247309565544128e+00 0.000000000000000000e+00
1.100557968020439148e+00 0.000000000000000000e+00 1.100557968020439148e+00 0.000000000000000000e+00
1.151868700981140137e+00 0.000000000000000000e+00 1.151868700981140137e+00 0.000000000000000000e+00
1.203179359436035156e+00 0.000000000000000000e+00 1.203179359436035156e+00 0.000000000000000000e+00
1.254490017890930176e+00 0.000000000000000000e+00 1.254490017890930176e+00 0.000000000000000000e+00
1.305800676345825195e+00 0.000000000000000000e+00 1.305800676345825195e+00 0.000000000000000000e+00
1.357111334800720215e+00 0.000000000000000000e+00 1.357111334800720215e+00 0.000000000000000000e+00
1.408422142267227173e+00 0.000000000000000000e+00 1.408422142267227173e+00 0.000000000000000000e+00
1.459732800722122192e+00 0.000000000000000000e+00 1.459732800722122192e+00 0.000000000000000000e+00
1.511043459177017212e+00 0.000000000000000000e+00 1.511043459177017212e+00 0.000000000000000000e+00
1.562354117631912231e+00 0.000000000000000000e+00 1.562354117631912231e+00 0.000000000000000000e+00
1.613664776086807251e+00 3.647512639872729778e-04 1.613664776086807251e+00 5.597184554062550887e-06
1.664975434541702271e+00 5.310575943440198898e-03 1.664975434541702271e+00 9.235354082193225622e-05
1.716286092996597290e+00 6.271445751190185547e-02 1.716286092996597290e+00 1.181005965918302536e-03
1.767596751451492310e+00 3.545316755771636963e-01 1.767596751451492310e+00 7.708722259849309921e-03
1.818907409906387329e+00 1.138434767723083496e+00 1.818907409906387329e+00 2.990435808897018433e-02
1.870218068361282349e+00 2.334914207458496094e+00 1.870218068361282349e+00 7.803174853324890137e-02
1.921528726816177368e+00 3.542984724044799805e+00 1.921528726816177368e+00 1.551217734813690186e-01
1.972839385271072388e+00 4.249626159667968750e+00 1.972839385271072388e+00 2.525911331176757812e-01
2.024150043725967407e+00 4.237267494201660156e+00 2.024150043725967407e+00 3.548978567123413086e-01
2.075460702180862427e+00 3.681413888931274414e+00 2.075460702180862427e+00 4.483470618724822998e-01
2.126771360635757446e+00 2.956703186035156250e+00 2.126771360635757446e+00 5.271568298339843750e-01
2.178082168102264404e+00 2.237967014312744141e+00 2.178082168102264404e+00 5.897221565246582031e-01
2.229392826557159424e+00 1.690451025962829590e+00 2.229392826557159424e+00 6.392334699630737305e-01
2.280703485012054443e+00 1.254927515983581543e+00 2.280703485012054443e+00 6.777001023292541504e-01
2.332014143466949463e+00 9.410394430160522461e-01 2.332014143466949463e+00 7.078577280044555664e-01
2.383324801921844482e+00 7.365428805351257324e-01 2.383324801921844482e+00 7.325119376182556152e-01
2.434635460376739502e+00 6.038315892219543457e-01 2.434635460376739502e+00 7.536035180091857910e-01
2.485946118831634521e+00 5.209507346153259277e-01 2.485946118831634521e+00 7.725751996040344238e-01
2.537256777286529541e+00 4.476805627346038818e-01 2.537256777286529541e+00 7.895584702491760254e-01
2.588567435741424561e+00 4.016522169113159180e-01 2.588567435741424561e+00 8.054180741310119629e-01
2.639878094196319580e+00 3.621686697006225586e-01 2.639878094196319580e+00 8.202912211418151855e-01
2.691188752651214600e+00 3.467198312282562256e-01 2.691188752651214600e+00 8.350887894630432129e-01
2.742499411106109619e+00 3.277428448200225830e-01 2.742499411106109619e+00 8.496148586273193359e-01
2.793810069561004639e+00 3.278934657573699951e-01 2.793810069561004639e+00 8.646964430809020996e-01
2.845120728015899658e+00 3.340377509593963623e-01 2.845120728015899658e+00 8.806302547454833984e-01
2.896431386470794678e+00 3.321015834808349609e-01 2.896431386470794678e+00 8.970481753349304199e-01
2.947742044925689697e+00 3.449631929397583008e-01 2.947742044925689697e+00 9.147114753723144531e-01
2.999052703380584717e+00 3.533257246017456055e-01 2.999052703380584717e+00 9.334382414817810059e-01
3.050363361835479736e+00 3.785687983036041260e-01 3.050363361835479736e+00 9.541953802108764648e-01
3.101674020290374756e+00 3.981617987155914307e-01 3.101674020290374756e+00 9.767674207687377930e-01
3.152984678745269775e+00 4.293053448200225830e-01 3.152984678745269775e+00 1.001917004585266113e+00
3.204295337200164795e+00 4.668029844760894775e-01 3.204295337200164795e+00 1.030160427093505859e+00
3.255605995655059814e+00 4.912097454071044922e-01 3.255605995655059814e+00 1.060840010643005371e+00
3.306916654109954834e+00 5.435943603515625000e-01 3.306916654109954834e+00 1.095870018005371094e+00
3.358227312564849854e+00 5.952683687210083008e-01 3.358227312564849854e+00 1.135429501533508301e+00
3.409537971019744873e+00 6.490625739097595215e-01 3.409537971019744873e+00 1.179892182350158691e+00
3.460848629474639893e+00 7.051561474800109863e-01 3.460848629474639893e+00 1.229662299156188965e+00
3.512159287929534912e+00 7.820179462432861328e-01 3.512159287929534912e+00 1.286505937576293945e+00
3.563469946384429932e+00 8.347952961921691895e-01 3.563469946384429932e+00 1.348971962928771973e+00
3.614780604839324951e+00 9.078732728958129883e-01 3.614780604839324951e+00 1.418876647949218750e+00
3.666091263294219971e+00 9.884515404701232910e-01 3.666091263294219971e+00 1.497161626815795898e+00
3.717401921749114990e+00 1.066174149513244629e+00 3.717401921749114990e+00 1.583982348442077637e+00
3.768712580204010010e+00 1.136582016944885254e+00 3.768712580204010010e+00 1.679109334945678711e+00
3.820023238658905029e+00 1.215252518653869629e+00 3.820023238658905029e+00 1.783608794212341309e+00
3.871333897113800049e+00 1.273830652236938477e+00 3.871333897113800049e+00 1.896108031272888184e+00
3.922644555568695068e+00 1.330218672752380371e+00 3.922644555568695068e+00 2.016721725463867188e+00
3.973955214023590088e+00 1.381695985794067383e+00 3.973955214023590088e+00 2.145301580429077148e+00
4.025265872478485107e+00 1.438770532608032227e+00 4.025265872478485107e+00 2.282673358917236328e+00
4.076576530933380127e+00 1.486117005348205566e+00 4.076576530933380127e+00 2.428205728530883789e+00
4.127887189388275146e+00 1.514568686485290527e+00 4.127887189388275146e+00 2.580281257629394531e+00
4.179197847843170166e+00 1.565447211265563965e+00 4.179197847843170166e+00 2.741397619247436523e+00
4.230508804321289062e+00 1.597579240798950195e+00 4.230508804321289062e+00 2.909883975982666016e+00
4.281819462776184082e+00 1.625532031059265137e+00 4.281819462776184082e+00 3.085501194000244141e+00
4.333130121231079102e+00 1.651222348213195801e+00 4.333130121231079102e+00 3.268194675445556641e+00
4.384440779685974121e+00 1.646283030509948730e+00 4.384440779685974121e+00 3.454681634902954102e+00
4.435751438140869141e+00 1.618583917617797852e+00 4.435751438140869141e+00 3.642346858978271484e+00
4.487062096595764160e+00 1.566280722618103027e+00 4.487062096595764160e+00 3.828173398971557617e+00
4.538372755050659180e+00 1.498329520225524902e+00 4.538372755050659180e+00 4.010027408599853516e+00
4.589683413505554199e+00 1.415894508361816406e+00 4.589683413505554199e+00 4.185783386230468750e+00
4.640994071960449219e+00 1.347339510917663574e+00 4.640994071960449219e+00 4.356790065765380859e+00
4.692304730415344238e+00 1.283821940422058105e+00 4.692304730415344238e+00 4.523357868194580078e+00
4.743615388870239258e+00 1.231673598289489746e+00 4.743615388870239258e+00 4.686674118041992188e+00
4.794926047325134277e+00 1.183374524116516113e+00 4.794926047325134277e+00 4.846998691558837891e+00
4.846236705780029297e+00 1.150369405746459961e+00 4.846236705780029297e+00 5.006205081939697266e+00
4.897547364234924316e+00 1.115086436271667480e+00 4.897547364234924316e+00 5.163813591003417969e+00
4.948858022689819336e+00 1.083394289016723633e+00 4.948858022689819336e+00 5.320168018341064453e+00
5.000168681144714355e+00 1.063822150230407715e+00 5.000168681144714355e+00 5.476899147033691406e+00
5.051479339599609375e+00 1.030427575111389160e+00 5.051479339599609375e+00 5.631840229034423828e+00
5.102790594100952148e+00 1.010180473327636719e+00 5.102790594100952148e+00 5.786839008331298828e+00
5.154100656509399414e+00 1.005625367164611816e+00 5.154100656509399414e+00 5.944256782531738281e+00
5.205411911010742188e+00 9.895139336585998535e-01 5.205411911010742188e+00 6.102252483367919922e+00
5.256721973419189453e+00 9.768494963645935059e-01 5.256721973419189453e+00 6.261316299438476562e+00
5.308033227920532227e+00 9.678988456726074219e-01 5.308033227920532227e+00 6.422014236450195312e+00
5.359343290328979492e+00 9.622696042060852051e-01 5.359343290328979492e+00 6.584881305694580078e+00
5.410654544830322266e+00 9.600706100463867188e-01 5.410654544830322266e+00 6.750502109527587891e+00
5.461964607238769531e+00 9.564228057861328125e-01 5.461964607238769531e+00 6.918638706207275391e+00
5.513275861740112305e+00 9.610039591789245605e-01 5.513275861740112305e+00 7.090768814086914062e+00
5.564585924148559570e+00 9.677113294601440430e-01 5.564585924148559570e+00 7.267341613769531250e+00
5.615897178649902344e+00 9.682657122611999512e-01 5.615897178649902344e+00 7.447288513183593750e+00
5.667207241058349609e+00 9.790856242179870605e-01 5.667207241058349609e+00 7.632587432861328125e+00
5.718518495559692383e+00 9.885376691818237305e-01 5.718518495559692383e+00 7.823077678680419922e+00
5.769828557968139648e+00 9.981333613395690918e-01 5.769828557968139648e+00 8.018883705139160156e+00
5.821139812469482422e+00 1.015758395195007324e+00 5.821139812469482422e+00 8.221707344055175781e+00
5.872449874877929688e+00 1.043009519577026367e+00 5.872449874877929688e+00 8.433660507202148438e+00
5.923761129379272461e+00 1.055124759674072266e+00 5.923761129379272461e+00 8.651838302612304688e+00
5.975071191787719727e+00 1.076286792755126953e+00 5.975071191787719727e+00 8.878264427185058594e+00
6.026382446289062500e+00 1.090682625770568848e+00 6.026382446289062500e+00 9.111677169799804688e+00
6.077692508697509766e+00 1.099684715270996094e+00 6.077692508697509766e+00 9.351040840148925781e+00
6.129003763198852539e+00 1.114651203155517578e+00 6.129003763198852539e+00 9.597776412963867188e+00
6.180313825607299805e+00 1.130489110946655273e+00 6.180313825607299805e+00 9.852224349975585938e+00
6.231625080108642578e+00 1.139775514602661133e+00 6.231625080108642578e+00 1.011304092407226562e+01
6.282935142517089844e+00 1.146639823913574219e+00 6.282935142517089844e+00 1.037976646423339844e+01
6.334246397018432617e+00 1.145141363143920898e+00 6.334246397018432617e+00 1.065051174163818359e+01
6.385556459426879883e+00 1.152104258537292480e+00 6.385556459426879883e+00 1.092733287811279297e+01
6.436867713928222656e+00 1.157074809074401855e+00 6.436867713928222656e+00 1.120983505249023438e+01
6.488177776336669922e+00 1.153679013252258301e+00 6.488177776336669922e+00 1.149601745605468750e+01
6.539489030838012695e+00 1.145388960838317871e+00 6.539489030838012695e+00 1.178465461730957031e+01
6.590799093246459961e+00 1.141563415527343750e+00 6.590799093246459961e+00 1.207685947418212891e+01
6.642110347747802734e+00 1.132385969161987305e+00 6.642110347747802734e+00 1.237124633789062500e+01
6.693420410156250000e+00 1.108939290046691895e+00 6.693420410156250000e+00 1.266401004791259766e+01
6.744731664657592773e+00 1.098171949386596680e+00 6.744731664657592773e+00 1.295839118957519531e+01
6.796041727066040039e+00 1.081949234008789062e+00 6.796041727066040039e+00 1.325285530090332031e+01
6.847352981567382812e+00 1.058814287185668945e+00 6.847352981567382812e+00 1.354538917541503906e+01
6.898663043975830078e+00 1.036985516548156738e+00 6.898663043975830078e+00 1.383620166778564453e+01
6.949974298477172852e+00 1.014824628829956055e+00 6.949974298477172852e+00 1.412504959106445312e+01
7.001284360885620117e+00 9.987659454345703125e-01 7.001284360885620117e+00 1.441353988647460938e+01
7.052595615386962891e+00 9.758428931236267090e-01 7.052595615386962891e+00 1.469955444335937500e+01
7.103905677795410156e+00 9.624468088150024414e-01 7.103905677795410156e+00 1.498576354980468750e+01
7.155216932296752930e+00 9.488540887832641602e-01 7.155216932296752930e+00 1.527202033996582031e+01
7.206526994705200195e+00 9.436593055725097656e-01 7.206526994705200195e+00 1.556080818176269531e+01
7.257838249206542969e+00 9.339615106582641602e-01 7.257838249206542969e+00 1.585071182250976562e+01
7.309148311614990234e+00 9.201433062553405762e-01 7.309148311614990234e+00 1.614038085937500000e+01
7.360459566116333008e+00 9.123595952987670898e-01 7.360459566116333008e+00 1.643164634704589844e+01
7.411769628524780273e+00 9.048751592636108398e-01 7.411769628524780273e+00 1.672456169128417969e+01
7.463080883026123047e+00 8.902090787887573242e-01 7.463080883026123047e+00 1.701673507690429688e+01
7.514390945434570312e+00 8.941394686698913574e-01 7.514390945434570312e+00 1.731424713134765625e+01
7.565702199935913086e+00 8.897020816802978516e-01 7.565702199935913086e+00 1.761433792114257812e+01
7.617012262344360352e+00 8.789321780204772949e-01 7.617012262344360352e+00 1.791483306884765625e+01
7.668323516845703125e+00 8.803619146347045898e-01 7.668323516845703125e+00 1.821988487243652344e+01
7.719633579254150391e+00 8.774927258491516113e-01 7.719633579254150391e+00 1.852802467346191406e+01
7.770944833755493164e+00 8.744092583656311035e-01 7.770944833755493164e+00 1.883917617797851562e+01
