# distance (\AA)	RDF	distance (\AA)	cdf
1.256553269922733307e-01 0.000000000000000000e+00 1.256553269922733307e-01 0.000000000000000000e+00
1.769660040736198425e-01 0.000000000000000000e+00 1.769660040736198425e-01 0.000000000000000000e+00
2.282766625285148621e-01 0.000000000000000000e+00 2.282766625285148621e-01 0.000000000000000000e+00
2.795873209834098816e-01 0.000000000000000000e+00 2.795873209834098816e-01 0.000000000000000000e+00
3.308980166912078857e-01 0.000000000000000000e+00 3.308980166912078857e-01 0.000000000000000000e+00
3.822086751461029053e-01 0.000000000000000000e+00 3.822086751461029053e-01 0.000000000000000000e+00
4.335193336009979248e-01 0.000000000000000000e+00 4.335193336009979248e-01 0.000000000000000000e+00
4.848299920558929443e-01 0.000000000000000000e+00 4.848299920558929443e-01 0.000000000000000000e+00
5.361406505107879639e-01 0.000000000000000000e+00 5.361406505107879639e-01 0.000000000000000000e+00
5.874513089656829834e-01 0.000000000000000000e+00 5.874513089656829834e-01 0.000000000000000000e+00
6.387619674205780029e-01 0.000000000000000000e+00 6.387619674205780029e-01 0.000000000000000000e+00
6.900727003812789917e-01 0.000000000000000000e+00 6.900727003812789917e-01 0.000000000000000000e+00
7.413833588361740112e-01 0.000000000000000000e+00 7.413833588361740112e-01 0.000000000000000000e+00
7.926940172910690308e-01 0.000000000000000000e+00 7.926940172910690308e-01 0.000000000000000000e+00
8.440046757459640503e-01 0.000000000000000000e+00 8.440046757459640503e-01 0.000000000000000000e+00
8.953153342008590698e-01 0.000000000000000000e+00 8.953153342008590698e-01 0.000000000000000000e+00
9.466259926557540894e-01 0.000000000000000000e+00 9.466259926557540894e-01 0.000000000000000000e+00
9.979366511106491089e-01 0.000000000000000000e+00 9.979366511106491089e-01 0.000000000000000000e+00
1.049247309565544128e+00 0.000000000000000000e+00 1.049247309565544128e+00 0.000000000000000000e+00
1.100557968020439148e+00 0.000000000000000000e+00 1.100557968020439148e+00 0.000000000000000000e+00
1.151868700981140137e+00 0.000000000000000000e+00 1.151868700981140137e+00 0.000000000000000000e+00
1.203179359436035156e+00 0.000000000000000000e+00 1.203179359436035156e+00 0.000000000000000000e+00
1.254490017890930176e+00 0.000000000000000000e+00 1.254490017890930176e+00 0.000000000000000000e+00
1.305800676345825195e+00 0.000000000000000000e+00 1.305800676345825195e+00 0.000000000000000000e+00
1.357111334800720215e+00 0.000000000000000000e+00 1.357111334800720215e+00 0.000000000000000000e+00
1.408422142267227173e+00 0.000000000000000000e+00 1.408422142267227173e+00 0.000000000000000000e+00
1.459732800722122192e+00 0.000000000000000000e+00 1.459732800722122192e+00 0.000000000000000000e+00
1.511043459177017212e+00 0.000000000000000000e+00 1.511043459177017212e+00 0.000000000000000000e+00
1.562354117631912231e+00 0.000000000000000000e+00 1.562354117631912231e+00 0.000000000000000000e+00
1.613664776086807251e+00 0.000000000000000000e+00 1.613664776086807251e+00 0.000000000000000000e+00
1.664975434541702271e+00 0.000000000000000000e+00 1.664975434541702271e+00 0.000000000000000000e+00
1.716286092996597290e+00 0.000000000000000000e+00 1.716286092996597290e+00 0.000000000000000000e+00
1.767596751451492310e+00 0.000000000000000000e+00 1.767596751451492310e+00 0.000000000000000000e+00
1.818907409906387329e+00 0.000000000000000000e+00 1.818907409906387329e+00 0.000000000000000000e+00
1.870218068361282349e+00 0.000000000000000000e+00 1.870218068361282349e+00 0.000000000000000000e+00
1.921528726816177368e+00 0.000000000000000000e+00 1.921528726816177368e+00 0.000000000000000000e+00
1.972839385271072388e+00 0.000000000000000000e+00 1.972839385271072388e+00 0.000000000000000000e+00
2.024150043725967407e+00 0.000000000000000000e+00 2.024150043725967407e+00 0.000000000000000000e+00
2.075460702180862427e+00 0.000000000000000000e+00 2.075460702180862427e+00 0.000000000000000000e+00
2.126771360635757446e+00 0.000000000000000000e+00 2.126771360635757446e+00 0.000000000000000000e+00
2.178082168102264404e+00 0.000000000000000000e+00 2.178082168102264404e+00 0.000000000000000000e+00
2.229392826557159424e+00 0.000000000000000000e+00 2.229392826557159424e+00 0.000000000000000000e+00
2.280703485012054443e+00 3.869189094984903932e-05 2.280703485012054443e+00 1.647225985834666062e-06
2.332014143466949463e+00 1.276778057217597961e-03 2.332014143466949463e+00 5.847652209922671318e-05
2.383324801921844482e+00 1.292373798787593842e-02 2.383324801921844482e+00 6.593022262677550316e-04
2.434635460376739502e+00 7.851035892963409424e-02 2.434635460376739502e+00 4.468100611120462418e-03
2.485946118831634521e+00 2.999497354030609131e-01 2.485946118831634521e+00 1.963946409523487091e-02
2.537256777286529541e+00 7.943383455276489258e-01 2.537256777286529541e+00 6.149239093065261841e-02
2.588567435741424561e+00 1.536209464073181152e+00 2.588567435741424561e+00 1.457405984401702881e-01
2.639878094196319580e+00 2.383729696273803711e+00 2.639878094196319580e+00 2.817020118236541748e-01
2.691188752651214600e+00 3.065608978271484375e+00 2.691188752651214600e+00 4.634190201759338379e-01
2.742499411106109619e+00 3.464328765869140625e+00 2.742499411106109619e+00 6.766754984855651855e-01
2.793810069561004639e+00 3.562023401260375977e+00 2.793810069561004639e+00 9.042267799377441406e-01
2.845120728015899658e+00 3.453114748001098633e+00 2.845120728015899658e+00 1.132998228073120117e+00
2.896431386470794678e+00 3.252201795578002930e+00 2.896431386470794678e+00 1.356300354003906250e+00
2.947742044925689697e+00 3.055970430374145508e+00 2.947742044925689697e+00 1.573628544807434082e+00
2.999052703380584717e+00 2.884172439575195312e+00 2.999052703380584717e+00 1.785941600799560547e+00
3.050363361835479736e+00 2.745334148406982422e+00 3.050363361835479736e+00 1.995008707046508789e+00
3.101674020290374756e+00 2.589144945144653320e+00 3.101674020290374756e+00 2.198870182037353516e+00
3.152984678745269775e+00 2.462350845336914062e+00 3.152984678745269775e+00 2.399216413497924805e+00
3.204295337200164795e+00 2.335753440856933594e+00 3.204295337200164795e+00 2.595497131347656250e+00
3.255605995655059814e+00 2.189462184906005859e+00 3.255605995655059814e+00 2.785424232482910156e+00
3.306916654109954834e+00 2.050832271575927734e+00 3.306916654109954834e+00 2.968977689743041992e+00
3.358227312564849854e+00 1.910165429115295410e+00 3.358227312564849854e+00 3.145287513732910156e+00
3.409537971019744873e+00 1.778321862220764160e+00 3.409537971019744873e+00 3.314482212066650391e+00
3.460848629474639893e+00 1.656247258186340332e+00 3.460848629474639893e+00 3.476841211318969727e+00
3.512159287929534912e+00 1.533918619155883789e+00 3.512159287929534912e+00 3.631699562072753906e+00
3.563469946384429932e+00 1.418454527854919434e+00 3.563469946384429932e+00 3.779116153717041016e+00
3.614780604839324951e+00 1.324219703674316406e+00 3.614780604839324951e+00 3.920730829238891602e+00
3.666091263294219971e+00 1.254030942916870117e+00 3.666091263294219971e+00 4.058673858642578125e+00
3.717401921749114990e+00 1.192863941192626953e+00 3.717401921749114990e+00 4.193586826324462891e+00
3.768712580204010010e+00 1.143018364906311035e+00 3.768712580204010010e+00 4.326455593109130859e+00
3.820023238658905029e+00 1.104458570480346680e+00 3.820023238658905029e+00 4.458361625671386719e+00
3.871333897113800049e+00 1.076890349388122559e+00 3.871333897113800049e+00 4.590453624725341797e+00
3.922644555568695068e+00 1.062976241111755371e+00 3.922644555568695068e+00 4.724318027496337891e+00
3.973955214023590088e+00 1.042771458625793457e+00 3.973955214023590088e+00 4.859095573425292969e+00
4.025265872478485107e+00 1.038835048675537109e+00 4.025265872478485107e+00 4.996854305267333984e+00
4.076576530933380127e+00 1.039029002189636230e+00 4.076576530933380127e+00 5.138173580169677734e+00
4.127887189388275146e+00 1.032427906990051270e+00 4.127887189388275146e+00 5.282152175903320312e+00
4.179197847843170166e+00 1.027346134185791016e+00 4.179197847843170166e+00 5.429006099700927734e+00
4.230508804321289062e+00 1.025526762008666992e+00 4.230508804321289062e+00 5.579222202301025391e+00
4.281819462776184082e+00 1.019587516784667969e+00 4.281819462776184082e+00 5.732212543487548828e+00
4.333130121231079102e+00 1.015116453170776367e+00 4.333130121231079102e+00 5.888204097747802734e+00
4.384440779685974121e+00 1.012603521347045898e+00 4.384440779685974121e+00 6.047516822814941406e+00
4.435751438140869141e+00 1.012921929359436035e+00 4.435751438140869141e+00 6.210630893707275391e+00
4.487062096595764160e+00 1.010858893394470215e+00 4.487062096595764160e+00 6.377200603485107422e+00
4.538372755050659180e+00 1.007324576377868652e+00 4.538372755050659180e+00 6.547006130218505859e+00
4.589683413505554199e+00 1.000592589378356934e+00 4.589683413505554199e+00 6.719511985778808594e+00
4.640994071960449219e+00 9.966608881950378418e-01 4.640994071960449219e+00 6.895203590393066406e+00
4.692304730415344238e+00 9.910252094268798828e-01 4.692304730415344238e+00 7.073786258697509766e+00
4.743615388870239258e+00 9.858981966972351074e-01 4.743615388870239258e+00 7.255351543426513672e+00
4.794926047325134277e+00 9.804565310478210449e-01 4.794926047325134277e+00 7.439841747283935547e+00
4.846236705780029297e+00 9.743039608001708984e-01 4.846236705780029297e+00 7.627119064331054688e+00
4.897547364234924316e+00 9.638456106185913086e-01 4.897547364234924316e+00 7.816329956054687500e+00
4.948858022689819336e+00 9.592885971069335938e-01 4.948858022689819336e+00 8.008612632751464844e+00
5.000168681144714355e+00 9.592337608337402344e-01 5.000168681144714355e+00 8.204893112182617188e+00
5.051479339599609375e+00 9.571930766105651855e-01 5.051479339599609375e+00 8.404794692993164062e+00
5.102790594100952148e+00 9.574176073074340820e-01 5.102790594100952148e+00 8.608826637268066406e+00
5.154100656509399414e+00 9.591122865676879883e-01 5.154100656509399414e+00 8.817350387573242188e+00
5.205411911010742188e+00 9.592294096946716309e-01 5.205411911010742188e+00 9.030073165893554688e+00
5.256721973419189453e+00 9.641467928886413574e-01 5.256721973419189453e+00 9.248122215270996094e+00
5.308033227920532227e+00 9.698868393898010254e-01 5.308033227920532227e+00 9.471772193908691406e+00
5.359343290328979492e+00 9.775063991546630859e-01 5.359343290328979492e+00 9.701558113098144531e+00
5.410654544830322266e+00 9.818007946014404297e-01 5.410654544830322266e+00 9.936793327331542969e+00
5.461964607238769531e+00 9.868273735046386719e-01 5.461964607238769531e+00 1.017774009704589844e+01
5.513275861740112305e+00 9.921462535858154297e-01 5.513275861740112305e+00 1.042455673217773438e+01
5.564585924148559570e+00 9.905494451522827148e-01 5.564585924148559570e+00 1.067558479309082031e+01
5.615897178649902344e+00 9.892049431800842285e-01 5.615897178649902344e+00 1.093091583251953125e+01
5.667207241058349609e+00 9.851915836334228516e-01 5.667207241058349609e+00 1.118988037109375000e+01
5.718518495559692383e+00 9.759522676467895508e-01 5.718518495559692383e+00 1.145108222961425781e+01
5.769828557968139648e+00 9.681529402732849121e-01 5.769828557968139648e+00 1.171486663818359375e+01
5.821139812469482422e+00 9.543815851211547852e-01 5.821139812469482422e+00 1.197954463958740234e+01
5.872449874877929688e+00 9.441321492195129395e-01 5.872449874877929688e+00 1.224601650238037109e+01
5.923761129379272461e+00 9.262452125549316406e-01 5.923761129379272461e+00 1.251202869415283203e+01
5.975071191787719727e+00 9.124401211738586426e-01 5.975071191787719727e+00 1.277863407135009766e+01
6.026382446289062500e+00 8.989574313163757324e-01 6.026382446289062500e+00 1.304583168029785156e+01
6.077692508697509766e+00 8.848665952682495117e-01 6.077692508697509766e+00 1.331333827972412109e+01
6.129003763198852539e+00 8.778192400932312012e-01 6.129003763198852539e+00 1.358321475982666016e+01
6.180313825607299805e+00 8.685816526412963867e-01 6.180313825607299805e+00 1.385474014282226562e+01
6.231625080108642578e+00 8.638563752174377441e-01 6.231625080108642578e+00 1.412929153442382812e+01
6.282935142517089844e+00 8.551267385482788086e-01 6.282935142517089844e+00 1.440556240081787109e+01
6.334246397018432617e+00 8.496185541152954102e-01 6.334246397018432617e+00 1.468455600738525391e+01
6.385556459426879883e+00 8.440310955047607422e-01 6.385556459426879883e+00 1.496622180938720703e+01
6.436867713928222656e+00 8.424885869026184082e-01 6.436867713928222656e+00 1.525191020965576172e+01
6.488177776336669922e+00 8.402050137519836426e-01 6.488177776336669922e+00 1.554138565063476562e+01
6.539489030838012695e+00 8.406410813331604004e-01 6.539489030838012695e+00 1.583560943603515625e+01
6.590799093246459961e+00 8.423447012901306152e-01 6.590799093246459961e+00 1.613507461547851562e+01
6.642110347747802734e+00 8.419368863105773926e-01 6.642110347747802734e+00 1.643907356262207031e+01
6.693420410156250000e+00 8.418331742286682129e-01 6.693420410156250000e+00 1.674774932861328125e+01
6.744731664657592773e+00 8.426080942153930664e-01 6.744731664657592773e+00 1.706146240234375000e+01
6.796041727066040039e+00 8.413429856300354004e-01 6.796041727066040039e+00 1.737948989868164062e+01
6.847352981567382812e+00 8.407471179962158203e-01 6.847352981567382812e+00 1.770210838317871094e+01
6.898663043975830078e+00 8.382964134216308594e-01 6.898663043975830078e+00 1.802862548828125000e+01
6.949974298477172852e+00 8.423616886138916016e-01 6.949974298477172852e+00 1.836162567138671875e+01
7.001284360885620117e+00 8.436327576637268066e-01 7.001284360885620117e+00 1.870007133483886719e+01
7.052595615386962891e+00 8.411620259284973145e-01 7.052595615386962891e+00 1.904248809814453125e+01
7.103905677795410156e+00 8.482487797737121582e-01 7.103905677795410156e+00 1.939283370971679688e+01
7.155216932296752930e+00 8.467143774032592773e-01 7.155216932296752930e+00 1.974761581420898438e+01
7.206526994705200195e+00 8.512336611747741699e-01 7.206526994705200195e+00 2.010942649841308594e+01
7.257838249206542969e+00 8.543308377265930176e-01 7.257838249206542969e+00 2.047773933410644531e+01
7.309148311614990234e+00 8.562736511230468750e-01 7.309148311614990234e+00 2.085213088989257812e+01
7.360459566116333008e+00 8.602623343467712402e-01 7.360459566116333008e+00 2.123356628417968750e+01
7.411769628524780273e+00 8.616220355033874512e-01 7.411769628524780273e+00 2.162094688415527344e+01
7.463080883026123047e+00 8.623815774917602539e-01 7.463080883026123047e+00 2.201405715942382812e+01
7.514390945434570312e+00 8.668675422668457031e-01 7.514390945434570312e+00 2.241466522216796875e+01
7.565702199935913086e+00 8.749549388885498047e-01 7.565702199935913086e+00 2.282454872131347656e+01
7.617012262344360352e+00 8.790267705917358398e-01 7.617012262344360352e+00 2.324194717407226562e+01
7.668323516845703125e+00 8.812985420227050781e-01 7.668323516845703125e+00 2.366608238220214844e+01
7.719633579254150391e+00 8.824287056922912598e-01 7.719633579254150391e+00 2.409646224975585938e+01
7.770944833755493164e+00 8.858503103256225586e-01 7.770944833755493164e+00 2.453427124023437500e+01
