# distance (\AA)	RDF	distance (\AA)	cdf
1.256553269922733307e-01 0.000000000000000000e+00 1.256553269922733307e-01 0.000000000000000000e+00
1.769660040736198425e-01 0.000000000000000000e+00 1.769660040736198425e-01 0.000000000000000000e+00
2.282766625285148621e-01 0.000000000000000000e+00 2.282766625285148621e-01 0.000000000000000000e+00
2.795873209834098816e-01 0.000000000000000000e+00 2.795873209834098816e-01 0.000000000000000000e+00
3.308980166912078857e-01 0.000000000000000000e+00 3.308980166912078857e-01 0.000000000000000000e+00
3.822086751461029053e-01 0.000000000000000000e+00 3.822086751461029053e-01 0.000000000000000000e+00
4.335193336009979248e-01 0.000000000000000000e+00 4.335193336009979248e-01 0.000000000000000000e+00
4.848299920558929443e-01 0.000000000000000000e+00 4.848299920558929443e-01 0.000000000000000000e+00
5.361406505107879639e-01 0.000000000000000000e+00 5.361406505107879639e-01 0.000000000000000000e+00
5.874513089656829834e-01 0.000000000000000000e+00 5.874513089656829834e-01 0.000000000000000000e+00
6.387619674205780029e-01 0.000000000000000000e+00 6.387619674205780029e-01 0.000000000000000000e+00
6.900727003812789917e-01 0.000000000000000000e+00 6.900727003812789917e-01 0.000000000000000000e+00
7.413833588361740112e-01 0.000000000000000000e+00 7.413833588361740112e-01 0.000000000000000000e+00
7.926940172910690308e-01 0.000000000000000000e+00 7.926940172910690308e-01 0.000000000000000000e+00
8.440046757459640503e-01 0.000000000000000000e+00 8.440046757459640503e-01 0.000000000000000000e+00
8.953153342008590698e-01 0.000000000000000000e+00 8.953153342008590698e-01 0.000000000000000000e+00
9.466259926557540894e-01 0.000000000000000000e+00 9.466259926557540894e-01 0.000000000000000000e+00
9.979366511106491089e-01 0.000000000000000000e+00 9.979366511106491089e-01 0.000000000000000000e+00
1.049247309565544128e+00 0.000000000000000000e+00 1.049247309565544128e+00 0.000000000000000000e+00
1.100557968020439148e+00 0.000000000000000000e+00 1.100557968020439148e+00 0.000000000000000000e+00
1.151868700981140137e+00 0.000000000000000000e+00 1.151868700981140137e+00 0.000000000000000000e+00
1.203179359436035156e+00 0.000000000000000000e+00 1.203179359436035156e+00 0.000000000000000000e+00
1.254490017890930176e+00 0.000000000000000000e+00 1.254490017890930176e+00 0.000000000000000000e+00
1.305800676345825195e+00 0.000000000000000000e+00 1.305800676345825195e+00 0.000000000000000000e+00
1.357111334800720215e+00 0.000000000000000000e+00 1.357111334800720215e+00 0.000000000000000000e+00
1.408422142267227173e+00 0.000000000000000000e+00 1.408422142267227173e+00 0.000000000000000000e+00
1.459732800722122192e+00 0.000000000000000000e+00 1.459732800722122192e+00 0.000000000000000000e+00
1.511043459177017212e+00 0.000000000000000000e+00 1.511043459177017212e+00 0.000000000000000000e+00
1.562354117631912231e+00 0.000000000000000000e+00 1.562354117631912231e+00 0.000000000000000000e+00
1.613664776086807251e+00 0.000000000000000000e+00 1.613664776086807251e+00 0.000000000000000000e+00
1.664975434541702271e+00 0.000000000000000000e+00 1.664975434541702271e+00 0.000000000000000000e+00
1.716286092996597290e+00 0.000000000000000000e+00 1.716286092996597290e+00 0.000000000000000000e+00
1.767596751451492310e+00 0.000000000000000000e+00 1.767596751451492310e+00 0.000000000000000000e+00
1.818907409906387329e+00 0.000000000000000000e+00 1.818907409906387329e+00 0.000000000000000000e+00
1.870218068361282349e+00 0.000000000000000000e+00 1.870218068361282349e+00 0.000000000000000000e+00
1.921528726816177368e+00 0.000000000000000000e+00 1.921528726816177368e+00 0.000000000000000000e+00
1.972839385271072388e+00 0.000000000000000000e+00 1.972839385271072388e+00 0.000000000000000000e+00
2.024150043725967407e+00 0.000000000000000000e+00 2.024150043725967407e+00 0.000000000000000000e+00
2.075460702180862427e+00 0.000000000000000000e+00 2.075460702180862427e+00 0.000000000000000000e+00
2.126771360635757446e+00 0.000000000000000000e+00 2.126771360635757446e+00 0.000000000000000000e+00
2.178082168102264404e+00 0.000000000000000000e+00 2.178082168102264404e+00 0.000000000000000000e+00
2.229392826557159424e+00 0.000000000000000000e+00 2.229392826557159424e+00 0.000000000000000000e+00
2.280703485012054443e+00 0.000000000000000000e+00 2.280703485012054443e+00 0.000000000000000000e+00
2.332014143466949463e+00 0.000000000000000000e+00 2.332014143466949463e+00 0.000000000000000000e+00
2.383324801921844482e+00 0.000000000000000000e+00 2.383324801921844482e+00 0.000000000000000000e+00
2.434635460376739502e+00 0.000000000000000000e+00 2.434635460376739502e+00 0.000000000000000000e+00
2.485946118831634521e+00 0.000000000000000000e+00 2.485946118831634521e+00 0.000000000000000000e+00
2.537256777286529541e+00 0.000000000000000000e+00 2.537256777286529541e+00 0.000000000000000000e+00
2.588567435741424561e+00 0.000000000000000000e+00 2.588567435741424561e+00 0.000000000000000000e+00
2.639878094196319580e+00 0.000000000000000000e+00 2.639878094196319580e+00 0.000000000000000000e+00
2.691188752651214600e+00 0.000000000000000000e+00 2.691188752651214600e+00 0.000000000000000000e+00
2.742499411106109619e+00 0.000000000000000000e+00 2.742499411106109619e+00 0.000000000000000000e+00
2.793810069561004639e+00 3.263077524024993181e-04 2.793810069561004639e+00 2.084538391500245780e-05
2.845120728015899658e+00 2.359827631153166294e-04 2.845120728015899658e+00 3.647942139650695026e-05
2.896431386470794678e+00 1.214380143210291862e-03 2.896431386470794678e+00 1.198609534185379744e-04
2.947742044925689697e+00 1.612150808796286583e-03 2.947742044925689697e+00 2.345105749554932117e-04
2.999052703380584717e+00 2.690160181373357773e-03 2.999052703380584717e+00 4.325417103245854378e-04
3.050363361835479736e+00 8.827730081975460052e-03 3.050363361835479736e+00 1.104805385693907738e-03
3.101674020290374756e+00 1.442871335893869400e-02 3.101674020290374756e+00 2.240878762677311897e-03
3.152984678745269775e+00 2.529971301555633545e-02 3.152984678745269775e+00 4.299360327422618866e-03
3.204295337200164795e+00 4.204640910029411316e-02 3.204295337200164795e+00 7.832652889192104340e-03
3.255605995655059814e+00 6.746522337198257446e-02 3.255605995655059814e+00 1.368499454110860825e-02
3.306916654109954834e+00 1.055056378245353699e-01 3.306916654109954834e+00 2.312795445322990417e-02
3.358227312564849854e+00 1.461761444807052612e-01 3.358227312564849854e+00 3.662012889981269836e-02
3.409537971019744873e+00 2.069906294345855713e-01 3.409537971019744873e+00 5.631380528211593628e-02
3.460848629474639893e+00 2.726662158966064453e-01 3.460848629474639893e+00 8.304280042648315430e-02
3.512159287929534912e+00 3.336713314056396484e-01 3.512159287929534912e+00 1.167289391160011292e-01
3.563469946384429932e+00 4.034084081649780273e-01 3.563469946384429932e+00 1.586542129516601562e-01
3.614780604839324951e+00 4.837973415851593018e-01 3.614780604839324951e+00 2.103924602270126343e-01
3.666091263294219971e+00 5.534473657608032227e-01 3.666091263294219971e+00 2.712714076042175293e-01
3.717401921749114990e+00 6.272044181823730469e-01 3.717401921749114990e+00 3.422082662582397461e-01
3.768712580204010010e+00 6.917890906333923340e-01 3.768712580204010010e+00 4.226245284080505371e-01
3.820023238658905029e+00 7.666670680046081543e-01 3.820023238658905029e+00 5.141878724098205566e-01
3.871333897113800049e+00 8.450017571449279785e-01 3.871333897113800049e+00 6.178363561630249023e-01
3.922644555568695068e+00 9.050186276435852051e-01 3.922644555568695068e+00 7.318084836006164551e-01
3.973955214023590088e+00 9.481275081634521484e-01 3.973955214023590088e+00 8.543533086776733398e-01
4.025265872478485107e+00 9.996769428253173828e-01 4.025265872478485107e+00 9.869195222854614258e-01
4.076576530933380127e+00 1.057281017303466797e+00 4.076576530933380127e+00 1.130721449851989746e+00
4.127887189388275146e+00 1.103022456169128418e+00 4.127887189388275146e+00 1.284544706344604492e+00
4.179197847843170166e+00 1.137677907943725586e+00 4.179197847843170166e+00 1.447170019149780273e+00
4.230508804321289062e+00 1.168092370033264160e+00 4.230508804321289062e+00 1.618268966674804688e+00
4.281819462776184082e+00 1.217442154884338379e+00 4.281819462776184082e+00 1.800947427749633789e+00
4.333130121231079102e+00 1.246027708053588867e+00 4.333130121231079102e+00 1.992422699928283691e+00
4.384440779685974121e+00 1.239851951599121094e+00 4.384440779685974121e+00 2.187488555908203125e+00
4.435751438140869141e+00 1.272275447845458984e+00 4.435751438140869141e+00 2.392367362976074219e+00
4.487062096595764160e+00 1.294136166572570801e+00 4.487062096595764160e+00 2.605615615844726562e+00
4.538372755050659180e+00 1.302195072174072266e+00 4.538372755050659180e+00 2.825127840042114258e+00
4.589683413505554199e+00 1.348030209541320801e+00 4.589683413505554199e+00 3.057533025741577148e+00
4.640994071960449219e+00 1.396195411682128906e+00 4.640994071960449219e+00 3.303654432296752930e+00
4.692304730415344238e+00 1.397000908851623535e+00 4.692304730415344238e+00 3.555393695831298828e+00
4.743615388870239258e+00 1.427584290504455566e+00 4.743615388870239258e+00 3.818300962448120117e+00
4.794926047325134277e+00 1.465216755867004395e+00 4.794926047325134277e+00 4.094007015228271484e+00
4.846236705780029297e+00 1.478437304496765137e+00 4.846236705780029297e+00 4.378186702728271484e+00
4.897547364234924316e+00 1.480779290199279785e+00 4.897547364234924316e+00 4.668875694274902344e+00
4.948858022689819336e+00 1.522377848625183105e+00 4.948858022689819336e+00 4.974026203155517578e+00
5.000168681144714355e+00 1.538349986076354980e+00 5.000168681144714355e+00 5.288806915283203125e+00
5.051479339599609375e+00 1.547072052955627441e+00 5.051479339599609375e+00 5.611899852752685547e+00
5.102790594100952148e+00 1.524548292160034180e+00 5.102790594100952148e+00 5.936790943145751953e+00
5.154100656509399414e+00 1.558635592460632324e+00 5.154100656509399414e+00 6.275658607482910156e+00
5.205411911010742188e+00 1.565183758735656738e+00 5.205411911010742188e+00 6.622760295867919922e+00
5.256721973419189453e+00 1.575105309486389160e+00 5.256721973419189453e+00 6.978981971740722656e+00
5.308033227920532227e+00 1.577343821525573730e+00 5.308033227920532227e+00 7.342707633972167969e+00
5.359343290328979492e+00 1.547020435333251953e+00 5.359343290328979492e+00 7.706370830535888672e+00
5.410654544830322266e+00 1.510839462280273438e+00 5.410654544830322266e+00 8.068361282348632812e+00
5.461964607238769531e+00 1.485266566276550293e+00 5.461964607238769531e+00 8.431008338928222656e+00
5.513275861740112305e+00 1.467161893844604492e+00 5.513275861740112305e+00 8.795995712280273438e+00
5.564585924148559570e+00 1.425052762031555176e+00 5.564585924148559570e+00 9.157136917114257812e+00
5.615897178649902344e+00 1.368367314338684082e+00 5.615897178649902344e+00 9.510335922241210938e+00
5.667207241058349609e+00 1.350333213806152344e+00 5.667207241058349609e+00 9.865281105041503906e+00
5.718518495559692383e+00 1.306780934333801270e+00 5.718518495559692383e+00 1.021502494812011719e+01
5.769828557968139648e+00 1.267730236053466797e+00 5.769828557968139648e+00 1.056043338775634766e+01
5.821139812469482422e+00 1.225203514099121094e+00 5.821139812469482422e+00 1.090021800994873047e+01
5.872449874877929688e+00 1.193362712860107422e+00 5.872449874877929688e+00 1.123703289031982422e+01
5.923761129379272461e+00 1.162761092185974121e+00 5.923761129379272461e+00 1.157097053527832031e+01
5.975071191787719727e+00 1.145073413848876953e+00 5.975071191787719727e+00 1.190554904937744141e+01
6.026382446289062500e+00 1.121728062629699707e+00 6.026382446289062500e+00 1.223896026611328125e+01
6.077692508697509766e+00 1.095282435417175293e+00 6.077692508697509766e+00 1.257007884979248047e+01
6.129003763198852539e+00 1.088377714157104492e+00 6.129003763198852539e+00 1.290468883514404297e+01
6.180313825607299805e+00 1.078700900077819824e+00 6.180313825607299805e+00 1.324189949035644531e+01
6.231625080108642578e+00 1.068255066871643066e+00 6.231625080108642578e+00 1.358141326904296875e+01
6.282935142517089844e+00 1.053460001945495605e+00 6.282935142517089844e+00 1.392176151275634766e+01
6.334246397018432617e+00 1.035191774368286133e+00 6.334246397018432617e+00 1.426169204711914062e+01
6.385556459426879883e+00 1.030917286872863770e+00 6.385556459426879883e+00 1.460572433471679688e+01
6.436867713928222656e+00 1.022873282432556152e+00 6.436867713928222656e+00 1.495258140563964844e+01
6.488177776336669922e+00 1.018236994743347168e+00 6.488177776336669922e+00 1.530339336395263672e+01
6.539489030838012695e+00 1.017466664314270020e+00 6.539489030838012695e+00 1.565950584411621094e+01
6.590799093246459961e+00 1.009337306022644043e+00 6.590799093246459961e+00 1.601833915710449219e+01
6.642110347747802734e+00 1.011079788208007812e+00 6.642110347747802734e+00 1.638340950012207031e+01
6.693420410156250000e+00 1.014437794685363770e+00 6.693420410156250000e+00 1.675537490844726562e+01
6.744731664657592773e+00 1.002623319625854492e+00 6.744731664657592773e+00 1.712866401672363281e+01
6.796041727066040039e+00 9.950211644172668457e-01 6.796041727066040039e+00 1.750478172302246094e+01
6.847352981567382812e+00 1.008810043334960938e+00 6.847352981567382812e+00 1.789189147949218750e+01
6.898663043975830078e+00 9.891900420188903809e-01 6.898663043975830078e+00 1.827718162536621094e+01
6.949974298477172852e+00 9.958853721618652344e-01 6.949974298477172852e+00 1.867087364196777344e+01
7.001284360885620117e+00 9.939958453178405762e-01 7.001284360885620117e+00 1.906964111328125000e+01
7.052595615386962891e+00 9.876782298088073730e-01 7.052595615386962891e+00 1.947170257568359375e+01
7.103905677795410156e+00 9.947939515113830566e-01 7.103905677795410156e+00 1.988257598876953125e+01
7.155216932296752930e+00 9.826460480690002441e-01 7.155216932296752930e+00 2.029431343078613281e+01
7.206526994705200195e+00 9.877533912658691406e-01 7.206526994705200195e+00 2.071414947509765625e+01
7.257838249206542969e+00 9.889639019966125488e-01 7.257838249206542969e+00 2.114050483703613281e+01
7.309148311614990234e+00 9.990558028221130371e-01 7.309148311614990234e+00 2.157732582092285156e+01
7.360459566116333008e+00 1.007717490196228027e+00 7.360459566116333008e+00 2.202414131164550781e+01
7.411769628524780273e+00 1.003194093704223633e+00 7.411769628524780273e+00 2.247517204284667969e+01
7.463080883026123047e+00 1.004775047302246094e+00 7.463080883026123047e+00 2.293319129943847656e+01
7.514390945434570312e+00 1.009433984756469727e+00 7.514390945434570312e+00 2.339968490600585938e+01
7.565702199935913086e+00 1.006610274314880371e+00 7.565702199935913086e+00 2.387124443054199219e+01
7.617012262344360352e+00 1.006267786026000977e+00 7.617012262344360352e+00 2.434906196594238281e+01
7.668323516845703125e+00 1.012197017669677734e+00 7.668323516845703125e+00 2.483619308471679688e+01
7.719633579254150391e+00 1.011694431304931641e+00 7.719633579254150391e+00 2.532961845397949219e+01
7.770944833755493164e+00 1.000776290893554688e+00 7.770944833755493164e+00 2.582422637939453125e+01
