# distance (\AA)	RDF	distance (\AA)	cdf
1.256553269922733307e-01 0.000000000000000000e+00 1.256553269922733307e-01 0.000000000000000000e+00
1.769660040736198425e-01 0.000000000000000000e+00 1.769660040736198425e-01 0.000000000000000000e+00
2.282766625285148621e-01 0.000000000000000000e+00 2.282766625285148621e-01 0.000000000000000000e+00
2.795873209834098816e-01 0.000000000000000000e+00 2.795873209834098816e-01 0.000000000000000000e+00
3.308980166912078857e-01 0.000000000000000000e+00 3.308980166912078857e-01 0.000000000000000000e+00
3.822086751461029053e-01 0.000000000000000000e+00 3.822086751461029053e-01 0.000000000000000000e+00
4.335193336009979248e-01 0.000000000000000000e+00 4.335193336009979248e-01 0.000000000000000000e+00
4.848299920558929443e-01 0.000000000000000000e+00 4.848299920558929443e-01 0.000000000000000000e+00
5.361406505107879639e-01 0.000000000000000000e+00 5.361406505107879639e-01 0.000000000000000000e+00
5.874513089656829834e-01 0.000000000000000000e+00 5.874513089656829834e-01 0.000000000000000000e+00
6.387619674205780029e-01 0.000000000000000000e+00 6.387619674205780029e-01 0.000000000000000000e+00
6.900727003812789917e-01 0.000000000000000000e+00 6.900727003812789917e-01 0.000000000000000000e+00
7.413833588361740112e-01 0.000000000000000000e+00 7.413833588361740112e-01 0.000000000000000000e+00
7.926940172910690308e-01 0.000000000000000000e+00 7.926940172910690308e-01 0.000000000000000000e+00
8.440046757459640503e-01 0.000000000000000000e+00 8.440046757459640503e-01 0.000000000000000000e+00
8.953153342008590698e-01 0.000000000000000000e+00 8.953153342008590698e-01 0.000000000000000000e+00
9.466259926557540894e-01 0.000000000000000000e+00 9.466259926557540894e-01 0.000000000000000000e+00
9.979366511106491089e-01 0.000000000000000000e+00 9.979366511106491089e-01 0.000000000000000000e+00
1.049247309565544128e+00 0.000000000000000000e+00 1.049247309565544128e+00 0.000000000000000000e+00
1.100557968020439148e+00 0.000000000000000000e+00 1.100557968020439148e+00 0.000000000000000000e+00
1.151868700981140137e+00 0.000000000000000000e+00 1.151868700981140137e+00 0.000000000000000000e+00
1.203179359436035156e+00 0.000000000000000000e+00 1.203179359436035156e+00 0.000000000000000000e+00
1.254490017890930176e+00 0.000000000000000000e+00 1.254490017890930176e+00 0.000000000000000000e+00
1.305800676345825195e+00 0.000000000000000000e+00 1.305800676345825195e+00 0.000000000000000000e+00
1.357111334800720215e+00 0.000000000000000000e+00 1.357111334800720215e+00 0.000000000000000000e+00
1.408422142267227173e+00 0.000000000000000000e+00 1.408422142267227173e+00 0.000000000000000000e+00
1.459732800722122192e+00 0.000000000000000000e+00 1.459732800722122192e+00 0.000000000000000000e+00
1.511043459177017212e+00 0.000000000000000000e+00 1.511043459177017212e+00 0.000000000000000000e+00
1.562354117631912231e+00 0.000000000000000000e+00 1.562354117631912231e+00 0.000000000000000000e+00
1.613664776086807251e+00 0.000000000000000000e+00 1.613664776086807251e+00 0.000000000000000000e+00
1.664975434541702271e+00 0.000000000000000000e+00 1.664975434541702271e+00 0.000000000000000000e+00
1.716286092996597290e+00 0.000000000000000000e+00 1.716286092996597290e+00 0.000000000000000000e+00
1.767596751451492310e+00 0.000000000000000000e+00 1.767596751451492310e+00 0.000000000000000000e+00
1.818907409906387329e+00 0.000000000000000000e+00 1.818907409906387329e+00 0.000000000000000000e+00
1.870218068361282349e+00 0.000000000000000000e+00 1.870218068361282349e+00 0.000000000000000000e+00
1.921528726816177368e+00 0.000000000000000000e+00 1.921528726816177368e+00 0.000000000000000000e+00
1.972839385271072388e+00 0.000000000000000000e+00 1.972839385271072388e+00 0.000000000000000000e+00
2.024150043725967407e+00 0.000000000000000000e+00 2.024150043725967407e+00 0.000000000000000000e+00
2.075460702180862427e+00 0.000000000000000000e+00 2.075460702180862427e+00 0.000000000000000000e+00
2.126771360635757446e+00 0.000000000000000000e+00 2.126771360635757446e+00 0.000000000000000000e+00
2.178082168102264404e+00 0.000000000000000000e+00 2.178082168102264404e+00 0.000000000000000000e+00
2.229392826557159424e+00 0.000000000000000000e+00 2.229392826557159424e+00 0.000000000000000000e+00
2.280703485012054443e+00 0.000000000000000000e+00 2.280703485012054443e+00 0.000000000000000000e+00
2.332014143466949463e+00 0.000000000000000000e+00 2.332014143466949463e+00 0.000000000000000000e+00
2.383324801921844482e+00 0.000000000000000000e+00 2.383324801921844482e+00 0.000000000000000000e+00
2.434635460376739502e+00 0.000000000000000000e+00 2.434635460376739502e+00 0.000000000000000000e+00
2.485946118831634521e+00 0.000000000000000000e+00 2.485946118831634521e+00 0.000000000000000000e+00
2.537256777286529541e+00 0.000000000000000000e+00 2.537256777286529541e+00 0.000000000000000000e+00
2.588567435741424561e+00 0.000000000000000000e+00 2.588567435741424561e+00 0.000000000000000000e+00
2.639878094196319580e+00 0.000000000000000000e+00 2.639878094196319580e+00 0.000000000000000000e+00
2.691188752651214600e+00 0.000000000000000000e+00 2.691188752651214600e+00 0.000000000000000000e+00
2.742499411106109619e+00 0.000000000000000000e+00 2.742499411106109619e+00 0.000000000000000000e+00
2.793810069561004639e+00 0.000000000000000000e+00 2.793810069561004639e+00 0.000000000000000000e+00
2.845120728015899658e+00 0.000000000000000000e+00 2.845120728015899658e+00 0.000000000000000000e+00
2.896431386470794678e+00 0.000000000000000000e+00 2.896431386470794678e+00 0.000000000000000000e+00
2.947742044925689697e+00 0.000000000000000000e+00 2.947742044925689697e+00 0.000000000000000000e+00
2.999052703380584717e+00 0.000000000000000000e+00 2.999052703380584717e+00 0.000000000000000000e+00
3.050363361835479736e+00 0.000000000000000000e+00 3.050363361835479736e+00 0.000000000000000000e+00
3.101674020290374756e+00 0.000000000000000000e+00 3.101674020290374756e+00 0.000000000000000000e+00
3.152984678745269775e+00 0.000000000000000000e+00 3.152984678745269775e+00 0.000000000000000000e+00
3.204295337200164795e+00 0.000000000000000000e+00 3.204295337200164795e+00 0.000000000000000000e+00
3.255605995655059814e+00 0.000000000000000000e+00 3.255605995655059814e+00 0.000000000000000000e+00
3.306916654109954834e+00 0.000000000000000000e+00 3.306916654109954834e+00 0.000000000000000000e+00
3.358227312564849854e+00 0.000000000000000000e+00 3.358227312564849854e+00 0.000000000000000000e+00
3.409537971019744873e+00 0.000000000000000000e+00 3.409537971019744873e+00 0.000000000000000000e+00
3.460848629474639893e+00 0.000000000000000000e+00 3.460848629474639893e+00 0.000000000000000000e+00
3.512159287929534912e+00 0.000000000000000000e+00 3.512159287929534912e+00 0.000000000000000000e+00
3.563469946384429932e+00 0.000000000000000000e+00 3.563469946384429932e+00 0.000000000000000000e+00
3.614780604839324951e+00 0.000000000000000000e+00 3.614780604839324951e+00 0.000000000000000000e+00
3.666091263294219971e+00 0.000000000000000000e+00 3.666091263294219971e+00 0.000000000000000000e+00
3.717401921749114990e+00 0.000000000000000000e+00 3.717401921749114990e+00 0.000000000000000000e+00
3.768712580204010010e+00 0.000000000000000000e+00 3.768712580204010010e+00 0.000000000000000000e+00
3.820023238658905029e+00 0.000000000000000000e+00 3.820023238658905029e+00 0.000000000000000000e+00
3.871333897113800049e+00 0.000000000000000000e+00 3.871333897113800049e+00 0.000000000000000000e+00
3.922644555568695068e+00 0.000000000000000000e+00 3.922644555568695068e+00 0.000000000000000000e+00
3.973955214023590088e+00 0.000000000000000000e+00 3.973955214023590088e+00 0.000000000000000000e+00
4.025265872478485107e+00 0.000000000000000000e+00 4.025265872478485107e+00 0.000000000000000000e+00
4.076576530933380127e+00 0.000000000000000000e+00 4.076576530933380127e+00 0.000000000000000000e+00
4.127887189388275146e+00 0.000000000000000000e+00 4.127887189388275146e+00 0.000000000000000000e+00
4.179197847843170166e+00 0.000000000000000000e+00 4.179197847843170166e+00 0.000000000000000000e+00
4.230508804321289062e+00 0.000000000000000000e+00 4.230508804321289062e+00 0.000000000000000000e+00
4.281819462776184082e+00 0.000000000000000000e+00 4.281819462776184082e+00 0.000000000000000000e+00
4.333130121231079102e+00 0.000000000000000000e+00 4.333130121231079102e+00 0.000000000000000000e+00
4.384440779685974121e+00 0.000000000000000000e+00 4.384440779685974121e+00 0.000000000000000000e+00
4.435751438140869141e+00 0.000000000000000000e+00 4.435751438140869141e+00 0.000000000000000000e+00
4.487062096595764160e+00 0.000000000000000000e+00 4.487062096595764160e+00 0.000000000000000000e+00
4.538372755050659180e+00 0.000000000000000000e+00 4.538372755050659180e+00 0.000000000000000000e+00
4.589683413505554199e+00 0.000000000000000000e+00 4.589683413505554199e+00 0.000000000000000000e+00
4.640994071960449219e+00 0.000000000000000000e+00 4.640994071960449219e+00 0.000000000000000000e+00
4.692304730415344238e+00 0.000000000000000000e+00 4.692304730415344238e+00 0.000000000000000000e+00
4.743615388870239258e+00 1.035234425216913223e-03 4.743615388870239258e+00 3.431720688240602612e-05
4.794926047325134277e+00 2.566770184785127640e-03 4.794926047325134277e+00 1.212541319546289742e-04
4.846236705780029297e+00 5.488273687660694122e-03 4.846236705780029297e+00 3.111426776740700006e-04
4.897547364234924316e+00 8.222687058150768280e-03 4.897547364234924316e+00 6.016950355842709541e-04
4.948858022689819336e+00 9.004198014736175537e-03 4.948858022689819336e+00 9.265646222047507763e-04
5.000168681144714355e+00 1.875866018235683441e-02 5.000168681144714355e+00 1.617484493181109428e-03
5.051479339599609375e+00 2.817812561988830566e-02 5.051479339599609375e+00 2.676742384210228920e-03
5.102790594100952148e+00 4.007938131690025330e-02 5.102790594100952148e+00 4.214153625071048737e-03
5.154100656509399414e+00 5.360826849937438965e-02 5.154100656509399414e+00 6.312078796327114105e-03
5.205411911010742188e+00 7.685736566781997681e-02 5.205411911010742188e+00 9.380036965012550354e-03
5.256721973419189453e+00 9.239306300878524780e-02 5.256721973419189453e+00 1.314120274037122726e-02
5.308033227920532227e+00 1.121668964624404907e-01 5.308033227920532227e+00 1.779690384864807129e-02
5.359343290328979492e+00 1.489588469266891479e-01 5.359343290328979492e+00 2.409983053803443909e-02
5.410654544830322266e+00 2.000971883535385132e-01 5.410654544830322266e+00 3.272946551442146301e-02
5.461964607238769531e+00 2.321684211492538452e-01 5.461964607238769531e+00 4.293311387300491333e-02
5.513275861740112305e+00 2.640920281410217285e-01 5.513275861740112305e+00 5.475882440805435181e-02
5.564585924148559570e+00 3.226883411407470703e-01 5.564585924148559570e+00 6.947861611843109131e-02
5.615897178649902344e+00 3.512397110462188721e-01 5.615897178649902344e+00 8.579759299755096436e-02
5.667207241058349609e+00 3.950000703334808350e-01 5.667207241058349609e+00 1.044867485761642456e-01
5.718518495559692383e+00 4.349595606327056885e-01 5.718518495559692383e+00 1.254408359527587891e-01
5.769828557968139648e+00 4.672366380691528320e-01 5.769828557968139648e+00 1.483555734157562256e-01
5.821139812469482422e+00 4.799801707267761230e-01 5.821139812469482422e+00 1.723158508539199829e-01
5.872449874877929688e+00 4.961723685264587402e-01 5.872449874877929688e+00 1.975229829549789429e-01
5.923761129379272461e+00 5.659025311470031738e-01 5.923761129379272461e+00 2.267772555351257324e-01
5.975071191787719727e+00 5.777151584625244141e-01 5.975071191787719727e+00 2.571617066860198975e-01
6.026382446289062500e+00 6.006739139556884766e-01 6.026382446289062500e+00 2.892986238002777100e-01
6.077692508697509766e+00 6.268149018287658691e-01 6.077692508697509766e+00 3.234076499938964844e-01
6.129003763198852539e+00 6.519179344177246094e-01 6.129003763198852539e+00 3.594841957092285156e-01
6.180313825607299805e+00 6.976538300514221191e-01 6.180313825607299805e+00 3.987407982349395752e-01
6.231625080108642578e+00 6.874902844429016113e-01 6.231625080108642578e+00 4.380705952644348145e-01
6.282935142517089844e+00 7.344141602516174316e-01 6.282935142517089844e+00 4.807794988155364990e-01
6.334246397018432617e+00 7.395555973052978516e-01 6.334246397018432617e+00 5.244927406311035156e-01
6.385556459426879883e+00 7.666463255882263184e-01 6.385556459426879883e+00 5.705441236495971680e-01
6.436867713928222656e+00 8.110674619674682617e-01 6.436867713928222656e+00 6.200501322746276855e-01
6.488177776336669922e+00 8.439960479736328125e-01 6.488177776336669922e+00 6.723907589912414551e-01
6.539489030838012695e+00 8.466029763221740723e-01 6.539489030838012695e+00 7.257265448570251465e-01
6.590799093246459961e+00 9.327533841133117676e-01 6.590799093246459961e+00 7.854155898094177246e-01
6.642110347747802734e+00 1.003373742103576660e+00 6.642110347747802734e+00 8.506274223327636719e-01
6.693420410156250000e+00 1.019035339355468750e+00 6.693420410156250000e+00 9.178845882415771484e-01
6.744731664657592773e+00 1.045312762260437012e+00 6.744731664657592773e+00 9.879374504089355469e-01
6.796041727066040039e+00 1.106952071189880371e+00 6.796041727066040039e+00 1.063254594802856445e+00
6.847352981567382812e+00 1.126068234443664551e+00 6.847352981567382812e+00 1.141033411026000977e+00
6.898663043975830078e+00 1.189784169197082520e+00 6.898663043975830078e+00 1.224449396133422852e+00
6.949974298477172852e+00 1.217530846595764160e+00 6.949974298477172852e+00 1.311085462570190430e+00
7.001284360885620117e+00 1.245849847793579102e+00 7.001284360885620117e+00 1.401050329208374023e+00
7.052595615386962891e+00 1.277794003486633301e+00 7.052595615386962891e+00 1.494679093360900879e+00
7.103905677795410156e+00 1.347838759422302246e+00 7.103905677795410156e+00 1.594883084297180176e+00
7.155216932296752930e+00 1.396908879280090332e+00 7.155216932296752930e+00 1.700240373611450195e+00
7.206526994705200195e+00 1.437816858291625977e+00 7.206526994705200195e+00 1.810244202613830566e+00
7.257838249206542969e+00 1.472712397575378418e+00 7.257838249206542969e+00 1.924527406692504883e+00
7.309148311614990234e+00 1.513407945632934570e+00 7.309148311614990234e+00 2.043635606765747070e+00
7.360459566116333008e+00 1.551975607872009277e+00 7.360459566116333008e+00 2.167500019073486328e+00
7.411769628524780273e+00 1.538200259208679199e+00 7.411769628524780273e+00 2.291982173919677734e+00
7.463080883026123047e+00 1.540929555892944336e+00 7.463080883026123047e+00 2.418418169021606445e+00
7.514390945434570312e+00 1.546164751052856445e+00 7.514390945434570312e+00 2.547034502029418945e+00
7.565702199935913086e+00 1.566571354866027832e+00 7.565702199935913086e+00 2.679132938385009766e+00
7.617012262344360352e+00 1.526466965675354004e+00 7.617012262344360352e+00 2.809602499008178711e+00
7.668323516845703125e+00 1.550212144851684570e+00 7.668323516845703125e+00 2.943892478942871094e+00
7.719633579254150391e+00 1.566913723945617676e+00 7.719633579254150391e+00 3.081451892852783203e+00
7.770944833755493164e+00 1.583895087242126465e+00 7.770944833755493164e+00 3.222356081008911133e+00
