# distance (\AA)	RDF	distance (\AA)	cdf
1.256553269922733307e-01 0.000000000000000000e+00 1.256553269922733307e-01 0.000000000000000000e+00
1.769660040736198425e-01 0.000000000000000000e+00 1.769660040736198425e-01 0.000000000000000000e+00
2.282766625285148621e-01 0.000000000000000000e+00 2.282766625285148621e-01 0.000000000000000000e+00
2.795873209834098816e-01 0.000000000000000000e+00 2.795873209834098816e-01 0.000000000000000000e+00
3.308980166912078857e-01 0.000000000000000000e+00 3.308980166912078857e-01 0.000000000000000000e+00
3.822086751461029053e-01 0.000000000000000000e+00 3.822086751461029053e-01 0.000000000000000000e+00
4.335193336009979248e-01 0.000000000000000000e+00 4.335193336009979248e-01 0.000000000000000000e+00
4.848299920558929443e-01 0.000000000000000000e+00 4.848299920558929443e-01 0.000000000000000000e+00
5.361406505107879639e-01 0.000000000000000000e+00 5.361406505107879639e-01 0.000000000000000000e+00
5.874513089656829834e-01 0.000000000000000000e+00 5.874513089656829834e-01 0.000000000000000000e+00
6.387619674205780029e-01 0.000000000000000000e+00 6.387619674205780029e-01 0.000000000000000000e+00
6.900727003812789917e-01 0.000000000000000000e+00 6.900727003812789917e-01 0.000000000000000000e+00
7.413833588361740112e-01 0.000000000000000000e+00 7.413833588361740112e-01 0.000000000000000000e+00
7.926940172910690308e-01 0.000000000000000000e+00 7.926940172910690308e-01 0.000000000000000000e+00
8.440046757459640503e-01 0.000000000000000000e+00 8.440046757459640503e-01 0.000000000000000000e+00
8.953153342008590698e-01 0.000000000000000000e+00 8.953153342008590698e-01 0.000000000000000000e+00
9.466259926557540894e-01 0.000000000000000000e+00 9.466259926557540894e-01 0.000000000000000000e+00
9.979366511106491089e-01 0.000000000000000000e+00 9.979366511106491089e-01 0.000000000000000000e+00
1.049247309565544128e+00 0.000000000000000000e+00 1.049247309565544128e+00 0.000000000000000000e+00
1.100557968020439148e+00 0.000000000000000000e+00 1.100557968020439148e+00 0.000000000000000000e+00
1.151868700981140137e+00 0.000000000000000000e+00 1.151868700981140137e+00 0.000000000000000000e+00
1.203179359436035156e+00 0.000000000000000000e+00 1.203179359436035156e+00 0.000000000000000000e+00
1.254490017890930176e+00 0.000000000000000000e+00 1.254490017890930176e+00 0.000000000000000000e+00
1.305800676345825195e+00 0.000000000000000000e+00 1.305800676345825195e+00 0.000000000000000000e+00
1.357111334800720215e+00 0.000000000000000000e+00 1.357111334800720215e+00 0.000000000000000000e+00
1.408422142267227173e+00 0.000000000000000000e+00 1.408422142267227173e+00 0.000000000000000000e+00
1.459732800722122192e+00 0.000000000000000000e+00 1.459732800722122192e+00 0.000000000000000000e+00
1.511043459177017212e+00 0.000000000000000000e+00 1.511043459177017212e+00 0.000000000000000000e+00
1.562354117631912231e+00 0.000000000000000000e+00 1.562354117631912231e+00 0.000000000000000000e+00
1.613664776086807251e+00 0.000000000000000000e+00 1.613664776086807251e+00 0.000000000000000000e+00
1.664975434541702271e+00 0.000000000000000000e+00 1.664975434541702271e+00 0.000000000000000000e+00
1.716286092996597290e+00 0.000000000000000000e+00 1.716286092996597290e+00 0.000000000000000000e+00
1.767596751451492310e+00 0.000000000000000000e+00 1.767596751451492310e+00 0.000000000000000000e+00
1.818907409906387329e+00 0.000000000000000000e+00 1.818907409906387329e+00 0.000000000000000000e+00
1.870218068361282349e+00 0.000000000000000000e+00 1.870218068361282349e+00 0.000000000000000000e+00
1.921528726816177368e+00 0.000000000000000000e+00 1.921528726816177368e+00 0.000000000000000000e+00
1.972839385271072388e+00 0.000000000000000000e+00 1.972839385271072388e+00 0.000000000000000000e+00
2.024150043725967407e+00 0.000000000000000000e+00 2.024150043725967407e+00 0.000000000000000000e+00
2.075460702180862427e+00 0.000000000000000000e+00 2.075460702180862427e+00 0.000000000000000000e+00
2.126771360635757446e+00 0.000000000000000000e+00 2.126771360635757446e+00 0.000000000000000000e+00
2.178082168102264404e+00 0.000000000000000000e+00 2.178082168102264404e+00 0.000000000000000000e+00
2.229392826557159424e+00 0.000000000000000000e+00 2.229392826557159424e+00 0.000000000000000000e+00
2.280703485012054443e+00 0.000000000000000000e+00 2.280703485012054443e+00 0.000000000000000000e+00
2.332014143466949463e+00 0.000000000000000000e+00 2.332014143466949463e+00 0.000000000000000000e+00
2.383324801921844482e+00 0.000000000000000000e+00 2.383324801921844482e+00 0.000000000000000000e+00
2.434635460376739502e+00 0.000000000000000000e+00 2.434635460376739502e+00 0.000000000000000000e+00
2.485946118831634521e+00 0.000000000000000000e+00 2.485946118831634521e+00 0.000000000000000000e+00
2.537256777286529541e+00 0.000000000000000000e+00 2.537256777286529541e+00 0.000000000000000000e+00
2.588567435741424561e+00 0.000000000000000000e+00 2.588567435741424561e+00 0.000000000000000000e+00
2.639878094196319580e+00 0.000000000000000000e+00 2.639878094196319580e+00 0.000000000000000000e+00
2.691188752651214600e+00 0.000000000000000000e+00 2.691188752651214600e+00 0.000000000000000000e+00
2.742499411106109619e+00 0.000000000000000000e+00 2.742499411106109619e+00 0.000000000000000000e+00
2.793810069561004639e+00 0.000000000000000000e+00 2.793810069561004639e+00 0.000000000000000000e+00
2.845120728015899658e+00 0.000000000000000000e+00 2.845120728015899658e+00 0.000000000000000000e+00
2.896431386470794678e+00 0.000000000000000000e+00 2.896431386470794678e+00 0.000000000000000000e+00
2.947742044925689697e+00 0.000000000000000000e+00 2.947742044925689697e+00 0.000000000000000000e+00
2.999052703380584717e+00 0.000000000000000000e+00 2.999052703380584717e+00 0.000000000000000000e+00
3.050363361835479736e+00 0.000000000000000000e+00 3.050363361835479736e+00 0.000000000000000000e+00
3.101674020290374756e+00 0.000000000000000000e+00 3.101674020290374756e+00 0.000000000000000000e+00
3.152984678745269775e+00 0.000000000000000000e+00 3.152984678745269775e+00 0.000000000000000000e+00
3.204295337200164795e+00 0.000000000000000000e+00 3.204295337200164795e+00 0.000000000000000000e+00
3.255605995655059814e+00 0.000000000000000000e+00 3.255605995655059814e+00 0.000000000000000000e+00
3.306916654109954834e+00 0.000000000000000000e+00 3.306916654109954834e+00 0.000000000000000000e+00
3.358227312564849854e+00 0.000000000000000000e+00 3.358227312564849854e+00 0.000000000000000000e+00
3.409537971019744873e+00 0.000000000000000000e+00 3.409537971019744873e+00 0.000000000000000000e+00
3.460848629474639893e+00 5.400746013037860394e-04 3.460848629474639893e+00 1.905932731460779905e-05
3.512159287929534912e+00 3.146472154185175896e-03 3.512159287929534912e+00 1.334152912022545934e-04
3.563469946384429932e+00 8.278036490082740784e-03 3.563469946384429932e+00 4.431293345987796783e-04
3.614780604839324951e+00 2.141129411756992340e-02 3.614780604839324951e+00 1.267445273697376251e-03
3.666091263294219971e+00 4.476073011755943298e-02 3.666091263294219971e+00 3.039962612092494965e-03
3.717401921749114990e+00 8.905677497386932373e-02 3.717401921749114990e+00 6.665999535471200943e-03
3.768712580204010010e+00 1.515489071607589722e-01 3.768712580204010010e+00 1.300799101591110229e-02
3.820023238658905029e+00 2.591043114662170410e-01 3.820023238658905029e+00 2.414816804230213165e-02
3.871333897113800049e+00 3.745367228984832764e-01 3.871333897113800049e+00 4.068689793348312378e-02
3.922644555568695068e+00 5.078445076942443848e-01 3.922644555568695068e+00 6.371056288480758667e-02
3.973955214023590088e+00 6.329590678215026855e-01 3.973955214023590088e+00 9.316198527812957764e-02
4.025265872478485107e+00 7.756195068359375000e-01 4.025265872478485107e+00 1.301894932985305786e-01
4.076576530933380127e+00 8.987829089164733887e-01 4.076576530933380127e+00 1.741974800825119019e-01
4.127887189388275146e+00 9.534554481506347656e-01 4.127887189388275146e+00 2.220649719238281250e-01
4.179197847843170166e+00 1.075833678245544434e+00 4.179197847843170166e+00 2.774275541305541992e-01
4.230508804321289062e+00 1.124978899955749512e+00 4.230508804321289062e+00 3.367497026920318604e-01
4.281819462776184082e+00 1.195036172866821289e+00 4.281819462776184082e+00 4.013036489486694336e-01
4.333130121231079102e+00 1.206696867942810059e+00 4.333130121231079102e+00 4.680589437484741211e-01
4.384440779685974121e+00 1.224799752235412598e+00 4.384440779685974121e+00 5.374301075935363770e-01
4.435751438140869141e+00 1.222522377967834473e+00 4.435751438140869141e+00 6.083022356033325195e-01
4.487062096595764160e+00 1.242193818092346191e+00 4.487062096595764160e+00 6.819903850555419922e-01
4.538372755050659180e+00 1.273933887481689453e+00 4.538372755050659180e+00 7.592997550964355469e-01
4.589683413505554199e+00 1.309411048889160156e+00 4.589683413505554199e+00 8.405687212944030762e-01
4.640994071960449219e+00 1.311024785041809082e+00 4.640994071960449219e+00 9.237674474716186523e-01
4.692304730415344238e+00 1.326063036918640137e+00 4.692304730415344238e+00 1.009791731834411621e+00
4.743615388870239258e+00 1.347983479499816895e+00 4.743615388870239258e+00 1.099160909652709961e+00
4.794926047325134277e+00 1.389700651168823242e+00 4.794926047325134277e+00 1.193299651145935059e+00
4.846236705780029297e+00 1.433933973312377930e+00 4.846236705780029297e+00 1.292524933815002441e+00
4.897547364234924316e+00 1.463985443115234375e+00 4.897547364234924316e+00 1.395986080169677734e+00
4.948858022689819336e+00 1.521440267562866211e+00 4.948858022689819336e+00 1.505772590637207031e+00
5.000168681144714355e+00 1.621867656707763672e+00 5.000168681144714355e+00 1.625245928764343262e+00
5.051479339599609375e+00 1.739113450050354004e+00 5.051479339599609375e+00 1.755997657775878906e+00
5.102790594100952148e+00 1.884050846099853516e+00 5.102790594100952148e+00 1.900538802146911621e+00
5.154100656509399414e+00 2.048539876937866211e+00 5.154100656509399414e+00 2.060875415802001953e+00
5.205411911010742188e+00 2.165851116180419922e+00 5.205411911010742188e+00 2.233786344528198242e+00
5.256721973419189453e+00 2.184527635574340820e+00 5.256721973419189453e+00 2.411643266677856445e+00
5.308033227920532227e+00 2.081884622573852539e+00 5.308033227920532227e+00 2.584468364715576172e+00
5.359343290328979492e+00 1.848526477813720703e+00 5.359343290328979492e+00 2.740902662277221680e+00
5.410654544830322266e+00 1.607309222221374512e+00 5.410654544830322266e+00 2.879540205001831055e+00
5.461964607238769531e+00 1.399168491363525391e+00 5.461964607238769531e+00 3.002525329589843750e+00
5.513275861740112305e+00 1.207894206047058105e+00 5.513275861740112305e+00 3.110701322555541992e+00
5.564585924148559570e+00 1.086645007133483887e+00 5.564585924148559570e+00 3.209838390350341797e+00
5.615897178649902344e+00 9.991965889930725098e-01 5.615897178649902344e+00 3.302685976028442383e+00
5.667207241058349609e+00 9.613391160964965820e-01 5.667207241058349609e+00 3.393656253814697266e+00
5.718518495559692383e+00 9.434258937835693359e-01 5.718518495559692383e+00 3.484555006027221680e+00
5.769828557968139648e+00 9.400081634521484375e-01 5.769828557968139648e+00 3.576756954193115234e+00
5.821139812469482422e+00 9.397836327552795410e-01 5.821139812469482422e+00 3.670583724975585938e+00
5.872449874877929688e+00 9.400105476379394531e-01 5.872449874877929688e+00 3.766094684600830078e+00
5.923761129379272461e+00 9.271138906478881836e-01 5.923761129379272461e+00 3.861948728561401367e+00
5.975071191787719727e+00 9.162443876266479492e-01 5.975071191787719727e+00 3.958327054977416992e+00
6.026382446289062500e+00 9.003952145576477051e-01 6.026382446289062500e+00 4.054671764373779297e+00
6.077692508697509766e+00 8.729971051216125488e-01 6.077692508697509766e+00 4.149682521820068359e+00
6.129003763198852539e+00 8.580972552299499512e-01 6.129003763198852539e+00 4.244655132293701172e+00
6.180313825607299805e+00 8.714299798011779785e-01 6.180313825607299805e+00 4.342724800109863281e+00
6.231625080108642578e+00 8.722950220108032227e-01 6.231625080108642578e+00 4.442529201507568359e+00
6.282935142517089844e+00 8.750875592231750488e-01 6.282935142517089844e+00 4.544308185577392578e+00
6.334246397018432617e+00 8.621764183044433594e-01 6.334246397018432617e+00 4.646230220794677734e+00
6.385556459426879883e+00 8.748546242713928223e-01 6.385556459426879883e+00 4.751332759857177734e+00
6.436867713928222656e+00 8.753038048744201660e-01 6.436867713928222656e+00 4.858186721801757812e+00
6.488177776336669922e+00 8.632407784461975098e-01 6.488177776336669922e+00 4.965254783630371094e+00
6.539489030838012695e+00 8.576725721359252930e-01 6.539489030838012695e+00 5.073321342468261719e+00
6.590799093246459961e+00 8.702816367149353027e-01 6.590799093246459961e+00 5.184703826904296875e+00
6.642110347747802734e+00 8.554216623306274414e-01 6.642110347747802734e+00 5.295896053314208984e+00
6.693420410156250000e+00 8.483823537826538086e-01 6.693420410156250000e+00 5.407884120941162109e+00
6.744731664657592773e+00 8.340353965759277344e-01 6.744731664657592773e+00 5.519671916961669922e+00
6.796041727066040039e+00 8.429833650588989258e-01 6.796041727066040039e+00 5.634385108947753906e+00
6.847352981567382812e+00 8.431274890899658203e-01 6.847352981567382812e+00 5.750856876373291016e+00
6.898663043975830078e+00 8.326371312141418457e-01 6.898663043975830078e+00 5.867609500885009766e+00
6.949974298477172852e+00 8.095712065696716309e-01 6.949974298477172852e+00 5.982823371887207031e+00
7.001284360885620117e+00 8.136189579963684082e-01 7.001284360885620117e+00 6.100328922271728516e+00
7.052595615386962891e+00 7.931928038597106934e-01 7.052595615386962891e+00 6.216569423675537109e+00
7.103905677795410156e+00 7.852653861045837402e-01 7.103905677795410156e+00 6.333329200744628906e+00
7.155216932296752930e+00 7.963001728057861328e-01 7.155216932296752930e+00 6.453445911407470703e+00
7.206526994705200195e+00 8.108758926391601562e-01 7.206526994705200195e+00 6.577522277832031250e+00
7.257838249206542969e+00 8.141918182373046875e-01 7.257838249206542969e+00 6.703885555267333984e+00
7.309148311614990234e+00 8.105915188789367676e-01 7.309148311614990234e+00 6.831475734710693359e+00
7.360459566116333008e+00 8.243886232376098633e-01 7.360459566116333008e+00 6.963066101074218750e+00
7.411769628524780273e+00 8.271622657775878906e-01 7.411769628524780273e+00 7.096945762634277344e+00
7.463080883026123047e+00 8.300091028213500977e-01 7.463080883026123047e+00 7.233153343200683594e+00
7.514390945434570312e+00 8.382150530815124512e-01 7.514390945434570312e+00 7.372605800628662109e+00
7.565702199935913086e+00 8.413853645324707031e-01 7.565702199935913086e+00 7.514502525329589844e+00
7.617012262344360352e+00 8.502345085144042969e-01 7.617012262344360352e+00 7.659844398498535156e+00
7.668323516845703125e+00 8.462648987770080566e-01 7.668323516845703125e+00 7.806463241577148438e+00
7.719633579254150391e+00 8.749182224273681641e-01 7.719633579254150391e+00 7.960081577301025391e+00
7.770944833755493164e+00 8.834112882614135742e-01 7.770944833755493164e+00 8.117259025573730469e+00
