# distance (\AA)	RDF	distance (\AA)	cdf
1.256553269922733307e-01 0.000000000000000000e+00 1.256553269922733307e-01 0.000000000000000000e+00
1.769660040736198425e-01 0.000000000000000000e+00 1.769660040736198425e-01 0.000000000000000000e+00
2.282766625285148621e-01 0.000000000000000000e+00 2.282766625285148621e-01 0.000000000000000000e+00
2.795873209834098816e-01 0.000000000000000000e+00 2.795873209834098816e-01 0.000000000000000000e+00
3.308980166912078857e-01 0.000000000000000000e+00 3.308980166912078857e-01 0.000000000000000000e+00
3.822086751461029053e-01 0.000000000000000000e+00 3.822086751461029053e-01 0.000000000000000000e+00
4.335193336009979248e-01 0.000000000000000000e+00 4.335193336009979248e-01 0.000000000000000000e+00
4.848299920558929443e-01 0.000000000000000000e+00 4.848299920558929443e-01 0.000000000000000000e+00
5.361406505107879639e-01 0.000000000000000000e+00 5.361406505107879639e-01 0.000000000000000000e+00
5.874513089656829834e-01 0.000000000000000000e+00 5.874513089656829834e-01 0.000000000000000000e+00
6.387619674205780029e-01 0.000000000000000000e+00 6.387619674205780029e-01 0.000000000000000000e+00
6.900727003812789917e-01 0.000000000000000000e+00 6.900727003812789917e-01 0.000000000000000000e+00
7.413833588361740112e-01 0.000000000000000000e+00 7.413833588361740112e-01 0.000000000000000000e+00
7.926940172910690308e-01 0.000000000000000000e+00 7.926940172910690308e-01 0.000000000000000000e+00
8.440046757459640503e-01 0.000000000000000000e+00 8.440046757459640503e-01 0.000000000000000000e+00
8.953153342008590698e-01 0.000000000000000000e+00 8.953153342008590698e-01 0.000000000000000000e+00
9.466259926557540894e-01 0.000000000000000000e+00 9.466259926557540894e-01 0.000000000000000000e+00
9.979366511106491089e-01 0.000000000000000000e+00 9.979366511106491089e-01 0.000000000000000000e+00
1.049247309565544128e+00 0.000000000000000000e+00 1.049247309565544128e+00 0.000000000000000000e+00
1.100557968020439148e+00 0.000000000000000000e+00 1.100557968020439148e+00 0.000000000000000000e+00
1.151868700981140137e+00 0.000000000000000000e+00 1.151868700981140137e+00 0.000000000000000000e+00
1.203179359436035156e+00 0.000000000000000000e+00 1.203179359436035156e+00 0.000000000000000000e+00
1.254490017890930176e+00 0.000000000000000000e+00 1.254490017890930176e+00 0.000000000000000000e+00
1.305800676345825195e+00 0.000000000000000000e+00 1.305800676345825195e+00 0.000000000000000000e+00
1.357111334800720215e+00 0.000000000000000000e+00 1.357111334800720215e+00 0.000000000000000000e+00
1.408422142267227173e+00 0.000000000000000000e+00 1.408422142267227173e+00 0.000000000000000000e+00
1.459732800722122192e+00 0.000000000000000000e+00 1.459732800722122192e+00 0.000000000000000000e+00
1.511043459177017212e+00 0.000000000000000000e+00 1.511043459177017212e+00 0.000000000000000000e+00
1.562354117631912231e+00 0.000000000000000000e+00 1.562354117631912231e+00 0.000000000000000000e+00
1.613664776086807251e+00 3.105093783233314753e-04 1.613664776086807251e+00 4.764831828651949763e-06
1.664975434541702271e+00 4.958345554769039154e-03 1.664975434541702271e+00 8.576698019169270992e-05
1.716286092996597290e+00 5.819180607795715332e-02 1.716286092996597290e+00 1.095911371521651745e-03
1.767596751451492310e+00 2.960515618324279785e-01 1.767596751451492310e+00 6.546879187226295471e-03
1.818907409906387329e+00 1.002987384796142578e+00 1.818907409906387329e+00 2.610174939036369324e-02
1.870218068361282349e+00 2.091600418090820312e+00 1.870218068361282349e+00 6.921394914388656616e-02
1.921528726816177368e+00 3.171809911727905273e+00 1.921528726816177368e+00 1.382277756929397583e-01
1.972839385271072388e+00 3.748962640762329102e+00 1.972839385271072388e+00 2.242139279842376709e-01
2.024150043725967407e+00 3.703402280807495117e+00 2.024150043725967407e+00 3.136307597160339355e-01
2.075460702180862427e+00 3.295055627822875977e+00 2.075460702180862427e+00 3.972726166248321533e-01
2.126771360635757446e+00 2.605456590652465820e+00 2.126771360635757446e+00 4.667200446128845215e-01
2.178082168102264404e+00 1.969245433807373047e+00 2.178082168102264404e+00 5.217729210853576660e-01
2.229392826557159424e+00 1.497021675109863281e+00 2.229392826557159424e+00 5.656188726425170898e-01
2.280703485012054443e+00 1.151394605636596680e+00 2.280703485012054443e+00 6.009119749069213867e-01
2.332014143466949463e+00 9.255450367927551270e-01 2.332014143466949463e+00 6.305730342864990234e-01
2.383324801921844482e+00 7.537384629249572754e-01 2.383324801921844482e+00 6.558028459548950195e-01
2.434635460376739502e+00 6.711493134498596191e-01 2.434635460376739502e+00 6.792458295822143555e-01
2.485946118831634521e+00 5.887777805328369141e-01 2.485946118831634521e+00 7.006875872611999512e-01
2.537256777286529541e+00 5.456128716468811035e-01 2.537256777286529541e+00 7.213860154151916504e-01
2.588567435741424561e+00 5.478488206863403320e-01 2.588567435741424561e+00 7.430183291435241699e-01
2.639878094196319580e+00 5.088912844657897949e-01 2.639878094196319580e+00 7.639169096946716309e-01
2.691188752651214600e+00 4.894482493400573730e-01 2.691188752651214600e+00 7.848059535026550293e-01
2.742499411106109619e+00 4.828086495399475098e-01 2.742499411106109619e+00 8.062047958374023438e-01
2.793810069561004639e+00 4.847140014171600342e-01 2.793810069561004639e+00 8.284994363784790039e-01
2.845120728015899658e+00 5.278214216232299805e-01 2.845120728015899658e+00 8.536767959594726562e-01
2.896431386470794678e+00 5.203710794448852539e-01 2.896431386470794678e+00 8.794021010398864746e-01
2.947742044925689697e+00 5.355418324470520020e-01 2.947742044925689697e+00 9.068236947059631348e-01
2.999052703380584717e+00 5.546829700469970703e-01 2.999052703380584717e+00 9.362227320671081543e-01
3.050363361835479736e+00 6.018759012222290039e-01 3.050363361835479736e+00 9.692239761352539062e-01
3.101674020290374756e+00 6.395342946052551270e-01 3.101674020290374756e+00 1.005479574203491211e+00
3.152984678745269775e+00 6.419049501419067383e-01 3.152984678745269775e+00 1.043083667755126953e+00
3.204295337200164795e+00 6.530944108963012695e-01 3.204295337200164795e+00 1.082598447799682617e+00
3.255605995655059814e+00 6.795877218246459961e-01 3.255605995655059814e+00 1.125043630599975586e+00
3.306916654109954834e+00 7.249869704246520996e-01 3.306916654109954834e+00 1.171762824058532715e+00
3.358227312564849854e+00 7.521880865097045898e-01 3.358227312564849854e+00 1.221750736236572266e+00
3.409537971019744873e+00 7.742355465888977051e-01 3.409537971019744873e+00 1.274788022041320801e+00
3.460848629474639893e+00 8.185505867004394531e-01 3.460848629474639893e+00 1.332561612129211426e+00
3.512159287929534912e+00 8.976623415946960449e-01 3.512159287929534912e+00 1.397811174392700195e+00
3.563469946384429932e+00 9.463069438934326172e-01 3.563469946384429932e+00 1.468621373176574707e+00
3.614780604839324951e+00 9.979147911071777344e-01 3.614780604839324951e+00 1.545459032058715820e+00
3.666091263294219971e+00 1.051215410232543945e+00 3.666091263294219971e+00 1.628714919090270996e+00
3.717401921749114990e+00 1.104491353034973145e+00 3.717401921749114990e+00 1.718655824661254883e+00
3.768712580204010010e+00 1.167245388031005859e+00 3.768712580204010010e+00 1.816349148750305176e+00
3.820023238658905029e+00 1.205256223678588867e+00 3.820023238658905029e+00 1.919988989830017090e+00
3.871333897113800049e+00 1.254983901977539062e+00 3.871333897113800049e+00 2.030823707580566406e+00
3.922644555568695068e+00 1.306501507759094238e+00 3.922644555568695068e+00 2.149286985397338867e+00
3.973955214023590088e+00 1.351169466972351074e+00 3.973955214023590088e+00 2.275026082992553711e+00
4.025265872478485107e+00 1.379916071891784668e+00 4.025265872478485107e+00 2.406778335571289062e+00
4.076576530933380127e+00 1.390943408012390137e+00 4.076576530933380127e+00 2.542990684509277344e+00
4.127887189388275146e+00 1.422732830047607422e+00 4.127887189388275146e+00 2.685845136642456055e+00
4.179197847843170166e+00 1.446111440658569336e+00 4.179197847843170166e+00 2.834679365158081055e+00
4.230508804321289062e+00 1.489264130592346191e+00 4.230508804321289062e+00 2.991742610931396484e+00
4.281819462776184082e+00 1.487664937973022461e+00 4.281819462776184082e+00 3.152465105056762695e+00
4.333130121231079102e+00 1.561600089073181152e+00 4.333130121231079102e+00 3.325242757797241211e+00
4.384440779685974121e+00 1.566984772682189941e+00 4.384440779685974121e+00 3.502747058868408203e+00
4.435751438140869141e+00 1.561276316642761230e+00 4.435751438140869141e+00 3.683767795562744141e+00
4.487062096595764160e+00 1.567863106727600098e+00 4.487062096595764160e+00 3.869781970977783203e+00
4.538372755050659180e+00 1.481532216072082520e+00 4.538372755050659180e+00 4.049597263336181641e+00
4.589683413505554199e+00 1.408906698226928711e+00 4.589683413505554199e+00 4.224485874176025391e+00
4.640994071960449219e+00 1.344962239265441895e+00 4.640994071960449219e+00 4.395190715789794922e+00
4.692304730415344238e+00 1.274097204208374023e+00 4.692304730415344238e+00 4.560496807098388672e+00
4.743615388870239258e+00 1.235974907875061035e+00 4.743615388870239258e+00 4.724383354187011719e+00
4.794926047325134277e+00 1.206254839897155762e+00 4.794926047325134277e+00 4.887807369232177734e+00
4.846236705780029297e+00 1.164767861366271973e+00 4.846236705780029297e+00 5.049006462097167969e+00
4.897547364234924316e+00 1.112847328186035156e+00 4.897547364234924316e+00 5.206298351287841797e+00
4.948858022689819336e+00 1.081205844879150391e+00 4.948858022689819336e+00 5.362337112426757812e+00
5.000168681144714355e+00 1.055501103401184082e+00 5.000168681144714355e+00 5.517842292785644531e+00
5.051479339599609375e+00 1.028473258018493652e+00 5.051479339599609375e+00 5.672489643096923828e+00
5.102790594100952148e+00 1.014754056930541992e+00 5.102790594100952148e+00 5.828189849853515625e+00
5.154100656509399414e+00 9.913045167922973633e-01 5.154100656509399414e+00 5.983366012573242188e+00
5.205411911010742188e+00 9.854326844215393066e-01 5.205411911010742188e+00 6.140710353851318359e+00
5.256721973419189453e+00 9.700655341148376465e-01 5.256721973419189453e+00 6.298669338226318359e+00
5.308033227920532227e+00 9.607572555541992188e-01 5.308033227920532227e+00 6.458181381225585938e+00
5.359343290328979492e+00 9.366220235824584961e-01 5.359343290328979492e+00 6.616707324981689453e+00
5.410654544830322266e+00 9.351295828819274902e-01 5.410654544830322266e+00 6.778025627136230469e+00
5.461964607238769531e+00 9.585911631584167480e-01 5.461964607238769531e+00 6.946543216705322266e+00
5.513275861740112305e+00 9.504924416542053223e-01 5.513275861740112305e+00 7.116790771484375000e+00
5.564585924148559570e+00 9.550057053565979004e-01 5.564585924148559570e+00 7.291045665740966797e+00
5.615897178649902344e+00 9.566874504089355469e-01 5.615897178649902344e+00 7.468840599060058594e+00
5.667207241058349609e+00 9.652917981147766113e-01 5.667207241058349609e+00 7.651528835296630859e+00
5.718518495559692383e+00 9.831371903419494629e-01 5.718518495559692383e+00 7.840978622436523438e+00
5.769828557968139648e+00 9.839227199554443359e-01 5.769828557968139648e+00 8.033997535705566406e+00
5.821139812469482422e+00 9.913270473480224609e-01 5.821139812469482422e+00 8.231943130493164062e+00
5.872449874877929688e+00 9.878669977188110352e-01 5.872449874877929688e+00 8.432690620422363281e+00
5.923761129379272461e+00 1.007787585258483887e+00 5.923761129379272461e+00 8.641080856323242188e+00
5.975071191787719727e+00 1.025458097457885742e+00 5.975071191787719727e+00 8.856813430786132812e+00
6.026382446289062500e+00 1.038015007972717285e+00 6.026382446289062500e+00 9.078954696655273438e+00
6.077692508697509766e+00 1.055542826652526855e+00 6.077692508697509766e+00 9.308710098266601562e+00
6.129003763198852539e+00 1.068660855293273926e+00 6.129003763198852539e+00 9.545265197753906250e+00
6.180313825607299805e+00 1.084926486015319824e+00 6.180313825607299805e+00 9.789458274841308594e+00
6.231625080108642578e+00 1.099572300910949707e+00 6.231625080108642578e+00 1.004107475280761719e+01
6.282935142517089844e+00 1.102580428123474121e+00 6.282935142517089844e+00 1.029755115509033203e+01
6.334246397018432617e+00 1.114233136177062988e+00 6.334246397018432617e+00 1.056098937988281250e+01
6.385556459426879883e+00 1.120280385017395020e+00 6.385556459426879883e+00 1.083016395568847656e+01
6.436867713928222656e+00 1.124462246894836426e+00 6.436867713928222656e+00 1.110470390319824219e+01
6.488177776336669922e+00 1.117654919624328613e+00 6.488177776336669922e+00 1.138195037841796875e+01
6.539489030838012695e+00 1.115163445472717285e+00 6.539489030838012695e+00 1.166297054290771484e+01
6.590799093246459961e+00 1.098741769790649414e+00 6.590799093246459961e+00 1.194421482086181641e+01
6.642110347747802734e+00 1.097722649574279785e+00 6.642110347747802734e+00 1.222959041595458984e+01
6.693420410156250000e+00 1.078192472457885742e+00 6.693420410156250000e+00 1.251423645019531250e+01
6.744731664657592773e+00 1.068362236022949219e+00 6.744731664657592773e+00 1.280062675476074219e+01
6.796041727066040039e+00 1.045807003974914551e+00 6.796041727066040039e+00 1.308525371551513672e+01
6.847352981567382812e+00 1.048545837402343750e+00 6.847352981567382812e+00 1.337495040893554688e+01
6.898663043975830078e+00 1.029676198959350586e+00 6.898663043975830078e+00 1.366371345520019531e+01
6.949974298477172852e+00 1.015395760536193848e+00 6.949974298477172852e+00 1.395272445678710938e+01
7.001284360885620117e+00 1.002515435218811035e+00 7.001284360885620117e+00 1.424229717254638672e+01
7.052595615386962891e+00 9.800827503204345703e-01 7.052595615386962891e+00 1.452955436706542969e+01
7.103905677795410156e+00 9.692882299423217773e-01 7.103905677795410156e+00 1.481779766082763672e+01
7.155216932296752930e+00 9.602731466293334961e-01 7.155216932296752930e+00 1.510749912261962891e+01
7.206526994705200195e+00 9.509731531143188477e-01 7.206526994705200195e+00 1.539852523803710938e+01
7.257838249206542969e+00 9.486624598503112793e-01 7.257838249206542969e+00 1.569299221038818359e+01
7.309148311614990234e+00 9.444363713264465332e-01 7.309148311614990234e+00 1.599030780792236328e+01
7.360459566116333008e+00 9.364334940910339355e-01 7.360459566116333008e+00 1.628925895690917969e+01
7.411769628524780273e+00 9.315235018730163574e-01 7.411769628524780273e+00 1.659080123901367188e+01
7.463080883026123047e+00 9.281637072563171387e-01 7.463080883026123047e+00 1.689543151855468750e+01
7.514390945434570312e+00 9.225607514381408691e-01 7.514390945434570312e+00 1.720240020751953125e+01
7.565702199935913086e+00 9.167370796203613281e-01 7.565702199935913086e+00 1.751161003112792969e+01
7.617012262344360352e+00 9.206716418266296387e-01 7.617012262344360352e+00 1.782637405395507812e+01
7.668323516845703125e+00 9.098908305168151855e-01 7.668323516845703125e+00 1.814165878295898438e+01
7.719633579254150391e+00 8.986365199089050293e-01 7.719633579254150391e+00 1.845722389221191406e+01
7.770944833755493164e+00 9.003768563270568848e-01 7.770944833755493164e+00 1.877761650085449219e+01
