# distance (\AA)	RDF	distance (\AA)	cdf
1.256553269922733307e-01 0.000000000000000000e+00 1.256553269922733307e-01 0.000000000000000000e+00
1.769660040736198425e-01 0.000000000000000000e+00 1.769660040736198425e-01 0.000000000000000000e+00
2.282766625285148621e-01 0.000000000000000000e+00 2.282766625285148621e-01 0.000000000000000000e+00
2.795873209834098816e-01 0.000000000000000000e+00 2.795873209834098816e-01 0.000000000000000000e+00
3.308980166912078857e-01 0.000000000000000000e+00 3.308980166912078857e-01 0.000000000000000000e+00
3.822086751461029053e-01 0.000000000000000000e+00 3.822086751461029053e-01 0.000000000000000000e+00
4.335193336009979248e-01 0.000000000000000000e+00 4.335193336009979248e-01 0.000000000000000000e+00
4.848299920558929443e-01 0.000000000000000000e+00 4.848299920558929443e-01 0.000000000000000000e+00
5.361406505107879639e-01 0.000000000000000000e+00 5.361406505107879639e-01 0.000000000000000000e+00
5.874513089656829834e-01 0.000000000000000000e+00 5.874513089656829834e-01 0.000000000000000000e+00
6.387619674205780029e-01 0.000000000000000000e+00 6.387619674205780029e-01 0.000000000000000000e+00
6.900727003812789917e-01 0.000000000000000000e+00 6.900727003812789917e-01 0.000000000000000000e+00
7.413833588361740112e-01 0.000000000000000000e+00 7.413833588361740112e-01 0.000000000000000000e+00
7.926940172910690308e-01 0.000000000000000000e+00 7.926940172910690308e-01 0.000000000000000000e+00
8.440046757459640503e-01 0.000000000000000000e+00 8.440046757459640503e-01 0.000000000000000000e+00
8.953153342008590698e-01 0.000000000000000000e+00 8.953153342008590698e-01 0.000000000000000000e+00
9.466259926557540894e-01 0.000000000000000000e+00 9.466259926557540894e-01 0.000000000000000000e+00
9.979366511106491089e-01 0.000000000000000000e+00 9.979366511106491089e-01 0.000000000000000000e+00
1.049247309565544128e+00 0.000000000000000000e+00 1.049247309565544128e+00 0.000000000000000000e+00
1.100557968020439148e+00 0.000000000000000000e+00 1.100557968020439148e+00 0.000000000000000000e+00
1.151868700981140137e+00 0.000000000000000000e+00 1.151868700981140137e+00 0.000000000000000000e+00
1.203179359436035156e+00 0.000000000000000000e+00 1.203179359436035156e+00 0.000000000000000000e+00
1.254490017890930176e+00 0.000000000000000000e+00 1.254490017890930176e+00 0.000000000000000000e+00
1.305800676345825195e+00 0.000000000000000000e+00 1.305800676345825195e+00 0.000000000000000000e+00
1.357111334800720215e+00 0.000000000000000000e+00 1.357111334800720215e+00 0.000000000000000000e+00
1.408422142267227173e+00 0.000000000000000000e+00 1.408422142267227173e+00 0.000000000000000000e+00
1.459732800722122192e+00 0.000000000000000000e+00 1.459732800722122192e+00 0.000000000000000000e+00
1.511043459177017212e+00 0.000000000000000000e+00 1.511043459177017212e+00 0.000000000000000000e+00
1.562354117631912231e+00 0.000000000000000000e+00 1.562354117631912231e+00 0.000000000000000000e+00
1.613664776086807251e+00 1.788534107618033886e-03 1.613664776086807251e+00 3.811865462921559811e-05
1.664975434541702271e+00 2.982007339596748352e-02 1.664975434541702271e+00 7.147247670218348503e-04
1.716286092996597290e+00 3.796521425247192383e-01 1.716286092996597290e+00 9.867967106401920319e-03
1.767596751451492310e+00 2.025179147720336914e+00 1.767596751451492310e+00 6.165692210197448730e-02
1.818907409906387329e+00 6.208843708038330078e+00 1.818907409906387329e+00 2.297840118408203125e-01
1.870218068361282349e+00 1.189998626708984375e+01 1.870218068361282349e+00 5.704551935195922852e-01
1.921528726816177368e+00 1.604095077514648438e+01 1.921528726816177368e+00 1.055214881896972656e+00
1.972839385271072388e+00 1.657260131835937500e+01 1.972839385271072388e+00 1.583143949508666992e+00
2.024150043725967407e+00 1.413533878326416016e+01 2.024150043725967407e+00 2.057158946990966797e+00
2.075460702180862427e+00 1.057258987426757812e+01 2.075460702180862427e+00 2.429902315139770508e+00
2.126771360635757446e+00 7.192883968353271484e+00 2.126771360635757446e+00 2.696184873580932617e+00
2.178082168102264404e+00 4.629816532135009766e+00 2.178082168102264404e+00 2.875952482223510742e+00
2.229392826557159424e+00 2.912974357604980469e+00 2.229392826557159424e+00 2.994449138641357422e+00
2.280703485012054443e+00 1.852640151977539062e+00 2.280703485012054443e+00 3.073321342468261719e+00
2.332014143466949463e+00 1.183555722236633301e+00 2.332014143466949463e+00 3.126001358032226562e+00
2.383324801921844482e+00 7.751420736312866211e-01 2.383324801921844482e+00 3.162037849426269531e+00
2.434635460376739502e+00 5.296841263771057129e-01 2.434635460376739502e+00 3.187734603881835938e+00
2.485946118831634521e+00 3.703176975250244141e-01 2.485946118831634521e+00 3.206465244293212891e+00
2.537256777286529541e+00 2.705757617950439453e-01 2.537256777286529541e+00 3.220721721649169922e+00
2.588567435741424561e+00 2.193808704614639282e-01 2.588567435741424561e+00 3.232753038406372070e+00
2.639878094196319580e+00 1.863753497600555420e-01 2.639878094196319580e+00 3.243383407592773438e+00
2.691188752651214600e+00 1.696098893880844116e-01 2.691188752651214600e+00 3.253437280654907227e+00
2.742499411106109619e+00 1.651805490255355835e-01 2.742499411106109619e+00 3.263605356216430664e+00
2.793810069561004639e+00 1.426109522581100464e-01 2.793810069561004639e+00 3.272715806961059570e+00
2.845120728015899658e+00 1.606718748807907104e-01 2.845120728015899658e+00 3.283360481262207031e+00
2.896431386470794678e+00 1.684232652187347412e-01 2.896431386470794678e+00 3.294924736022949219e+00
2.947742044925689697e+00 1.888085156679153442e-01 2.947742044925689697e+00 3.308351993560791016e+00
2.999052703380584717e+00 2.119842022657394409e-01 2.999052703380584717e+00 3.323956727981567383e+00
3.050363361835479736e+00 2.429541647434234619e-01 3.050363361835479736e+00 3.342458486557006836e+00
3.101674020290374756e+00 2.754678726196289062e-01 3.101674020290374756e+00 3.364147901535034180e+00
3.152984678745269775e+00 3.356775343418121338e-01 3.152984678745269775e+00 3.391459941864013672e+00
3.204295337200164795e+00 4.015621244907379150e-01 3.204295337200164795e+00 3.425204515457153320e+00
3.255605995655059814e+00 4.602459371089935303e-01 3.255605995655059814e+00 3.465129137039184570e+00
3.306916654109954834e+00 5.495142340660095215e-01 3.306916654109954834e+00 3.514311790466308594e+00
3.358227312564849854e+00 6.410527229309082031e-01 3.358227312564849854e+00 3.573481559753417969e+00
3.409537971019744873e+00 7.372397780418395996e-01 3.409537971019744873e+00 3.643624544143676758e+00
3.460848629474639893e+00 8.447847366333007812e-01 3.460848629474639893e+00 3.726437330245971680e+00
3.512159287929534912e+00 9.594223499298095703e-01 3.512159287929534912e+00 3.823296785354614258e+00
3.563469946384429932e+00 1.084249615669250488e+00 3.563469946384429932e+00 3.935980319976806641e+00
3.614780604839324951e+00 1.171581506729125977e+00 3.614780604839324951e+00 4.061271667480468750e+00
3.666091263294219971e+00 1.282698273658752441e+00 3.666091263294219971e+00 4.202367782592773438e+00
3.717401921749114990e+00 1.379062294960021973e+00 3.717401921749114990e+00 4.358339786529541016e+00
3.768712580204010010e+00 1.455716729164123535e+00 3.768712580204010010e+00 4.527557849884033203e+00
3.820023238658905029e+00 1.531898379325866699e+00 3.820023238658905029e+00 4.710513114929199219e+00
3.871333897113800049e+00 1.569053053855895996e+00 3.871333897113800049e+00 4.902974128723144531e+00
3.922644555568695068e+00 1.624644279479980469e+00 3.922644555568695068e+00 5.107571125030517578e+00
3.973955214023590088e+00 1.676160812377929688e+00 3.973955214023590088e+00 5.324213504791259766e+00
4.025265872478485107e+00 1.708574771881103516e+00 4.025265872478485107e+00 5.550786018371582031e+00
4.076576530933380127e+00 1.706897377967834473e+00 4.076576530933380127e+00 5.782942771911621094e+00
4.127887189388275146e+00 1.678670167922973633e+00 4.127887189388275146e+00 6.017043590545654297e+00
4.179197847843170166e+00 1.681300520896911621e+00 4.179197847843170166e+00 6.257377147674560547e+00
4.230508804321289062e+00 1.635421156883239746e+00 4.230508804321289062e+00 6.496929168701171875e+00
4.281819462776184082e+00 1.606154084205627441e+00 4.281819462776184082e+00 6.737934589385986328e+00
4.333130121231079102e+00 1.550390958786010742e+00 4.333130121231079102e+00 6.976181030273437500e+00
4.384440779685974121e+00 1.470456242561340332e+00 4.384440779685974121e+00 7.207528114318847656e+00
4.435751438140869141e+00 1.401782870292663574e+00 4.435751438140869141e+00 7.433261871337890625e+00
4.487062096595764160e+00 1.330234289169311523e+00 4.487062096595764160e+00 7.652458190917968750e+00
4.538372755050659180e+00 1.270218491554260254e+00 4.538372755050659180e+00 7.866580009460449219e+00
4.589683413505554199e+00 1.202127814292907715e+00 4.589683413505554199e+00 8.073831558227539062e+00
4.640994071960449219e+00 1.139688372611999512e+00 4.640994071960449219e+00 8.274736404418945312e+00
4.692304730415344238e+00 1.087715506553649902e+00 4.692304730415344238e+00 8.470742225646972656e+00
4.743615388870239258e+00 1.035204768180847168e+00 4.743615388870239258e+00 8.661387443542480469e+00
4.794926047325134277e+00 9.948109984397888184e-01 4.794926047325134277e+00 8.848578453063964844e+00
4.846236705780029297e+00 9.575700163841247559e-01 4.846236705780029297e+00 9.032639503479003906e+00
4.897547364234924316e+00 9.168829321861267090e-01 4.897547364234924316e+00 9.212631225585937500e+00
4.948858022689819336e+00 8.894096612930297852e-01 4.948858022689819336e+00 9.390907287597656250e+00
5.000168681144714355e+00 8.718033432960510254e-01 5.000168681144714355e+00 9.569297790527343750e+00
5.051479339599609375e+00 8.428968191146850586e-01 5.051479339599609375e+00 9.745329856872558594e+00
5.102790594100952148e+00 8.262521028518676758e-01 5.102790594100952148e+00 9.921409606933593750e+00
5.154100656509399414e+00 8.043620586395263672e-01 5.154100656509399414e+00 1.009628868103027344e+01
5.205411911010742188e+00 7.838961482048034668e-01 5.205411911010742188e+00 1.027012920379638672e+01
5.256721973419189453e+00 7.682687640190124512e-01 5.256721973419189453e+00 1.044387912750244141e+01
5.308033227920532227e+00 7.568346261978149414e-01 5.308033227920532227e+00 1.061840057373046875e+01
5.359343290328979492e+00 7.486760020256042480e-01 5.359343290328979492e+00 1.079439449310302734e+01
5.410654544830322266e+00 7.419033646583557129e-01 5.410654544830322266e+00 1.097215175628662109e+01
5.461964607238769531e+00 7.360067367553710938e-01 5.461964607238769531e+00 1.115185737609863281e+01
5.513275861740112305e+00 7.337130904197692871e-01 5.513275861740112305e+00 1.133438396453857422e+01
5.564585924148559570e+00 7.399297952651977539e-01 5.564585924148559570e+00 1.152189922332763672e+01
5.615897178649902344e+00 7.326757907867431641e-01 5.615897178649902344e+00 1.171101570129394531e+01
5.667207241058349609e+00 7.357960343360900879e-01 5.667207241058349609e+00 1.190442466735839844e+01
5.718518495559692383e+00 7.556250095367431641e-01 5.718518495559692383e+00 1.210665798187255859e+01
5.769828557968139648e+00 7.595245242118835449e-01 5.769828557968139648e+00 1.231359958648681641e+01
5.821139812469482422e+00 7.615876793861389160e-01 5.821139812469482422e+00 1.252480983734130859e+01
5.872449874877929688e+00 7.662833929061889648e-01 5.872449874877929688e+00 1.274108600616455078e+01
5.923761129379272461e+00 7.758611440658569336e-01 5.923761129379272461e+00 1.296390819549560547e+01
5.975071191787719727e+00 8.001508116722106934e-01 5.975071191787719727e+00 1.319770431518554688e+01
6.026382446289062500e+00 8.137542605400085449e-01 6.026382446289062500e+00 1.343957710266113281e+01
6.077692508697509766e+00 8.248641490936279297e-01 6.077692508697509766e+00 1.368894481658935547e+01
6.129003763198852539e+00 8.418755531311035156e-01 6.129003763198852539e+00 1.394777011871337891e+01
6.180313825607299805e+00 8.490662574768066406e-01 6.180313825607299805e+00 1.421319484710693359e+01
6.231625080108642578e+00 8.641642928123474121e-01 6.231625080108642578e+00 1.448784446716308594e+01
6.282935142517089844e+00 8.718028068542480469e-01 6.282935142517089844e+00 1.476950359344482422e+01
6.334246397018432617e+00 8.658466935157775879e-01 6.334246397018432617e+00 1.505382633209228516e+01
6.385556459426879883e+00 8.817906379699707031e-01 6.385556459426879883e+00 1.534809303283691406e+01
6.436867713928222656e+00 8.903380036354064941e-01 6.436867713928222656e+00 1.565000724792480469e+01
6.488177776336669922e+00 9.013969898223876953e-01 6.488177776336669922e+00 1.596056461334228516e+01
6.539489030838012695e+00 9.093507528305053711e-01 6.539489030838012695e+00 1.627883720397949219e+01
6.590799093246459961e+00 9.116244912147521973e-01 6.590799093246459961e+00 1.660293197631835938e+01
6.642110347747802734e+00 9.219022989273071289e-01 6.642110347747802734e+00 1.693580245971679688e+01
6.693420410156250000e+00 9.311580061912536621e-01 6.693420410156250000e+00 1.727723121643066406e+01
6.744731664657592773e+00 9.348775744438171387e-01 6.744731664657592773e+00 1.762529754638671875e+01
6.796041727066040039e+00 9.360361099243164062e-01 6.796041727066040039e+00 1.797912025451660156e+01
6.847352981567382812e+00 9.397083520889282227e-01 6.847352981567382812e+00 1.833971405029296875e+01
6.898663043975830078e+00 9.349690079689025879e-01 6.898663043975830078e+00 1.870388603210449219e+01
6.949974298477172852e+00 9.377606511116027832e-01 6.949974298477172852e+00 1.907460021972656250e+01
7.001284360885620117e+00 9.358733296394348145e-01 7.001284360885620117e+00 1.945005035400390625e+01
7.052595615386962891e+00 9.299976825714111328e-01 7.052595615386962891e+00 1.982863044738769531e+01
7.103905677795410156e+00 9.347659349441528320e-01 7.103905677795410156e+00 2.021471023559570312e+01
7.155216932296752930e+00 9.242767691612243652e-01 7.155216932296752930e+00 2.060199165344238281e+01
7.206526994705200195e+00 9.245667457580566406e-01 7.206526994705200195e+00 2.099497032165527344e+01
7.257838249206542969e+00 9.247192740440368652e-01 7.257838249206542969e+00 2.139362907409667969e+01
7.309148311614990234e+00 9.261730313301086426e-01 7.309148311614990234e+00 2.179858207702636719e+01
7.360459566116333008e+00 9.238250851631164551e-01 7.360459566116333008e+00 2.220820045471191406e+01
7.411769628524780273e+00 9.265654087066650391e-01 7.411769628524780273e+00 2.262478065490722656e+01
7.463080883026123047e+00 9.275173544883728027e-01 7.463080883026123047e+00 2.304758262634277344e+01
7.514390945434570312e+00 9.164592027664184570e-01 7.514390945434570312e+00 2.347110939025878906e+01
7.565702199935913086e+00 9.117272496223449707e-01 7.565702199935913086e+00 2.389822006225585938e+01
7.617012262344360352e+00 9.099747538566589355e-01 7.617012262344360352e+00 2.433031463623046875e+01
7.668323516845703125e+00 8.991941809654235840e-01 7.668323516845703125e+00 2.476306152343750000e+01
7.719633579254150391e+00 9.014273881912231445e-01 7.719633579254150391e+00 2.520270729064941406e+01
7.770944833755493164e+00 9.091282486915588379e-01 7.770944833755493164e+00 2.565202140808105469e+01
