# distance (\AA)	RDF	distance (\AA)	cdf
1.256553269922733307e-01 0.000000000000000000e+00 1.256553269922733307e-01 0.000000000000000000e+00
1.769660040736198425e-01 0.000000000000000000e+00 1.769660040736198425e-01 0.000000000000000000e+00
2.282766625285148621e-01 0.000000000000000000e+00 2.282766625285148621e-01 0.000000000000000000e+00
2.795873209834098816e-01 0.000000000000000000e+00 2.795873209834098816e-01 0.000000000000000000e+00
3.308980166912078857e-01 0.000000000000000000e+00 3.308980166912078857e-01 0.000000000000000000e+00
3.822086751461029053e-01 0.000000000000000000e+00 3.822086751461029053e-01 0.000000000000000000e+00
4.335193336009979248e-01 0.000000000000000000e+00 4.335193336009979248e-01 0.000000000000000000e+00
4.848299920558929443e-01 0.000000000000000000e+00 4.848299920558929443e-01 0.000000000000000000e+00
5.361406505107879639e-01 0.000000000000000000e+00 5.361406505107879639e-01 0.000000000000000000e+00
5.874513089656829834e-01 0.000000000000000000e+00 5.874513089656829834e-01 0.000000000000000000e+00
6.387619674205780029e-01 0.000000000000000000e+00 6.387619674205780029e-01 0.000000000000000000e+00
6.900727003812789917e-01 0.000000000000000000e+00 6.900727003812789917e-01 0.000000000000000000e+00
7.413833588361740112e-01 0.000000000000000000e+00 7.413833588361740112e-01 0.000000000000000000e+00
7.926940172910690308e-01 0.000000000000000000e+00 7.926940172910690308e-01 0.000000000000000000e+00
8.440046757459640503e-01 0.000000000000000000e+00 8.440046757459640503e-01 0.000000000000000000e+00
8.953153342008590698e-01 0.000000000000000000e+00 8.953153342008590698e-01 0.000000000000000000e+00
9.466259926557540894e-01 0.000000000000000000e+00 9.466259926557540894e-01 0.000000000000000000e+00
9.979366511106491089e-01 0.000000000000000000e+00 9.979366511106491089e-01 0.000000000000000000e+00
1.049247309565544128e+00 0.000000000000000000e+00 1.049247309565544128e+00 0.000000000000000000e+00
1.100557968020439148e+00 0.000000000000000000e+00 1.100557968020439148e+00 0.000000000000000000e+00
1.151868700981140137e+00 0.000000000000000000e+00 1.151868700981140137e+00 0.000000000000000000e+00
1.203179359436035156e+00 0.000000000000000000e+00 1.203179359436035156e+00 0.000000000000000000e+00
1.254490017890930176e+00 0.000000000000000000e+00 1.254490017890930176e+00 0.000000000000000000e+00
1.305800676345825195e+00 0.000000000000000000e+00 1.305800676345825195e+00 0.000000000000000000e+00
1.357111334800720215e+00 0.000000000000000000e+00 1.357111334800720215e+00 0.000000000000000000e+00
1.408422142267227173e+00 0.000000000000000000e+00 1.408422142267227173e+00 0.000000000000000000e+00
1.459732800722122192e+00 0.000000000000000000e+00 1.459732800722122192e+00 0.000000000000000000e+00
1.511043459177017212e+00 0.000000000000000000e+00 1.511043459177017212e+00 0.000000000000000000e+00
1.562354117631912231e+00 0.000000000000000000e+00 1.562354117631912231e+00 0.000000000000000000e+00
1.613664776086807251e+00 0.000000000000000000e+00 1.613664776086807251e+00 0.000000000000000000e+00
1.664975434541702271e+00 0.000000000000000000e+00 1.664975434541702271e+00 0.000000000000000000e+00
1.716286092996597290e+00 0.000000000000000000e+00 1.716286092996597290e+00 0.000000000000000000e+00
1.767596751451492310e+00 0.000000000000000000e+00 1.767596751451492310e+00 0.000000000000000000e+00
1.818907409906387329e+00 0.000000000000000000e+00 1.818907409906387329e+00 0.000000000000000000e+00
1.870218068361282349e+00 0.000000000000000000e+00 1.870218068361282349e+00 0.000000000000000000e+00
1.921528726816177368e+00 0.000000000000000000e+00 1.921528726816177368e+00 0.000000000000000000e+00
1.972839385271072388e+00 0.000000000000000000e+00 1.972839385271072388e+00 0.000000000000000000e+00
2.024150043725967407e+00 0.000000000000000000e+00 2.024150043725967407e+00 0.000000000000000000e+00
2.075460702180862427e+00 0.000000000000000000e+00 2.075460702180862427e+00 0.000000000000000000e+00
2.126771360635757446e+00 0.000000000000000000e+00 2.126771360635757446e+00 0.000000000000000000e+00
2.178082168102264404e+00 0.000000000000000000e+00 2.178082168102264404e+00 0.000000000000000000e+00
2.229392826557159424e+00 0.000000000000000000e+00 2.229392826557159424e+00 0.000000000000000000e+00
2.280703485012054443e+00 0.000000000000000000e+00 2.280703485012054443e+00 0.000000000000000000e+00
2.332014143466949463e+00 1.541534147690981627e-04 2.332014143466949463e+00 6.861357633169973269e-06
2.383324801921844482e+00 3.173132194206118584e-03 2.383324801921844482e+00 1.543805410619825125e-04
2.434635460376739502e+00 3.026654012501239777e-02 2.434635460376739502e+00 1.622711075469851494e-03
2.485946118831634521e+00 1.347387433052062988e-01 2.485946118831634521e+00 8.437754586338996887e-03
2.537256777286529541e+00 4.235197901725769043e-01 2.537256777286529541e+00 3.075260482728481293e-02
2.588567435741424561e+00 9.506654739379882812e-01 2.588567435741424561e+00 8.288863301277160645e-02
2.639878094196319580e+00 1.666370987892150879e+00 2.639878094196319580e+00 1.779338717460632324e-01
2.691188752651214600e+00 2.459455966949462891e+00 2.691188752651214600e+00 3.237205743789672852e-01
2.742499411106109619e+00 3.082956075668334961e+00 2.742499411106109619e+00 5.135005712509155273e-01
2.793810069561004639e+00 3.459323883056640625e+00 2.793810069561004639e+00 7.344911694526672363e-01
2.845120728015899658e+00 3.647973537445068359e+00 2.845120728015899658e+00 9.761722087860107422e-01
2.896431386470794678e+00 3.647160768508911133e+00 2.896431386470794678e+00 1.226592898368835449e+00
2.947742044925689697e+00 3.583423614501953125e+00 2.947742044925689697e+00 1.481431484222412109e+00
2.999052703380584717e+00 3.483672380447387695e+00 2.999052703380584717e+00 1.737875580787658691e+00
3.050363361835479736e+00 3.303002595901489258e+00 3.050363361835479736e+00 1.989411234855651855e+00
3.101674020290374756e+00 3.109775781631469727e+00 3.101674020290374756e+00 2.234265565872192383e+00
3.152984678745269775e+00 2.916740417480468750e+00 3.152984678745269775e+00 2.471582889556884766e+00
3.204295337200164795e+00 2.733579874038696289e+00 3.204295337200164795e+00 2.701294183731079102e+00
3.255605995655059814e+00 2.539134025573730469e+00 3.255605995655059814e+00 2.921554088592529297e+00
3.306916654109954834e+00 2.345958471298217773e+00 3.306916654109954834e+00 3.131521940231323242e+00
3.358227312564849854e+00 2.127355337142944336e+00 3.358227312564849854e+00 3.327878475189208984e+00
3.409537971019744873e+00 1.938614487648010254e+00 3.409537971019744873e+00 3.512323856353759766e+00
3.460848629474639893e+00 1.761530637741088867e+00 3.460848629474639893e+00 3.685003757476806641e+00
3.512159287929534912e+00 1.631793737411499023e+00 3.512159287929534912e+00 3.849743127822875977e+00
3.563469946384429932e+00 1.481715202331542969e+00 3.563469946384429932e+00 4.003734111785888672e+00
3.614780604839324951e+00 1.375213384628295898e+00 3.614780604839324951e+00 4.150802135467529297e+00
3.666091263294219971e+00 1.281410813331604004e+00 3.666091263294219971e+00 4.291756629943847656e+00
3.717401921749114990e+00 1.198173999786376953e+00 3.717401921749114990e+00 4.427269935607910156e+00
3.768712580204010010e+00 1.124731063842773438e+00 3.768712580204010010e+00 4.558012962341308594e+00
3.820023238658905029e+00 1.083311438560485840e+00 3.820023238658905029e+00 4.687393188476562500e+00
3.871333897113800049e+00 1.030897259712219238e+00 3.871333897113800049e+00 4.813843727111816406e+00
3.922644555568695068e+00 1.004991054534912109e+00 3.922644555568695068e+00 4.940405845642089844e+00
3.973955214023590088e+00 9.679146409034729004e-01 3.973955214023590088e+00 5.065507888793945312e+00
4.025265872478485107e+00 9.577172994613647461e-01 4.025265872478485107e+00 5.192510128021240234e+00
4.076576530933380127e+00 9.368208050727844238e-01 4.076576530933380127e+00 5.319928169250488281e+00
4.127887189388275146e+00 9.284745454788208008e-01 4.127887189388275146e+00 5.449409484863281250e+00
4.179197847843170166e+00 9.264122843742370605e-01 4.179197847843170166e+00 5.581835269927978516e+00
4.230508804321289062e+00 9.079362750053405762e-01 4.230508804321289062e+00 5.714827060699462891e+00
4.281819462776184082e+00 9.058708548545837402e-01 4.281819462776184082e+00 5.850753784179687500e+00
4.333130121231079102e+00 9.234923720359802246e-01 4.333130121231079102e+00 5.992665290832519531e+00
4.384440779685974121e+00 9.178913235664367676e-01 4.384440779685974121e+00 6.137077331542968750e+00
4.435751438140869141e+00 9.102672934532165527e-01 4.435751438140869141e+00 6.283660888671875000e+00
4.487062096595764160e+00 9.169723987579345703e-01 4.487062096595764160e+00 6.434760093688964844e+00
4.538372755050659180e+00 9.211918711662292480e-01 4.538372755050659180e+00 6.590046405792236328e+00
4.589683413505554199e+00 9.138271808624267578e-01 4.589683413505554199e+00 6.747593402862548828e+00
4.640994071960449219e+00 9.198195338249206543e-01 4.640994071960449219e+00 6.909739494323730469e+00
4.692304730415344238e+00 9.125957489013671875e-01 4.692304730415344238e+00 7.074189186096191406e+00
4.743615388870239258e+00 9.151839613914489746e-01 4.743615388870239258e+00 7.242731571197509766e+00
4.794926047325134277e+00 9.288676977157592773e-01 4.794926047325134277e+00 7.417514324188232422e+00
4.846236705780029297e+00 9.482731223106384277e-01 4.846236705780029297e+00 7.599788188934326172e+00
4.897547364234924316e+00 9.602098464965820312e-01 4.897547364234924316e+00 7.788285255432128906e+00
4.948858022689819336e+00 9.605922698974609375e-01 4.948858022689819336e+00 7.980829715728759766e+00
5.000168681144714355e+00 9.685029387474060059e-01 5.000168681144714355e+00 8.179007530212402344e+00
5.051479339599609375e+00 9.835115075111389160e-01 5.051479339599609375e+00 8.384406089782714844e+00
5.102790594100952148e+00 9.950280785560607910e-01 5.102790594100952148e+00 8.596452713012695312e+00
5.154100656509399414e+00 1.010505914688110352e+00 5.154100656509399414e+00 8.816149711608886719e+00
5.205411911010742188e+00 1.013242244720458984e+00 5.205411911010742188e+00 9.040850639343261719e+00
5.256721973419189453e+00 1.028415679931640625e+00 5.256721973419189453e+00 9.273434638977050781e+00
5.308033227920532227e+00 1.042557120323181152e+00 5.308033227920532227e+00 9.513841629028320312e+00
5.359343290328979492e+00 1.057793140411376953e+00 5.359343290328979492e+00 9.762500762939453125e+00
5.410654544830322266e+00 1.066493749618530273e+00 5.410654544830322266e+00 1.001802825927734375e+01
5.461964607238769531e+00 1.085123419761657715e+00 5.461964607238769531e+00 1.028297519683837891e+01
5.513275861740112305e+00 1.094808697700500488e+00 5.513275861740112305e+00 1.055533123016357422e+01
5.564585924148559570e+00 1.093619346618652344e+00 5.564585924148559570e+00 1.083247947692871094e+01
5.615897178649902344e+00 1.094670891761779785e+00 5.615897178649902344e+00 1.111503314971923828e+01
5.667207241058349609e+00 1.093617200851440430e+00 5.667207241058349609e+00 1.140249824523925781e+01
5.718518495559692383e+00 1.077934980392456055e+00 5.718518495559692383e+00 1.169099426269531250e+01
5.769828557968139648e+00 1.072882771492004395e+00 5.769828557968139648e+00 1.198331356048583984e+01
5.821139812469482422e+00 1.064071655273437500e+00 5.821139812469482422e+00 1.227841186523437500e+01
5.872449874877929688e+00 1.044917702674865723e+00 5.872449874877929688e+00 1.257332897186279297e+01
5.923761129379272461e+00 1.025898694992065430e+00 5.923761129379272461e+00 1.286796092987060547e+01
5.975071191787719727e+00 1.008195877075195312e+00 5.975071191787719727e+00 1.316254520416259766e+01
6.026382446289062500e+00 9.863957762718200684e-01 6.026382446289062500e+00 1.345573234558105469e+01
6.077692508697509766e+00 9.687776565551757812e-01 6.077692508697509766e+00 1.374860668182373047e+01
6.129003763198852539e+00 9.610725045204162598e-01 6.129003763198852539e+00 1.404407787322998047e+01
6.180313825607299805e+00 9.390774369239807129e-01 6.180313825607299805e+00 1.433764076232910156e+01
6.231625080108642578e+00 9.221900105476379395e-01 6.231625080108642578e+00 1.463073253631591797e+01
6.282935142517089844e+00 9.094305038452148438e-01 6.282935142517089844e+00 1.492454814910888672e+01
6.334246397018432617e+00 8.950040936470031738e-01 6.334246397018432617e+00 1.521844482421875000e+01
6.385556459426879883e+00 8.971827626228332520e-01 6.385556459426879883e+00 1.551784801483154297e+01
6.436867713928222656e+00 8.846631646156311035e-01 6.436867713928222656e+00 1.581783771514892578e+01
6.488177776336669922e+00 8.806118369102478027e-01 6.488177776336669922e+00 1.612123489379882812e+01
6.539489030838012695e+00 8.710572123527526855e-01 6.539489030838012695e+00 1.642610359191894531e+01
6.590799093246459961e+00 8.654307723045349121e-01 6.590799093246459961e+00 1.673377609252929688e+01
6.642110347747802734e+00 8.577269911766052246e-01 6.642110347747802734e+00 1.704347610473632812e+01
6.693420410156250000e+00 8.578868508338928223e-01 6.693420410156250000e+00 1.735803794860839844e+01
6.744731664657592773e+00 8.579321503639221191e-01 6.744731664657592773e+00 1.767745590209960938e+01
6.796041727066040039e+00 8.567904233932495117e-01 6.796041727066040039e+00 1.800132369995117188e+01
6.847352981567382812e+00 8.598834276199340820e-01 6.847352981567382812e+00 1.833128547668457031e+01
6.898663043975830078e+00 8.665635585784912109e-01 6.898663043975830078e+00 1.866881370544433594e+01
6.949974298477172852e+00 8.663203120231628418e-01 6.949974298477172852e+00 1.901128578186035156e+01
7.001284360885620117e+00 8.635579943656921387e-01 7.001284360885620117e+00 1.935772514343261719e+01
7.052595615386962891e+00 8.631908297538757324e-01 7.052595615386962891e+00 1.970911026000976562e+01
7.103905677795410156e+00 8.699771165847778320e-01 7.103905677795410156e+00 2.006843185424804688e+01
7.155216932296752930e+00 8.712682127952575684e-01 7.155216932296752930e+00 2.043350219726562500e+01
7.206526994705200195e+00 8.752999901771545410e-01 7.206526994705200195e+00 2.080554199218750000e+01
7.257838249206542969e+00 8.762873411178588867e-01 7.257838249206542969e+00 2.118332099914550781e+01
7.309148311614990234e+00 8.853141069412231445e-01 7.309148311614990234e+00 2.157040977478027344e+01
7.360459566116333008e+00 8.976953029632568359e-01 7.360459566116333008e+00 2.196844291687011719e+01
7.411769628524780273e+00 9.007146954536437988e-01 7.411769628524780273e+00 2.237339973449707031e+01
7.463080883026123047e+00 9.099314808845520020e-01 7.463080883026123047e+00 2.278818511962890625e+01
7.514390945434570312e+00 9.100801944732666016e-01 7.514390945434570312e+00 2.320876312255859375e+01
7.565702199935913086e+00 9.148013591766357422e-01 7.565702199935913086e+00 2.363731384277343750e+01
7.617012262344360352e+00 9.279845356941223145e-01 7.617012262344360352e+00 2.407795906066894531e+01
7.668323516845703125e+00 9.367007613182067871e-01 7.668323516845703125e+00 2.452875709533691406e+01
7.719633579254150391e+00 9.433776140213012695e-01 7.719633579254150391e+00 2.498886299133300781e+01
7.770944833755493164e+00 9.593731164932250977e-01 7.770944833755493164e+00 2.546300888061523438e+01
