# distance (\AA)	RDF	distance (\AA)	cdf
1.256553269922733307e-01 0.000000000000000000e+00 1.256553269922733307e-01 0.000000000000000000e+00
1.769660040736198425e-01 0.000000000000000000e+00 1.769660040736198425e-01 0.000000000000000000e+00
2.282766625285148621e-01 0.000000000000000000e+00 2.282766625285148621e-01 0.000000000000000000e+00
2.795873209834098816e-01 0.000000000000000000e+00 2.795873209834098816e-01 0.000000000000000000e+00
3.308980166912078857e-01 0.000000000000000000e+00 3.308980166912078857e-01 0.000000000000000000e+00
3.822086751461029053e-01 0.000000000000000000e+00 3.822086751461029053e-01 0.000000000000000000e+00
4.335193336009979248e-01 0.000000000000000000e+00 4.335193336009979248e-01 0.000000000000000000e+00
4.848299920558929443e-01 0.000000000000000000e+00 4.848299920558929443e-01 0.000000000000000000e+00
5.361406505107879639e-01 0.000000000000000000e+00 5.361406505107879639e-01 0.000000000000000000e+00
5.874513089656829834e-01 0.000000000000000000e+00 5.874513089656829834e-01 0.000000000000000000e+00
6.387619674205780029e-01 0.000000000000000000e+00 6.387619674205780029e-01 0.000000000000000000e+00
6.900727003812789917e-01 0.000000000000000000e+00 6.900727003812789917e-01 0.000000000000000000e+00
7.413833588361740112e-01 0.000000000000000000e+00 7.413833588361740112e-01 0.000000000000000000e+00
7.926940172910690308e-01 0.000000000000000000e+00 7.926940172910690308e-01 0.000000000000000000e+00
8.440046757459640503e-01 0.000000000000000000e+00 8.440046757459640503e-01 0.000000000000000000e+00
8.953153342008590698e-01 0.000000000000000000e+00 8.953153342008590698e-01 0.000000000000000000e+00
9.466259926557540894e-01 0.000000000000000000e+00 9.466259926557540894e-01 0.000000000000000000e+00
9.979366511106491089e-01 0.000000000000000000e+00 9.979366511106491089e-01 0.000000000000000000e+00
1.049247309565544128e+00 0.000000000000000000e+00 1.049247309565544128e+00 0.000000000000000000e+00
1.100557968020439148e+00 0.000000000000000000e+00 1.100557968020439148e+00 0.000000000000000000e+00
1.151868700981140137e+00 0.000000000000000000e+00 1.151868700981140137e+00 0.000000000000000000e+00
1.203179359436035156e+00 0.000000000000000000e+00 1.203179359436035156e+00 0.000000000000000000e+00
1.254490017890930176e+00 0.000000000000000000e+00 1.254490017890930176e+00 0.000000000000000000e+00
1.305800676345825195e+00 0.000000000000000000e+00 1.305800676345825195e+00 0.000000000000000000e+00
1.357111334800720215e+00 0.000000000000000000e+00 1.357111334800720215e+00 0.000000000000000000e+00
1.408422142267227173e+00 0.000000000000000000e+00 1.408422142267227173e+00 0.000000000000000000e+00
1.459732800722122192e+00 0.000000000000000000e+00 1.459732800722122192e+00 0.000000000000000000e+00
1.511043459177017212e+00 0.000000000000000000e+00 1.511043459177017212e+00 0.000000000000000000e+00
1.562354117631912231e+00 0.000000000000000000e+00 1.562354117631912231e+00 0.000000000000000000e+00
1.613664776086807251e+00 0.000000000000000000e+00 1.613664776086807251e+00 0.000000000000000000e+00
1.664975434541702271e+00 0.000000000000000000e+00 1.664975434541702271e+00 0.000000000000000000e+00
1.716286092996597290e+00 0.000000000000000000e+00 1.716286092996597290e+00 0.000000000000000000e+00
1.767596751451492310e+00 0.000000000000000000e+00 1.767596751451492310e+00 0.000000000000000000e+00
1.818907409906387329e+00 0.000000000000000000e+00 1.818907409906387329e+00 0.000000000000000000e+00
1.870218068361282349e+00 0.000000000000000000e+00 1.870218068361282349e+00 0.000000000000000000e+00
1.921528726816177368e+00 0.000000000000000000e+00 1.921528726816177368e+00 0.000000000000000000e+00
1.972839385271072388e+00 0.000000000000000000e+00 1.972839385271072388e+00 0.000000000000000000e+00
2.024150043725967407e+00 0.000000000000000000e+00 2.024150043725967407e+00 0.000000000000000000e+00
2.075460702180862427e+00 0.000000000000000000e+00 2.075460702180862427e+00 0.000000000000000000e+00
2.126771360635757446e+00 0.000000000000000000e+00 2.126771360635757446e+00 0.000000000000000000e+00
2.178082168102264404e+00 0.000000000000000000e+00 2.178082168102264404e+00 0.000000000000000000e+00
2.229392826557159424e+00 0.000000000000000000e+00 2.229392826557159424e+00 0.000000000000000000e+00
2.280703485012054443e+00 0.000000000000000000e+00 2.280703485012054443e+00 0.000000000000000000e+00
2.332014143466949463e+00 0.000000000000000000e+00 2.332014143466949463e+00 0.000000000000000000e+00
2.383324801921844482e+00 0.000000000000000000e+00 2.383324801921844482e+00 0.000000000000000000e+00
2.434635460376739502e+00 0.000000000000000000e+00 2.434635460376739502e+00 0.000000000000000000e+00
2.485946118831634521e+00 0.000000000000000000e+00 2.485946118831634521e+00 0.000000000000000000e+00
2.537256777286529541e+00 0.000000000000000000e+00 2.537256777286529541e+00 0.000000000000000000e+00
2.588567435741424561e+00 0.000000000000000000e+00 2.588567435741424561e+00 0.000000000000000000e+00
2.639878094196319580e+00 0.000000000000000000e+00 2.639878094196319580e+00 0.000000000000000000e+00
2.691188752651214600e+00 0.000000000000000000e+00 2.691188752651214600e+00 0.000000000000000000e+00
2.742499411106109619e+00 0.000000000000000000e+00 2.742499411106109619e+00 0.000000000000000000e+00
2.793810069561004639e+00 0.000000000000000000e+00 2.793810069561004639e+00 0.000000000000000000e+00
2.845120728015899658e+00 0.000000000000000000e+00 2.845120728015899658e+00 0.000000000000000000e+00
2.896431386470794678e+00 0.000000000000000000e+00 2.896431386470794678e+00 0.000000000000000000e+00
2.947742044925689697e+00 0.000000000000000000e+00 2.947742044925689697e+00 0.000000000000000000e+00
2.999052703380584717e+00 0.000000000000000000e+00 2.999052703380584717e+00 0.000000000000000000e+00
3.050363361835479736e+00 0.000000000000000000e+00 3.050363361835479736e+00 0.000000000000000000e+00
3.101674020290374756e+00 0.000000000000000000e+00 3.101674020290374756e+00 0.000000000000000000e+00
3.152984678745269775e+00 0.000000000000000000e+00 3.152984678745269775e+00 0.000000000000000000e+00
3.204295337200164795e+00 0.000000000000000000e+00 3.204295337200164795e+00 0.000000000000000000e+00
3.255605995655059814e+00 0.000000000000000000e+00 3.255605995655059814e+00 0.000000000000000000e+00
3.306916654109954834e+00 0.000000000000000000e+00 3.306916654109954834e+00 0.000000000000000000e+00
3.358227312564849854e+00 0.000000000000000000e+00 3.358227312564849854e+00 0.000000000000000000e+00
3.409537971019744873e+00 0.000000000000000000e+00 3.409537971019744873e+00 0.000000000000000000e+00
3.460848629474639893e+00 0.000000000000000000e+00 3.460848629474639893e+00 0.000000000000000000e+00
3.512159287929534912e+00 0.000000000000000000e+00 3.512159287929534912e+00 0.000000000000000000e+00
3.563469946384429932e+00 0.000000000000000000e+00 3.563469946384429932e+00 0.000000000000000000e+00
3.614780604839324951e+00 0.000000000000000000e+00 3.614780604839324951e+00 0.000000000000000000e+00
3.666091263294219971e+00 0.000000000000000000e+00 3.666091263294219971e+00 0.000000000000000000e+00
3.717401921749114990e+00 0.000000000000000000e+00 3.717401921749114990e+00 0.000000000000000000e+00
3.768712580204010010e+00 0.000000000000000000e+00 3.768712580204010010e+00 0.000000000000000000e+00
3.820023238658905029e+00 0.000000000000000000e+00 3.820023238658905029e+00 0.000000000000000000e+00
3.871333897113800049e+00 0.000000000000000000e+00 3.871333897113800049e+00 0.000000000000000000e+00
3.922644555568695068e+00 0.000000000000000000e+00 3.922644555568695068e+00 0.000000000000000000e+00
3.973955214023590088e+00 0.000000000000000000e+00 3.973955214023590088e+00 0.000000000000000000e+00
4.025265872478485107e+00 0.000000000000000000e+00 4.025265872478485107e+00 0.000000000000000000e+00
4.076576530933380127e+00 0.000000000000000000e+00 4.076576530933380127e+00 0.000000000000000000e+00
4.127887189388275146e+00 0.000000000000000000e+00 4.127887189388275146e+00 0.000000000000000000e+00
4.179197847843170166e+00 0.000000000000000000e+00 4.179197847843170166e+00 0.000000000000000000e+00
4.230508804321289062e+00 0.000000000000000000e+00 4.230508804321289062e+00 0.000000000000000000e+00
4.281819462776184082e+00 0.000000000000000000e+00 4.281819462776184082e+00 0.000000000000000000e+00
4.333130121231079102e+00 0.000000000000000000e+00 4.333130121231079102e+00 0.000000000000000000e+00
4.384440779685974121e+00 0.000000000000000000e+00 4.384440779685974121e+00 0.000000000000000000e+00
4.435751438140869141e+00 0.000000000000000000e+00 4.435751438140869141e+00 0.000000000000000000e+00
4.487062096595764160e+00 0.000000000000000000e+00 4.487062096595764160e+00 0.000000000000000000e+00
4.538372755050659180e+00 4.082869738340377808e-03 4.538372755050659180e+00 1.238856348209083080e-04
4.589683413505554199e+00 4.606277216225862503e-03 4.589683413505554199e+00 2.668305824045091867e-04
4.640994071960449219e+00 3.003321122378110886e-03 4.640994071960449219e+00 3.621272044256329536e-04
4.692304730415344238e+00 6.757383234798908234e-03 4.692304730415344238e+00 5.813094321638345718e-04
4.743615388870239258e+00 5.462078377604484558e-03 4.743615388870239258e+00 7.623730343766510487e-04
4.794926047325134277e+00 9.284834377467632294e-03 4.794926047325134277e+00 1.076851971447467804e-03
4.846236705780029297e+00 5.784074310213327408e-03 4.846236705780029297e+00 1.276974915526807308e-03
4.897547364234924316e+00 1.429363898932933807e-02 4.897547364234924316e+00 1.782047096639871597e-03
4.948858022689819336e+00 2.007368765771389008e-02 4.948858022689819336e+00 2.506301505491137505e-03
5.000168681144714355e+00 2.018117159605026245e-02 5.000168681144714355e+00 3.249615198001265526e-03
5.051479339599609375e+00 2.560408972203731537e-02 5.051479339599609375e+00 4.212111234664916992e-03
5.102790594100952148e+00 2.856975048780441284e-02 5.102790594100952148e+00 5.308022722601890564e-03
5.154100656509399414e+00 5.771220475435256958e-02 5.154100656509399414e+00 7.566553074866533279e-03
5.205411911010742188e+00 1.057589948177337646e-01 5.205411911010742188e+00 1.178819406777620316e-02
5.256721973419189453e+00 1.786154210567474365e-01 5.256721973419189453e+00 1.905932649970054626e-02
5.308033227920532227e+00 1.687502712011337280e-01 5.308033227920532227e+00 2.606362849473953247e-02
5.359343290328979492e+00 1.887320131063461304e-01 5.359343290328979492e+00 3.404948860406875610e-02
5.410654544830322266e+00 2.726724743843078613e-01 5.410654544830322266e+00 4.580909386277198792e-02
5.461964607238769531e+00 3.206958472728729248e-01 5.461964607238769531e+00 5.990346521139144897e-02
5.513275861740112305e+00 3.530628383159637451e-01 5.513275861740112305e+00 7.571318000555038452e-02
5.564585924148559570e+00 4.059120118618011475e-01 5.564585924148559570e+00 9.422931820154190063e-02
5.615897178649902344e+00 4.487821459770202637e-01 5.615897178649902344e+00 1.150802224874496460e-01
5.667207241058349609e+00 4.805688261985778809e-01 5.667207241058349609e+00 1.378179937601089478e-01
5.718518495559692383e+00 5.501216053962707520e-01 5.718518495559692383e+00 1.643199920654296875e-01
5.769828557968139648e+00 5.815755724906921387e-01 5.769828557968139648e+00 1.928422749042510986e-01
5.821139812469482422e+00 6.269201636314392090e-01 5.821139812469482422e+00 2.241376936435699463e-01
5.872449874877929688e+00 6.118862032890319824e-01 5.872449874877929688e+00 2.552234530448913574e-01
5.923761129379272461e+00 6.582937240600585938e-01 5.923761129379272461e+00 2.892538905143737793e-01
5.975071191787719727e+00 6.796524524688720703e-01 5.975071191787719727e+00 3.249996602535247803e-01
6.026382446289062500e+00 6.442590951919555664e-01 6.026382446289062500e+00 3.594684600830078125e-01
6.077692508697509766e+00 6.819359660148620605e-01 6.077692508697509766e+00 3.965769708156585693e-01
6.129003763198852539e+00 6.375027298927307129e-01 6.129003763198852539e+00 4.318557977676391602e-01
6.180313825607299805e+00 6.559222936630249023e-01 6.180313825607299805e+00 4.687641859054565430e-01
6.231625080108642578e+00 6.856423616409301758e-01 6.231625080108642578e+00 5.079882740974426270e-01
6.282935142517089844e+00 7.051336765289306641e-01 6.282935142517089844e+00 5.489944219589233398e-01
6.334246397018432617e+00 6.792453527450561523e-01 6.334246397018432617e+00 5.891429185867309570e-01
6.385556459426879883e+00 6.828134059906005859e-01 6.385556459426879883e+00 6.301586031913757324e-01
6.436867713928222656e+00 7.567452192306518555e-01 6.436867713928222656e+00 6.763488650321960449e-01
6.488177776336669922e+00 7.661812305450439453e-01 6.488177776336669922e+00 7.238637804985046387e-01
6.539489030838012695e+00 8.147133588790893555e-01 6.539489030838012695e+00 7.751905322074890137e-01
6.590799093246459961e+00 8.168197870254516602e-01 6.590799093246459961e+00 8.274607658386230469e-01
6.642110347747802734e+00 8.747764229774475098e-01 6.642110347747802734e+00 8.843147158622741699e-01
6.693420410156250000e+00 8.972212672233581543e-01 6.693420410156250000e+00 9.435320496559143066e-01
6.744731664657592773e+00 8.716827034950256348e-01 6.744731664657592773e+00 1.001948833465576172e+00
6.796041727066040039e+00 9.113674163818359375e-01 6.796041727066040039e+00 1.063958406448364258e+00
6.847352981567382812e+00 9.661956429481506348e-01 6.847352981567382812e+00 1.130694627761840820e+00
6.898663043975830078e+00 1.071897625923156738e+00 6.898663043975830078e+00 1.205845594406127930e+00
6.949974298477172852e+00 1.116793155670166016e+00 6.949974298477172852e+00 1.285313487052917480e+00
7.001284360885620117e+00 1.139812231063842773e+00 7.001284360885620117e+00 1.367621183395385742e+00
7.052595615386962891e+00 1.193130016326904297e+00 7.052595615386962891e+00 1.455046296119689941e+00
7.103905677795410156e+00 1.258757591247558594e+00 7.103905677795410156e+00 1.548627614974975586e+00
7.155216932296752930e+00 1.240268468856811523e+00 7.155216932296752930e+00 1.642170786857604980e+00
7.206526994705200195e+00 1.305248618125915527e+00 7.206526994705200195e+00 1.742032170295715332e+00
7.257838249206542969e+00 1.347407579421997070e+00 7.257838249206542969e+00 1.846591591835021973e+00
7.309148311614990234e+00 1.321405768394470215e+00 7.309148311614990234e+00 1.950588822364807129e+00
7.360459566116333008e+00 1.354030728340148926e+00 7.360459566116333008e+00 2.058655261993408203e+00
7.411769628524780273e+00 1.400707602500915527e+00 7.411769628524780273e+00 2.172010660171508789e+00
7.463080883026123047e+00 1.391613960266113281e+00 7.463080883026123047e+00 2.286195039749145508e+00
7.514390945434570312e+00 1.467298865318298340e+00 7.514390945434570312e+00 2.408251047134399414e+00
7.565702199935913086e+00 1.490082859992980957e+00 7.565702199935913086e+00 2.533899784088134766e+00
7.617012262344360352e+00 1.503289699554443359e+00 7.617012262344360352e+00 2.662388324737548828e+00
7.668323516845703125e+00 1.515031695365905762e+00 7.668323516845703125e+00 2.793630838394165039e+00
7.719633579254150391e+00 1.608286380767822266e+00 7.719633579254150391e+00 2.934822320938110352e+00
7.770944833755493164e+00 1.575984120368957520e+00 7.770944833755493164e+00 3.075022697448730469e+00
