# distance (\AA)	RDF	distance (\AA)	cdf
1.256553269922733307e-01 0.000000000000000000e+00 1.256553269922733307e-01 0.000000000000000000e+00
1.769660040736198425e-01 0.000000000000000000e+00 1.769660040736198425e-01 0.000000000000000000e+00
2.282766625285148621e-01 0.000000000000000000e+00 2.282766625285148621e-01 0.000000000000000000e+00
2.795873209834098816e-01 0.000000000000000000e+00 2.795873209834098816e-01 0.000000000000000000e+00
3.308980166912078857e-01 0.000000000000000000e+00 3.308980166912078857e-01 0.000000000000000000e+00
3.822086751461029053e-01 0.000000000000000000e+00 3.822086751461029053e-01 0.000000000000000000e+00
4.335193336009979248e-01 0.000000000000000000e+00 4.335193336009979248e-01 0.000000000000000000e+00
4.848299920558929443e-01 0.000000000000000000e+00 4.848299920558929443e-01 0.000000000000000000e+00
5.361406505107879639e-01 0.000000000000000000e+00 5.361406505107879639e-01 0.000000000000000000e+00
5.874513089656829834e-01 0.000000000000000000e+00 5.874513089656829834e-01 0.000000000000000000e+00
6.387619674205780029e-01 0.000000000000000000e+00 6.387619674205780029e-01 0.000000000000000000e+00
6.900727003812789917e-01 0.000000000000000000e+00 6.900727003812789917e-01 0.000000000000000000e+00
7.413833588361740112e-01 0.000000000000000000e+00 7.413833588361740112e-01 0.000000000000000000e+00
7.926940172910690308e-01 0.000000000000000000e+00 7.926940172910690308e-01 0.000000000000000000e+00
8.440046757459640503e-01 0.000000000000000000e+00 8.440046757459640503e-01 0.000000000000000000e+00
8.953153342008590698e-01 0.000000000000000000e+00 8.953153342008590698e-01 0.000000000000000000e+00
9.466259926557540894e-01 0.000000000000000000e+00 9.466259926557540894e-01 0.000000000000000000e+00
9.979366511106491089e-01 0.000000000000000000e+00 9.979366511106491089e-01 0.000000000000000000e+00
1.049247309565544128e+00 0.000000000000000000e+00 1.049247309565544128e+00 0.000000000000000000e+00
1.100557968020439148e+00 0.000000000000000000e+00 1.100557968020439148e+00 0.000000000000000000e+00
1.151868700981140137e+00 0.000000000000000000e+00 1.151868700981140137e+00 0.000000000000000000e+00
1.203179359436035156e+00 0.000000000000000000e+00 1.203179359436035156e+00 0.000000000000000000e+00
1.254490017890930176e+00 0.000000000000000000e+00 1.254490017890930176e+00 0.000000000000000000e+00
1.305800676345825195e+00 0.000000000000000000e+00 1.305800676345825195e+00 0.000000000000000000e+00
1.357111334800720215e+00 0.000000000000000000e+00 1.357111334800720215e+00 0.000000000000000000e+00
1.408422142267227173e+00 0.000000000000000000e+00 1.408422142267227173e+00 0.000000000000000000e+00
1.459732800722122192e+00 0.000000000000000000e+00 1.459732800722122192e+00 0.000000000000000000e+00
1.511043459177017212e+00 0.000000000000000000e+00 1.511043459177017212e+00 0.000000000000000000e+00
1.562354117631912231e+00 0.000000000000000000e+00 1.562354117631912231e+00 0.000000000000000000e+00
1.613664776086807251e+00 0.000000000000000000e+00 1.613664776086807251e+00 0.000000000000000000e+00
1.664975434541702271e+00 0.000000000000000000e+00 1.664975434541702271e+00 0.000000000000000000e+00
1.716286092996597290e+00 0.000000000000000000e+00 1.716286092996597290e+00 0.000000000000000000e+00
1.767596751451492310e+00 0.000000000000000000e+00 1.767596751451492310e+00 0.000000000000000000e+00
1.818907409906387329e+00 0.000000000000000000e+00 1.818907409906387329e+00 0.000000000000000000e+00
1.870218068361282349e+00 0.000000000000000000e+00 1.870218068361282349e+00 0.000000000000000000e+00
1.921528726816177368e+00 0.000000000000000000e+00 1.921528726816177368e+00 0.000000000000000000e+00
1.972839385271072388e+00 0.000000000000000000e+00 1.972839385271072388e+00 0.000000000000000000e+00
2.024150043725967407e+00 0.000000000000000000e+00 2.024150043725967407e+00 0.000000000000000000e+00
2.075460702180862427e+00 0.000000000000000000e+00 2.075460702180862427e+00 0.000000000000000000e+00
2.126771360635757446e+00 0.000000000000000000e+00 2.126771360635757446e+00 0.000000000000000000e+00
2.178082168102264404e+00 0.000000000000000000e+00 2.178082168102264404e+00 0.000000000000000000e+00
2.229392826557159424e+00 0.000000000000000000e+00 2.229392826557159424e+00 0.000000000000000000e+00
2.280703485012054443e+00 0.000000000000000000e+00 2.280703485012054443e+00 0.000000000000000000e+00
2.332014143466949463e+00 0.000000000000000000e+00 2.332014143466949463e+00 0.000000000000000000e+00
2.383324801921844482e+00 0.000000000000000000e+00 2.383324801921844482e+00 0.000000000000000000e+00
2.434635460376739502e+00 0.000000000000000000e+00 2.434635460376739502e+00 0.000000000000000000e+00
2.485946118831634521e+00 0.000000000000000000e+00 2.485946118831634521e+00 0.000000000000000000e+00
2.537256777286529541e+00 0.000000000000000000e+00 2.537256777286529541e+00 0.000000000000000000e+00
2.588567435741424561e+00 0.000000000000000000e+00 2.588567435741424561e+00 0.000000000000000000e+00
2.639878094196319580e+00 0.000000000000000000e+00 2.639878094196319580e+00 0.000000000000000000e+00
2.691188752651214600e+00 0.000000000000000000e+00 2.691188752651214600e+00 0.000000000000000000e+00
2.742499411106109619e+00 0.000000000000000000e+00 2.742499411106109619e+00 0.000000000000000000e+00
2.793810069561004639e+00 2.983492740895599127e-04 2.793810069561004639e+00 1.905932731460779905e-05
2.845120728015899658e+00 9.349750471301376820e-04 2.845120728015899658e+00 8.100214472506195307e-05
2.896431386470794678e+00 1.457308884710073471e-03 2.896431386470794678e+00 1.810636167647317052e-04
2.947742044925689697e+00 3.819051198661327362e-03 2.947742044925689697e+00 4.526590346358716488e-04
2.999052703380584717e+00 6.666983943432569504e-03 2.999052703380584717e+00 9.434366947971284389e-04
3.050363361835479736e+00 1.157520432025194168e-02 3.050363361835479736e+00 1.824930543079972267e-03
3.101674020290374756e+00 2.263290621340274811e-02 3.101674020290374756e+00 3.606977639719843864e-03
3.152984678745269775e+00 3.648414462804794312e-02 3.152984678745269775e+00 6.575467996299266815e-03
3.204295337200164795e+00 5.318628996610641479e-02 3.204295337200164795e+00 1.104488037526607513e-02
3.255605995655059814e+00 8.217304944992065430e-02 3.255605995655059814e+00 1.817306876182556152e-02
3.306916654109954834e+00 1.202095672488212585e-01 3.306916654109954834e+00 2.893205918371677399e-02
3.358227312564849854e+00 1.646769195795059204e-01 3.358227312564849854e+00 4.413187503814697266e-02
3.409537971019744873e+00 2.272667735815048218e-01 3.409537971019744873e+00 6.575468182563781738e-02
3.460848629474639893e+00 2.965009510517120361e-01 3.460848629474639893e+00 9.482015669345855713e-02
3.512159287929534912e+00 3.776238560676574707e-01 3.512159287929534912e+00 1.329435706138610840e-01
3.563469946384429932e+00 4.778694510459899902e-01 3.563469946384429932e+00 1.826074123382568359e-01
3.614780604839324951e+00 5.661641359329223633e-01 3.614780604839324951e+00 2.431541383266448975e-01
3.666091263294219971e+00 6.592822670936584473e-01 3.666091263294219971e+00 3.156748712062835693e-01
3.717401921749114990e+00 7.254675030708312988e-01 3.717401921749114990e+00 3.977252840995788574e-01
3.768712580204010010e+00 8.209875226020812988e-01 3.768712580204010010e+00 4.931600987911224365e-01
3.820023238658905029e+00 9.013373255729675293e-01 3.820023238658905029e+00 6.008071899414062500e-01
3.871333897113800049e+00 9.655861258506774902e-01 3.871333897113800049e+00 7.192466259002685547e-01
3.922644555568695068e+00 1.045865416526794434e+00 3.922644555568695068e+00 8.509560823440551758e-01
3.973955214023590088e+00 1.067770600318908691e+00 3.973955214023590088e+00 9.889646768569946289e-01
4.025265872478485107e+00 1.139780402183532715e+00 4.025265872478485107e+00 1.140109896659851074e+00
4.076576530933380127e+00 1.177028059959411621e+00 4.076576530933380127e+00 1.300198674201965332e+00
4.127887189388275146e+00 1.228961110115051270e+00 4.127887189388275146e+00 1.471584916114807129e+00
4.179197847843170166e+00 1.198900341987609863e+00 4.179197847843170166e+00 1.642961621284484863e+00
4.230508804321289062e+00 1.232412934303283691e+00 4.230508804321289062e+00 1.823482036590576172e+00
4.281819462776184082e+00 1.263298273086547852e+00 4.281819462776184082e+00 2.013041257858276367e+00
4.333130121231079102e+00 1.255729556083679199e+00 4.333130121231079102e+00 2.206007480621337891e+00
4.384440779685974121e+00 1.271237611770629883e+00 4.384440779685974121e+00 2.406011343002319336e+00
4.435751438140869141e+00 1.296238660812377930e+00 4.435751438140869141e+00 2.614749193191528320e+00
4.487062096595764160e+00 1.314590454101562500e+00 4.487062096595764160e+00 2.831367969512939453e+00
4.538372755050659180e+00 1.305833697319030762e+00 4.538372755050659180e+00 3.051493644714355469e+00
4.589683413505554199e+00 1.304248929023742676e+00 4.589683413505554199e+00 3.276350736618041992e+00
4.640994071960449219e+00 1.305084228515625000e+00 4.640994071960449219e+00 3.506411075592041016e+00
4.692304730415344238e+00 1.311017632484436035e+00 4.692304730415344238e+00 3.742656230926513672e+00
4.743615388870239258e+00 1.334840059280395508e+00 4.743615388870239258e+00 3.988483428955078125e+00
4.794926047325134277e+00 1.373682975769042969e+00 4.794926047325134277e+00 4.246965885162353516e+00
4.846236705780029297e+00 1.376477479934692383e+00 4.846236705780029297e+00 4.511547565460205078e+00
4.897547364234924316e+00 1.415749788284301758e+00 4.897547364234924316e+00 4.789470672607421875e+00
4.948858022689819336e+00 1.422413587570190430e+00 4.948858022689819336e+00 5.074584007263183594e+00
5.000168681144714355e+00 1.449411749839782715e+00 5.000168681144714355e+00 5.371166229248046875e+00
5.051479339599609375e+00 1.474613070487976074e+00 5.051479339599609375e+00 5.679126739501953125e+00
5.102790594100952148e+00 1.467394590377807617e+00 5.102790594100952148e+00 5.991837978363037109e+00
5.154100656509399414e+00 1.505368113517761230e+00 5.154100656509399414e+00 6.319124698638916016e+00
5.205411911010742188e+00 1.517515063285827637e+00 5.205411911010742188e+00 6.655655384063720703e+00
5.256721973419189453e+00 1.500488996505737305e+00 5.256721973419189453e+00 6.995001792907714844e+00
5.308033227920532227e+00 1.526521801948547363e+00 5.308033227920532227e+00 7.347008705139160156e+00
5.359343290328979492e+00 1.506432771682739258e+00 5.359343290328979492e+00 7.701130867004394531e+00
5.410654544830322266e+00 1.503633975982666016e+00 5.410654544830322266e+00 8.061394691467285156e+00
5.461964607238769531e+00 1.467817783355712891e+00 5.461964607238769531e+00 8.419781684875488281e+00
5.513275861740112305e+00 1.444250464439392090e+00 5.513275861740112305e+00 8.779068946838378906e+00
5.564585924148559570e+00 1.409427642822265625e+00 5.564585924148559570e+00 9.136250495910644531e+00
5.615897178649902344e+00 1.384016990661621094e+00 5.615897178649902344e+00 9.493489265441894531e+00
5.667207241058349609e+00 1.352297782897949219e+00 5.667207241058349609e+00 9.848950386047363281e+00
5.718518495559692383e+00 1.298696517944335938e+00 5.718518495559692383e+00 1.019653034210205078e+01
5.769828557968139648e+00 1.252460718154907227e+00 5.769828557968139648e+00 1.053777790069580078e+01
5.821139812469482422e+00 1.216732859611511230e+00 5.821139812469482422e+00 1.087521362304687500e+01
5.872449874877929688e+00 1.194365501403808594e+00 5.872449874877929688e+00 1.121231079101562500e+01
5.923761129379272461e+00 1.158001542091369629e+00 5.923761129379272461e+00 1.154488182067871094e+01
5.975071191787719727e+00 1.127194046974182129e+00 5.975071191787719727e+00 1.187423610687255859e+01
6.026382446289062500e+00 1.105514407157897949e+00 6.026382446289062500e+00 1.220282840728759766e+01
6.077692508697509766e+00 1.071700692176818848e+00 6.077692508697509766e+00 1.252681827545166016e+01
6.129003763198852539e+00 1.055816054344177246e+00 6.129003763198852539e+00 1.285141754150390625e+01
6.180313825607299805e+00 1.046467900276184082e+00 6.180313825607299805e+00 1.317855167388916016e+01
6.231625080108642578e+00 1.034400582313537598e+00 6.231625080108642578e+00 1.350730609893798828e+01
6.282935142517089844e+00 1.036172866821289062e+00 6.282935142517089844e+00 1.384206867218017578e+01
6.334246397018432617e+00 1.026157021522521973e+00 6.334246397018432617e+00 1.417903327941894531e+01
6.385556459426879883e+00 1.031882643699645996e+00 6.385556459426879883e+00 1.452338790893554688e+01
6.436867713928222656e+00 1.024781703948974609e+00 6.436867713928222656e+00 1.487089157104492188e+01
6.488177776336669922e+00 1.005315423011779785e+00 6.488177776336669922e+00 1.521725177764892578e+01
6.539489030838012695e+00 9.957851767539978027e-01 6.539489030838012695e+00 1.556577491760253906e+01
6.590799093246459961e+00 9.849372506141662598e-01 6.590799093246459961e+00 1.591593265533447266e+01
6.642110347747802734e+00 9.934665560722351074e-01 6.642110347747802734e+00 1.627464294433593750e+01
6.693420410156250000e+00 9.913371205329895020e-01 6.693420410156250000e+00 1.663813781738281250e+01
6.744731664657592773e+00 9.885137677192687988e-01 6.744731664657592773e+00 1.700617408752441406e+01
6.796041727066040039e+00 9.857642054557800293e-01 6.796041727066040039e+00 1.737879371643066406e+01
6.847352981567382812e+00 9.814053177833557129e-01 6.847352981567382812e+00 1.775538635253906250e+01
6.898663043975830078e+00 9.726960659027099609e-01 6.898663043975830078e+00 1.813425254821777344e+01
6.949974298477172852e+00 9.791753888130187988e-01 6.949974298477172852e+00 1.852133750915527344e+01
7.001284360885620117e+00 9.854842424392700195e-01 7.001284360885620117e+00 1.891669082641601562e+01
7.052595615386962891e+00 9.735753536224365234e-01 7.052595615386962891e+00 1.931301116943359375e+01
7.103905677795410156e+00 9.767240881919860840e-01 7.103905677795410156e+00 1.971642112731933594e+01
7.155216932296752930e+00 9.614393115043640137e-01 7.155216932296752930e+00 2.011927413940429688e+01
7.206526994705200195e+00 9.574913382530212402e-01 7.206526994705200195e+00 2.052624702453613281e+01
7.257838249206542969e+00 9.593795537948608398e-01 7.257838249206542969e+00 2.093984794616699219e+01
7.309148311614990234e+00 9.525455236434936523e-01 7.309148311614990234e+00 2.135633277893066406e+01
7.360459566116333008e+00 9.558167457580566406e-01 7.360459566116333008e+00 2.178013610839843750e+01
7.411769628524780273e+00 9.443913698196411133e-01 7.411769628524780273e+00 2.220473098754882812e+01
7.463080883026123047e+00 9.365381002426147461e-01 7.463080883026123047e+00 2.263164520263671875e+01
7.514390945434570312e+00 9.412559866905212402e-01 7.514390945434570312e+00 2.306663131713867188e+01
7.565702199935913086e+00 9.301981925964355469e-01 7.565702199935913086e+00 2.350239372253417969e+01
7.617012262344360352e+00 9.317798018455505371e-01 7.617012262344360352e+00 2.394484138488769531e+01
7.668323516845703125e+00 9.236193299293518066e-01 7.668323516845703125e+00 2.438934326171875000e+01
7.719633579254150391e+00 9.262127280235290527e-01 7.719633579254150391e+00 2.484107780456542969e+01
7.770944833755493164e+00 9.214398264884948730e-01 7.770944833755493164e+00 2.529647636413574219e+01
