# distance (\AA)	RDF	distance (\AA)	cdf
1.275121606886386871e-01 0.000000000000000000e+00 1.275121606886386871e-01 0.000000000000000000e+00
1.825365051627159119e-01 0.000000000000000000e+00 1.825365051627159119e-01 0.000000000000000000e+00
2.375608310103416443e-01 0.000000000000000000e+00 2.375608310103416443e-01 0.000000000000000000e+00
2.925851941108703613e-01 0.000000000000000000e+00 2.925851941108703613e-01 0.000000000000000000e+00
3.476095199584960938e-01 0.000000000000000000e+00 3.476095199584960938e-01 0.000000000000000000e+00
4.026338458061218262e-01 0.000000000000000000e+00 4.026338458061218262e-01 0.000000000000000000e+00
4.576581716537475586e-01 0.000000000000000000e+00 4.576581716537475586e-01 0.000000000000000000e+00
5.126824975013732910e-01 0.000000000000000000e+00 5.126824975013732910e-01 0.000000000000000000e+00
5.677068233489990234e-01 0.000000000000000000e+00 5.677068233489990234e-01 0.000000000000000000e+00
6.227311491966247559e-01 0.000000000000000000e+00 6.227311491966247559e-01 0.000000000000000000e+00
6.777554750442504883e-01 0.000000000000000000e+00 6.777554750442504883e-01 0.000000000000000000e+00
7.327798753976821899e-01 0.000000000000000000e+00 7.327798753976821899e-01 0.000000000000000000e+00
7.878042012453079224e-01 0.000000000000000000e+00 7.878042012453079224e-01 0.000000000000000000e+00
8.428285270929336548e-01 0.000000000000000000e+00 8.428285270929336548e-01 0.000000000000000000e+00
8.978528529405593872e-01 0.000000000000000000e+00 8.978528529405593872e-01 0.000000000000000000e+00
9.528771787881851196e-01 0.000000000000000000e+00 9.528771787881851196e-01 0.000000000000000000e+00
1.007901504635810852e+00 0.000000000000000000e+00 1.007901504635810852e+00 0.000000000000000000e+00
1.062925830483436584e+00 0.000000000000000000e+00 1.062925830483436584e+00 0.000000000000000000e+00
1.117950156331062317e+00 0.000000000000000000e+00 1.117950156331062317e+00 0.000000000000000000e+00
1.172974482178688049e+00 0.000000000000000000e+00 1.172974482178688049e+00 0.000000000000000000e+00
1.227998882532119751e+00 0.000000000000000000e+00 1.227998882532119751e+00 0.000000000000000000e+00
1.283023208379745483e+00 0.000000000000000000e+00 1.283023208379745483e+00 0.000000000000000000e+00
1.338047534227371216e+00 0.000000000000000000e+00 1.338047534227371216e+00 0.000000000000000000e+00
1.393072009086608887e+00 0.000000000000000000e+00 1.393072009086608887e+00 0.000000000000000000e+00
1.448096334934234619e+00 0.000000000000000000e+00 1.448096334934234619e+00 0.000000000000000000e+00
1.503120660781860352e+00 0.000000000000000000e+00 1.503120660781860352e+00 0.000000000000000000e+00
1.558144986629486084e+00 0.000000000000000000e+00 1.558144986629486084e+00 0.000000000000000000e+00
1.613169312477111816e+00 0.000000000000000000e+00 1.613169312477111816e+00 0.000000000000000000e+00
1.668193638324737549e+00 0.000000000000000000e+00 1.668193638324737549e+00 0.000000000000000000e+00
1.723217964172363281e+00 0.000000000000000000e+00 1.723217964172363281e+00 0.000000000000000000e+00
1.778242290019989014e+00 0.000000000000000000e+00 1.778242290019989014e+00 0.000000000000000000e+00
1.833266615867614746e+00 0.000000000000000000e+00 1.833266615867614746e+00 0.000000000000000000e+00
1.888290941715240479e+00 0.000000000000000000e+00 1.888290941715240479e+00 0.000000000000000000e+00
1.943315267562866211e+00 0.000000000000000000e+00 1.943315267562866211e+00 0.000000000000000000e+00
1.998339593410491943e+00 0.000000000000000000e+00 1.998339593410491943e+00 0.000000000000000000e+00
2.053363919258117676e+00 0.000000000000000000e+00 2.053363919258117676e+00 0.000000000000000000e+00
2.108388245105743408e+00 0.000000000000000000e+00 2.108388245105743408e+00 0.000000000000000000e+00
2.163412570953369141e+00 0.000000000000000000e+00 2.163412570953369141e+00 0.000000000000000000e+00
2.218436896800994873e+00 0.000000000000000000e+00 2.218436896800994873e+00 0.000000000000000000e+00
2.273461222648620605e+00 0.000000000000000000e+00 2.273461222648620605e+00 0.000000000000000000e+00
2.328485548496246338e+00 0.000000000000000000e+00 2.328485548496246338e+00 0.000000000000000000e+00
2.383510023355484009e+00 0.000000000000000000e+00 2.383510023355484009e+00 0.000000000000000000e+00
2.438534349203109741e+00 0.000000000000000000e+00 2.438534349203109741e+00 0.000000000000000000e+00
2.493558675050735474e+00 0.000000000000000000e+00 2.493558675050735474e+00 0.000000000000000000e+00
2.548583149909973145e+00 0.000000000000000000e+00 2.548583149909973145e+00 0.000000000000000000e+00
2.603607177734375000e+00 0.000000000000000000e+00 2.603607177734375000e+00 0.000000000000000000e+00
2.658631205558776855e+00 0.000000000000000000e+00 2.658631205558776855e+00 0.000000000000000000e+00
2.713655829429626465e+00 0.000000000000000000e+00 2.713655829429626465e+00 0.000000000000000000e+00
2.768680453300476074e+00 0.000000000000000000e+00 2.768680453300476074e+00 0.000000000000000000e+00
2.823704481124877930e+00 0.000000000000000000e+00 2.823704481124877930e+00 0.000000000000000000e+00
2.878729104995727539e+00 0.000000000000000000e+00 2.878729104995727539e+00 0.000000000000000000e+00
2.933753132820129395e+00 0.000000000000000000e+00 2.933753132820129395e+00 0.000000000000000000e+00
2.988777756690979004e+00 0.000000000000000000e+00 2.988777756690979004e+00 0.000000000000000000e+00
3.043801784515380859e+00 0.000000000000000000e+00 3.043801784515380859e+00 0.000000000000000000e+00
3.098826408386230469e+00 0.000000000000000000e+00 3.098826408386230469e+00 0.000000000000000000e+00
3.153850436210632324e+00 0.000000000000000000e+00 3.153850436210632324e+00 0.000000000000000000e+00
3.208875060081481934e+00 0.000000000000000000e+00 3.208875060081481934e+00 0.000000000000000000e+00
3.263899087905883789e+00 0.000000000000000000e+00 3.263899087905883789e+00 0.000000000000000000e+00
3.318923711776733398e+00 0.000000000000000000e+00 3.318923711776733398e+00 0.000000000000000000e+00
3.373947739601135254e+00 4.220445043756626546e-05 3.373947739601135254e+00 1.920535851240856573e-06
3.428972363471984863e+00 6.129126268206164241e-05 3.428972363471984863e+00 4.801339855475816876e-06
3.483996391296386719e+00 4.353836993686854839e-04 3.483996391296386719e+00 2.592723467387259007e-05
3.539021015167236328e+00 1.879600342363119125e-03 3.539021015167236328e+00 1.200334882014431059e-04
3.594045042991638184e+00 7.699084933847188950e-03 3.594045042991638184e+00 5.175844416953623295e-04
3.649069666862487793e+00 2.143175341188907623e-02 3.649069666862487793e+00 1.658382825553417206e-03
3.704093694686889648e+00 4.392814636230468750e-02 3.704093694686889648e+00 4.067694768309593201e-03
3.759118318557739258e+00 8.370518684387207031e-02 3.759118318557739258e+00 8.796053938567638397e-03
3.814142346382141113e+00 1.470765918493270874e-01 3.814142346382141113e+00 1.734916120767593384e-02
3.869166970252990723e+00 2.270537465810775757e-01 3.869166970252990723e+00 3.093695268034934998e-02
3.924190998077392578e+00 3.271654844284057617e-01 3.924190998077392578e+00 5.107665061950683594e-02
3.979215621948242188e+00 4.356185197830200195e-01 3.979215621948242188e+00 7.864978164434432983e-02
4.034239649772644043e+00 5.679321885108947754e-01 4.034239649772644043e+00 1.155989691615104675e-01
4.089264273643493652e+00 6.906003355979919434e-01 4.089264273643493652e+00 1.617628931999206543e-01
4.144288301467895508e+00 8.020415306091308594e-01 4.144288301467895508e+00 2.168284952640533447e-01
4.199312925338745117e+00 9.114012718200683594e-01 4.199312925338745117e+00 2.810752391815185547e-01
4.254336953163146973e+00 9.903336763381958008e-01 4.254336953163146973e+00 3.527275323867797852e-01
4.309361577033996582e+00 1.079945564270019531e+00 4.309361577033996582e+00 4.328974187374114990e-01
4.364385604858398438e+00 1.173335552215576172e+00 4.364385604858398438e+00 5.222388505935668945e-01
4.419410228729248047e+00 1.245561480522155762e+00 4.419410228729248047e+00 6.194861531257629395e-01
4.474434256553649902e+00 1.316469788551330566e+00 4.474434256553649902e+00 7.248448133468627930e-01
4.529458880424499512e+00 1.377169489860534668e+00 4.529458880424499512e+00 8.377895951271057129e-01
4.584483504295349121e+00 1.441766500473022461e+00 4.584483504295349121e+00 9.589216113090515137e-01
4.639507532119750977e+00 1.500734090805053711e+00 4.639507532119750977e+00 1.088052630424499512e+00
4.694532155990600586e+00 1.555726289749145508e+00 4.694532155990600586e+00 1.225109815597534180e+00
4.749556183815002441e+00 1.604817748069763184e+00 4.749556183815002441e+00 1.369825124740600586e+00
4.804580807685852051e+00 1.628084301948547363e+00 4.804580807685852051e+00 1.520060062408447266e+00
4.859604835510253906e+00 1.667550921440124512e+00 4.859604835510253906e+00 1.677481651306152344e+00
4.914629459381103516e+00 1.700923562049865723e+00 4.914629459381103516e+00 1.841710567474365234e+00
4.969653487205505371e+00 1.741705536842346191e+00 4.969653487205505371e+00 2.013663291931152344e+00
5.024678111076354980e+00 1.815294861793518066e+00 5.024678111076354980e+00 2.196872711181640625e+00
5.079702138900756836e+00 1.912469506263732910e+00 5.079702138900756836e+00 2.394138574600219727e+00
5.134726762771606445e+00 2.029094457626342773e+00 5.134726762771606445e+00 2.607992649078369141e+00
5.189750790596008301e+00 2.114537000656127930e+00 5.189750790596008301e+00 2.835655927658081055e+00
5.244774818420410156e+00 2.112472295761108398e+00 5.244774818420410156e+00 3.067941904067993164e+00
5.299799442291259766e+00 1.997488617897033691e+00 5.299799442291259766e+00 3.292221069335937500e+00
5.354824066162109375e+00 1.783192515373229980e+00 5.354824066162109375e+00 3.496617078781127930e+00
5.409848690032958984e+00 1.550886392593383789e+00 5.409848690032958984e+00 3.678055763244628906e+00
5.464872717857360840e+00 1.341456055641174316e+00 5.464872717857360840e+00 3.838203430175781250e+00
5.519896745681762695e+00 1.185040831565856934e+00 5.519896745681762695e+00 3.982539415359497070e+00
5.574921369552612305e+00 1.085927009582519531e+00 5.574921369552612305e+00 4.117455005645751953e+00
5.629945993423461914e+00 1.018789887428283691e+00 5.629945993423461914e+00 4.246539115905761719e+00
5.684970021247863770e+00 9.825553297996520996e-01 5.684970021247863770e+00 4.373478889465332031e+00
5.739994049072265625e+00 9.549749493598937988e-01 5.739994049072265625e+00 4.499253749847412109e+00
5.795018672943115234e+00 9.217372536659240723e-01 5.795018672943115234e+00 4.622991085052490234e+00
5.850043296813964844e+00 8.967416286468505859e-01 5.850043296813964844e+00 4.745668888092041016e+00
5.905067324638366699e+00 8.848480582237243652e-01 5.905067324638366699e+00 4.869008064270019531e+00
5.960091352462768555e+00 8.762021064758300781e-01 5.960091352462768555e+00 4.993428230285644531e+00
6.015115976333618164e+00 8.633801341056823730e-01 6.015115976333618164e+00 5.118302345275878906e+00
6.070140600204467773e+00 8.594564795494079590e-01 6.070140600204467773e+00 5.244892597198486328e+00
6.125164628028869629e+00 8.488883972167968750e-01 6.125164628028869629e+00 5.372204780578613281e+00
6.180188655853271484e+00 8.469458818435668945e-01 6.180188655853271484e+00 5.501516342163085938e+00
6.235213279724121094e+00 8.479827046394348145e-01 6.235213279724121094e+00 5.633303642272949219e+00
6.290237903594970703e+00 8.458660244941711426e-01 6.290237903594970703e+00 5.767091274261474609e+00
6.345261931419372559e+00 8.462731838226318359e-01 6.345261931419372559e+00 5.903295516967773438e+00
6.400285959243774414e+00 8.380357623100280762e-01 6.400285959243774414e+00 6.040522575378417969e+00
6.455310583114624023e+00 8.296651840209960938e-01 6.455310583114624023e+00 6.178726673126220703e+00
6.510335206985473633e+00 8.184694647789001465e-01 6.510335206985473633e+00 6.317398548126220703e+00
6.565359234809875488e+00 8.155519962310791016e-01 6.565359234809875488e+00 6.457922935485839844e+00
6.620383262634277344e+00 8.092536926269531250e-01 6.620383262634277344e+00 6.599708080291748047e+00
6.675407886505126953e+00 7.990697622299194336e-01 6.675407886505126953e+00 6.742046833038330078e+00
6.730432510375976562e+00 7.914358377456665039e-01 6.730432510375976562e+00 6.885357856750488281e+00
6.785456538200378418e+00 7.794495820999145508e-01 6.785456538200378418e+00 7.028817653656005859e+00
6.840480566024780273e+00 7.651160359382629395e-01 6.840480566024780273e+00 7.171930313110351562e+00
6.895505189895629883e+00 7.664930820465087891e-01 6.895505189895629883e+00 7.317618846893310547e+00
6.950529813766479492e+00 7.636383175849914551e-01 6.950529813766479492e+00 7.465087890625000000e+00
7.005553841590881348e+00 7.623915076255798340e-01 7.005553841590881348e+00 7.614658832550048828e+00
7.060577869415283203e+00 7.584205269813537598e-01 7.060577869415283203e+00 7.765794754028320312e+00
7.115602493286132812e+00 7.590176463127136230e-01 7.115602493286132812e+00 7.919418334960937500e+00
7.170627117156982422e+00 7.657048702239990234e-01 7.170627117156982422e+00 8.076801300048828125e+00
7.225651741027832031e+00 7.737770676612854004e-01 7.225651741027832031e+00 8.238292694091796875e+00
7.280675768852233887e+00 7.839688062667846680e-01 7.280675768852233887e+00 8.404413223266601562e+00
7.335699796676635742e+00 7.929652929306030273e-01 7.335699796676635742e+00 8.574988365173339844e+00
7.390724420547485352e+00 8.017193675041198730e-01 7.390724420547485352e+00 8.750044822692871094e+00
7.445749044418334961e+00 8.130276799201965332e-01 7.445749044418334961e+00 8.930221557617187500e+00
7.500773072242736816e+00 8.254683017730712891e-01 7.500773072242736816e+00 9.115872383117675781e+00
7.555797100067138672e+00 8.416989445686340332e-01 7.555797100067138672e+00 9.307956695556640625e+00
7.610821723937988281e+00 8.604491949081420898e-01 7.610821723937988281e+00 9.507195472717285156e+00
7.665846347808837891e+00 8.735731244087219238e-01 7.665846347808837891e+00 9.712404251098632812e+00
7.720870375633239746e+00 8.880065083503723145e-01 7.720870375633239746e+00 9.924012184143066406e+00
7.775894403457641602e+00 9.080088734626770020e-01 7.775894403457641602e+00 1.014347839355468750e+01
7.830919027328491211e+00 9.244966506958007812e-01 7.830919027328491211e+00 1.037010669708251953e+01
7.885943651199340820e+00 9.325724840164184570e-01 7.885943651199340820e+00 1.060193538665771484e+01
7.940967679023742676e+00 9.426624774932861328e-01 7.940967679023742676e+00 1.083955669403076172e+01
7.995991706848144531e+00 9.612095355987548828e-01 7.995991706848144531e+00 1.108522033691406250e+01
8.051016330718994141e+00 9.714515805244445801e-01 8.051016330718994141e+00 1.133693408966064453e+01
8.106040954589843750e+00 9.885736703872680664e-01 8.106040954589843750e+00 1.159659194946289062e+01
8.161064982414245605e+00 1.003993988037109375e+00 8.161064982414245605e+00 1.186389827728271484e+01
8.216089010238647461e+00 1.009523391723632812e+00 8.216089010238647461e+00 1.213630867004394531e+01
8.271113634109497070e+00 1.014806866645812988e+00 8.271113634109497070e+00 1.241382884979248047e+01
8.326138257980346680e+00 1.022948145866394043e+00 8.326138257980346680e+00 1.269730567932128906e+01
