# distance (\AA)	RDF	distance (\AA)	cdf
1.275121606886386871e-01 0.000000000000000000e+00 1.275121606886386871e-01 0.000000000000000000e+00
1.825365051627159119e-01 0.000000000000000000e+00 1.825365051627159119e-01 0.000000000000000000e+00
2.375608310103416443e-01 0.000000000000000000e+00 2.375608310103416443e-01 0.000000000000000000e+00
2.925851941108703613e-01 0.000000000000000000e+00 2.925851941108703613e-01 0.000000000000000000e+00
3.476095199584960938e-01 0.000000000000000000e+00 3.476095199584960938e-01 0.000000000000000000e+00
4.026338458061218262e-01 0.000000000000000000e+00 4.026338458061218262e-01 0.000000000000000000e+00
4.576581716537475586e-01 0.000000000000000000e+00 4.576581716537475586e-01 0.000000000000000000e+00
5.126824975013732910e-01 0.000000000000000000e+00 5.126824975013732910e-01 0.000000000000000000e+00
5.677068233489990234e-01 0.000000000000000000e+00 5.677068233489990234e-01 0.000000000000000000e+00
6.227311491966247559e-01 0.000000000000000000e+00 6.227311491966247559e-01 0.000000000000000000e+00
6.777554750442504883e-01 0.000000000000000000e+00 6.777554750442504883e-01 0.000000000000000000e+00
7.327798753976821899e-01 0.000000000000000000e+00 7.327798753976821899e-01 0.000000000000000000e+00
7.878042012453079224e-01 0.000000000000000000e+00 7.878042012453079224e-01 0.000000000000000000e+00
8.428285270929336548e-01 0.000000000000000000e+00 8.428285270929336548e-01 0.000000000000000000e+00
8.978528529405593872e-01 0.000000000000000000e+00 8.978528529405593872e-01 0.000000000000000000e+00
9.528771787881851196e-01 0.000000000000000000e+00 9.528771787881851196e-01 0.000000000000000000e+00
1.007901504635810852e+00 0.000000000000000000e+00 1.007901504635810852e+00 0.000000000000000000e+00
1.062925830483436584e+00 0.000000000000000000e+00 1.062925830483436584e+00 0.000000000000000000e+00
1.117950156331062317e+00 0.000000000000000000e+00 1.117950156331062317e+00 0.000000000000000000e+00
1.172974482178688049e+00 0.000000000000000000e+00 1.172974482178688049e+00 0.000000000000000000e+00
1.227998882532119751e+00 0.000000000000000000e+00 1.227998882532119751e+00 0.000000000000000000e+00
1.283023208379745483e+00 0.000000000000000000e+00 1.283023208379745483e+00 0.000000000000000000e+00
1.338047534227371216e+00 0.000000000000000000e+00 1.338047534227371216e+00 0.000000000000000000e+00
1.393072009086608887e+00 0.000000000000000000e+00 1.393072009086608887e+00 0.000000000000000000e+00
1.448096334934234619e+00 0.000000000000000000e+00 1.448096334934234619e+00 0.000000000000000000e+00
1.503120660781860352e+00 0.000000000000000000e+00 1.503120660781860352e+00 0.000000000000000000e+00
1.558144986629486084e+00 0.000000000000000000e+00 1.558144986629486084e+00 0.000000000000000000e+00
1.613169312477111816e+00 7.845690124668180943e-04 1.613169312477111816e+00 1.632455496292095631e-05
1.668193638324737549e+00 1.704702712595462799e-02 1.668193638324737549e+00 3.956303698942065239e-04
1.723217964172363281e+00 1.824482381343841553e-01 1.723217964172363281e+00 4.727398976683616638e-03
1.778242290019989014e+00 9.505535364151000977e-01 1.778242290019989014e+00 2.876002527773380280e-02
1.833266615867614746e+00 2.830435991287231445e+00 1.833266615867614746e+00 1.048180460929870605e-01
1.888290941715240479e+00 5.351171016693115234e+00 1.888290941715240479e+00 2.573729157447814941e-01
1.943315267562866211e+00 7.314728736877441406e+00 1.943315267562866211e+00 4.782354831695556641e-01
1.998339593410491943e+00 7.811400890350341797e+00 1.998339593410491943e+00 7.276391386985778809e-01
2.053363919258117676e+00 6.960268974304199219e+00 2.053363919258117676e+00 9.622738957405090332e-01
2.108388245105743408e+00 5.479399681091308594e+00 2.108388245105743408e+00 1.157019138336181641e+00
2.163412570953369141e+00 4.021643161773681641e+00 2.163412570953369141e+00 1.307511329650878906e+00
2.218436896800994873e+00 2.855678558349609375e+00 2.218436896800994873e+00 1.419877052307128906e+00
2.273461222648620605e+00 1.988680958747863770e+00 2.273461222648620605e+00 1.502057790756225586e+00
2.328485548496246338e+00 1.413639426231384277e+00 2.328485548496246338e+00 1.563337326049804688e+00
2.383510023355484009e+00 1.047507524490356445e+00 2.383510023355484009e+00 1.610916733741760254e+00
2.438534349203109741e+00 7.959012985229492188e-01 2.438534349203109741e+00 1.648756146430969238e+00
2.493558675050735474e+00 6.402242779731750488e-01 2.493558675050735474e+00 1.680583238601684570e+00
2.548583149909973145e+00 5.387287735939025879e-01 2.548583149909973145e+00 1.708559632301330566e+00
2.603607177734375000e+00 4.606909453868865967e-01 2.603607177734375000e+00 1.733527541160583496e+00
2.658631205558776855e+00 4.128277003765106201e-01 2.658631205558776855e+00 1.756857275962829590e+00
2.713655829429626465e+00 3.816083371639251709e-01 2.713655829429626465e+00 1.779324650764465332e+00
2.768680453300476074e+00 3.589627742767333984e-01 2.768680453300476074e+00 1.801324367523193359e+00
2.823704481124877930e+00 3.516170382499694824e-01 2.823704481124877930e+00 1.823738932609558105e+00
2.878729104995727539e+00 3.454641401767730713e-01 2.878729104995727539e+00 1.846627831459045410e+00
2.933753132820129395e+00 3.584855794906616211e-01 2.933753132820129395e+00 1.871296167373657227e+00
2.988777756690979004e+00 3.680233955383300781e-01 2.988777756690979004e+00 1.897579669952392578e+00
3.043801784515380859e+00 3.812196254730224609e-01 3.043801784515380859e+00 1.925817251205444336e+00
3.098826408386230469e+00 4.037741422653198242e-01 3.098826408386230469e+00 1.956816673278808594e+00
3.153850436210632324e+00 4.371917843818664551e-01 3.153850436210632324e+00 1.991584181785583496e+00
3.208875060081481934e+00 4.755167067050933838e-01 3.208875060081481934e+00 2.030730485916137695e+00
3.263899087905883789e+00 5.128690600395202637e-01 3.263899087905883789e+00 2.074412107467651367e+00
3.318923711776733398e+00 5.593345761299133301e-01 3.318923711776733398e+00 2.123671054840087891e+00
3.373947739601135254e+00 6.129774451255798340e-01 3.373947739601135254e+00 2.179458856582641602e+00
3.428972363471984863e+00 6.734172701835632324e-01 3.428972363471984863e+00 2.242762565612792969e+00
3.483996391296386719e+00 7.401819825172424316e-01 3.483996391296386719e+00 2.314593553543090820e+00
3.539021015167236328e+00 8.147299885749816895e-01 3.539021015167236328e+00 2.396176099777221680e+00
3.594045042991638184e+00 8.805782198905944824e-01 3.594045042991638184e+00 2.487115383148193359e+00
3.649069666862487793e+00 9.458023309707641602e-01 3.649069666862487793e+00 2.587804317474365234e+00
3.704093694686889648e+00 1.013831496238708496e+00 3.704093694686889648e+00 2.699014902114868164e+00
3.759118318557739258e+00 1.084172606468200684e+00 3.759118318557739258e+00 2.821501016616821289e+00
3.814142346382141113e+00 1.155642032623291016e+00 3.814142346382141113e+00 2.955911636352539062e+00
3.869166970252990723e+00 1.208343148231506348e+00 3.869166970252990723e+00 3.100535631179809570e+00
3.924190998077392578e+00 1.278235435485839844e+00 3.924190998077392578e+00 3.257907152175903320e+00
3.979215621948242188e+00 1.327123880386352539e+00 3.979215621948242188e+00 3.425911903381347656e+00
4.034239649772644043e+00 1.386295914649963379e+00 4.034239649772644043e+00 3.606294393539428711e+00
4.089264273643493652e+00 1.443776249885559082e+00 4.089264273643493652e+00 3.799315929412841797e+00
4.144288301467895508e+00 1.508702158927917480e+00 4.144288301467895508e+00 4.006481170654296875e+00
4.199312925338745117e+00 1.588798522949218750e+00 4.199312925338745117e+00 4.230477333068847656e+00
4.254336953163146973e+00 1.662824153900146484e+00 4.254336953163146973e+00 4.471093654632568359e+00
4.309361577033996582e+00 1.723324656486511230e+00 4.309361577033996582e+00 4.726955890655517578e+00
4.364385604858398438e+00 1.753060817718505859e+00 4.364385604858398438e+00 4.993922710418701172e+00
4.419410228729248047e+00 1.714859247207641602e+00 4.419410228729248047e+00 5.261698246002197266e+00
4.474434256553649902e+00 1.615128636360168457e+00 4.474434256553649902e+00 5.520219802856445312e+00
4.529458880424499512e+00 1.480915546417236328e+00 4.529458880424499512e+00 5.763126373291015625e+00
4.584483504295349121e+00 1.332157373428344727e+00 4.584483504295349121e+00 5.986972332000732422e+00
4.639507532119750977e+00 1.204759001731872559e+00 4.639507532119750977e+00 6.194299697875976562e+00
4.694532155990600586e+00 1.101514935493469238e+00 4.694532155990600586e+00 6.388383388519287109e+00
4.749556183815002441e+00 1.023708462715148926e+00 4.749556183815002441e+00 6.573010444641113281e+00
4.804580807685852051e+00 9.578267931938171387e-01 4.804580807685852051e+00 6.749781608581542969e+00
4.859604835510253906e+00 9.134275317192077637e-01 4.859604835510253906e+00 6.922241687774658203e+00
4.914629459381103516e+00 8.764693140983581543e-01 4.914629459381103516e+00 7.091492652893066406e+00
4.969653487205505371e+00 8.486884236335754395e-01 4.969653487205505371e+00 7.259068965911865234e+00
5.024678111076354980e+00 8.239377140998840332e-01 5.024678111076354980e+00 7.425381660461425781e+00
5.079702138900756836e+00 8.122977614402770996e-01 5.079702138900756836e+00 7.592954158782958984e+00
5.134726762771606445e+00 7.978342771530151367e-01 5.134726762771606445e+00 7.761127948760986328e+00
5.189750790596008301e+00 7.890081405639648438e-01 5.189750790596008301e+00 7.931026458740234375e+00
5.244774818420410156e+00 7.852616906166076660e-01 5.244774818420410156e+00 8.103719711303710938e+00
5.299799442291259766e+00 7.821677923202514648e-01 5.299799442291259766e+00 8.279364585876464844e+00
5.354824066162109375e+00 7.884598970413208008e-01 5.354824066162109375e+00 8.460116386413574219e+00
5.409848690032958984e+00 7.949785590171813965e-01 5.409848690032958984e+00 8.646125793457031250e+00
5.464872717857360840e+00 8.050513863563537598e-01 5.464872717857360840e+00 8.838345527648925781e+00
5.519896745681762695e+00 8.190420269966125488e-01 5.519896745681762695e+00 9.037861824035644531e+00
5.574921369552612305e+00 8.341197967529296875e-01 5.574921369552612305e+00 9.245123863220214844e+00
5.629945993423461914e+00 8.509671688079833984e-01 5.629945993423461914e+00 9.460764884948730469e+00
5.684970021247863770e+00 8.663920164108276367e-01 5.684970021247863770e+00 9.684629440307617188e+00
5.739994049072265625e+00 8.883346915245056152e-01 5.739994049072265625e+00 9.918625831604003906e+00
5.795018672943115234e+00 9.091976881027221680e-01 5.795018672943115234e+00 1.016273403167724609e+01
5.850043296813964844e+00 9.305816888809204102e-01 5.850043296813964844e+00 1.041734790802001953e+01
5.905067324638366699e+00 9.508900046348571777e-01 5.905067324638366699e+00 1.068243789672851562e+01
5.960091352462768555e+00 9.765676259994506836e-01 5.960091352462768555e+00 1.095978164672851562e+01
6.015115976333618164e+00 9.994225502014160156e-01 6.015115976333618164e+00 1.124888324737548828e+01
6.070140600204467773e+00 1.016880273818969727e+00 6.070140600204467773e+00 1.154843807220458984e+01
6.125164628028869629e+00 1.032435297966003418e+00 6.125164628028869629e+00 1.185811805725097656e+01
6.180188655853271484e+00 1.040943026542663574e+00 6.180188655853271484e+00 1.217598056793212891e+01
6.235213279724121094e+00 1.055186748504638672e+00 6.235213279724121094e+00 1.250395870208740234e+01
6.290237903594970703e+00 1.061963319778442383e+00 6.290237903594970703e+00 1.283989238739013672e+01
6.345261931419372559e+00 1.071179270744323730e+00 6.345261931419372559e+00 1.318469715118408203e+01
6.400285959243774414e+00 1.073803544044494629e+00 6.400285959243774414e+00 1.353636455535888672e+01
6.455310583114624023e+00 1.068587541580200195e+00 6.455310583114624023e+00 1.389237117767333984e+01
6.510335206985473633e+00 1.059491157531738281e+00 6.510335206985473633e+00 1.425138664245605469e+01
6.565359234809875488e+00 1.052272915840148926e+00 6.565359234809875488e+00 1.461401176452636719e+01
6.620383262634277344e+00 1.043301939964294434e+00 6.620383262634277344e+00 1.497959423065185547e+01
6.675407886505126953e+00 1.027758955955505371e+00 6.675407886505126953e+00 1.534574413299560547e+01
6.730432510375976562e+00 1.007738232612609863e+00 6.730432510375976562e+00 1.571070098876953125e+01
6.785456538200378418e+00 9.937629103660583496e-01 6.785456538200378418e+00 1.607650947570800781e+01
6.840480566024780273e+00 9.779776930809020996e-01 6.840480566024780273e+00 1.644236564636230469e+01
6.895505189895629883e+00 9.712891578674316406e-01 6.895505189895629883e+00 1.681159400939941406e+01
6.950529813766479492e+00 9.567278027534484863e-01 6.950529813766479492e+00 1.718110847473144531e+01
7.005553841590881348e+00 9.427332878112792969e-01 7.005553841590881348e+00 1.755101203918457031e+01
7.060577869415283203e+00 9.326977729797363281e-01 7.060577869415283203e+00 1.792274284362792969e+01
7.115602493286132812e+00 9.267079234123229980e-01 7.115602493286132812e+00 1.829787063598632812e+01
7.170627117156982422e+00 9.142817854881286621e-01 7.170627117156982422e+00 1.867371368408203125e+01
7.225651741027832031e+00 9.121679067611694336e-01 7.225651741027832031e+00 1.905446243286132812e+01
7.280675768852233887e+00 9.067344069480895996e-01 7.280675768852233887e+00 1.943873023986816406e+01
7.335699796676635742e+00 9.068614840507507324e-01 7.335699796676635742e+00 1.982888221740722656e+01
7.390724420547485352e+00 9.027699232101440430e-01 7.390724420547485352e+00 2.022312545776367188e+01
7.445749044418334961e+00 9.048113822937011719e-01 7.445749044418334961e+00 2.062416076660156250e+01
7.500773072242736816e+00 9.013662934303283691e-01 7.500773072242736816e+00 2.102960205078125000e+01
7.555797100067138672e+00 8.983803391456604004e-01 7.555797100067138672e+00 2.143964195251464844e+01
7.610821723937988281e+00 9.020135402679443359e-01 7.610821723937988281e+00 2.185736656188964844e+01
7.665846347808837891e+00 9.050291776657104492e-01 7.665846347808837891e+00 2.228256225585937500e+01
7.720870375633239746e+00 9.086951613426208496e-01 7.720870375633239746e+00 2.271563720703125000e+01
7.775894403457641602e+00 9.100489616394042969e-01 7.775894403457641602e+00 2.315555572509765625e+01
7.830919027328491211e+00 9.114932417869567871e-01 7.830919027328491211e+00 2.360243606567382812e+01
7.885943651199340820e+00 9.160510897636413574e-01 7.885943651199340820e+00 2.405788040161132812e+01
7.940967679023742676e+00 9.149467349052429199e-01 7.940967679023742676e+00 2.451915168762207031e+01
7.995991706848144531e+00 9.202235341072082520e-01 7.995991706848144531e+00 2.498952865600585938e+01
8.051016330718994141e+00 9.239997863769531250e-01 8.051016330718994141e+00 2.546836471557617188e+01
8.106040954589843750e+00 9.309503436088562012e-01 8.106040954589843750e+00 2.595740890502929688e+01
8.161064982414245605e+00 9.329015016555786133e-01 8.161064982414245605e+00 2.645416450500488281e+01
8.216089010238647461e+00 9.377934932708740234e-01 8.216089010238647461e+00 2.696027374267578125e+01
8.271113634109497070e+00 9.408320784568786621e-01 8.271113634109497070e+00 2.747485351562500000e+01
8.326138257980346680e+00 9.420962333679199219e-01 8.326138257980346680e+00 2.799699592590332031e+01
