# distance (\AA)	RDF	distance (\AA)	cdf
1.275121606886386871e-01 0.000000000000000000e+00 1.275121606886386871e-01 0.000000000000000000e+00
1.825365051627159119e-01 0.000000000000000000e+00 1.825365051627159119e-01 0.000000000000000000e+00
2.375608310103416443e-01 0.000000000000000000e+00 2.375608310103416443e-01 0.000000000000000000e+00
2.925851941108703613e-01 0.000000000000000000e+00 2.925851941108703613e-01 0.000000000000000000e+00
3.476095199584960938e-01 0.000000000000000000e+00 3.476095199584960938e-01 0.000000000000000000e+00
4.026338458061218262e-01 0.000000000000000000e+00 4.026338458061218262e-01 0.000000000000000000e+00
4.576581716537475586e-01 0.000000000000000000e+00 4.576581716537475586e-01 0.000000000000000000e+00
5.126824975013732910e-01 0.000000000000000000e+00 5.126824975013732910e-01 0.000000000000000000e+00
5.677068233489990234e-01 0.000000000000000000e+00 5.677068233489990234e-01 0.000000000000000000e+00
6.227311491966247559e-01 0.000000000000000000e+00 6.227311491966247559e-01 0.000000000000000000e+00
6.777554750442504883e-01 0.000000000000000000e+00 6.777554750442504883e-01 0.000000000000000000e+00
7.327798753976821899e-01 0.000000000000000000e+00 7.327798753976821899e-01 0.000000000000000000e+00
7.878042012453079224e-01 0.000000000000000000e+00 7.878042012453079224e-01 0.000000000000000000e+00
8.428285270929336548e-01 0.000000000000000000e+00 8.428285270929336548e-01 0.000000000000000000e+00
8.978528529405593872e-01 0.000000000000000000e+00 8.978528529405593872e-01 0.000000000000000000e+00
9.528771787881851196e-01 0.000000000000000000e+00 9.528771787881851196e-01 0.000000000000000000e+00
1.007901504635810852e+00 0.000000000000000000e+00 1.007901504635810852e+00 0.000000000000000000e+00
1.062925830483436584e+00 0.000000000000000000e+00 1.062925830483436584e+00 0.000000000000000000e+00
1.117950156331062317e+00 0.000000000000000000e+00 1.117950156331062317e+00 0.000000000000000000e+00
1.172974482178688049e+00 0.000000000000000000e+00 1.172974482178688049e+00 0.000000000000000000e+00
1.227998882532119751e+00 0.000000000000000000e+00 1.227998882532119751e+00 0.000000000000000000e+00
1.283023208379745483e+00 0.000000000000000000e+00 1.283023208379745483e+00 0.000000000000000000e+00
1.338047534227371216e+00 0.000000000000000000e+00 1.338047534227371216e+00 0.000000000000000000e+00
1.393072009086608887e+00 0.000000000000000000e+00 1.393072009086608887e+00 0.000000000000000000e+00
1.448096334934234619e+00 0.000000000000000000e+00 1.448096334934234619e+00 0.000000000000000000e+00
1.503120660781860352e+00 0.000000000000000000e+00 1.503120660781860352e+00 0.000000000000000000e+00
1.558144986629486084e+00 0.000000000000000000e+00 1.558144986629486084e+00 0.000000000000000000e+00
1.613169312477111816e+00 5.964144947938621044e-04 1.613169312477111816e+00 8.642411557957530022e-06
1.668193638324737549e+00 4.244881123304367065e-02 1.668193638324737549e+00 6.664259126409888268e-04
1.723217964172363281e+00 5.436413884162902832e-01 1.723217964172363281e+00 9.655493311583995819e-03
1.778242290019989014e+00 2.930545330047607422e+00 1.778242290019989014e+00 6.125549226999282837e-02
1.833266615867614746e+00 8.592657089233398438e+00 1.833266615867614746e+00 2.220590710639953613e-01
1.888290941715240479e+00 1.526638031005859375e+01 1.888290941715240479e+00 5.251618623733520508e-01
1.943315267562866211e+00 1.881229209899902344e+01 1.943315267562866211e+00 9.207490682601928711e-01
1.998339593410491943e+00 1.764005661010742188e+01 1.998339593410491943e+00 1.312987804412841797e+00
2.053363919258117676e+00 1.370130443572998047e+01 2.053363919258117676e+00 1.634653568267822266e+00
2.108388245105743408e+00 9.288743972778320312e+00 2.108388245105743408e+00 1.864568591117858887e+00
2.163412570953369141e+00 5.802192211151123047e+00 2.163412570953369141e+00 2.015778064727783203e+00
2.218436896800994873e+00 3.496789932250976562e+00 2.218436896800994873e+00 2.111601352691650391e+00
2.273461222648620605e+00 2.075031757354736328e+00 2.273461222648620605e+00 2.171319484710693359e+00
2.328485548496246338e+00 1.244050979614257812e+00 2.328485548496246338e+00 2.208876609802246094e+00
2.383510023355484009e+00 7.767974138259887695e-01 2.383510023355484009e+00 2.233448982238769531e+00
2.438534349203109741e+00 4.974751472473144531e-01 2.438534349203109741e+00 2.249920368194580078e+00
2.493558675050735474e+00 3.326153457164764404e-01 2.493558675050735474e+00 2.261435985565185547e+00
2.548583149909973145e+00 2.371869385242462158e-01 2.548583149909973145e+00 2.270014047622680664e+00
2.603607177734375000e+00 1.809146404266357422e-01 2.603607177734375000e+00 2.276842594146728516e+00
2.658631205558776855e+00 1.468343138694763184e-01 2.658631205558776855e+00 2.282621383666992188e+00
2.713655829429626465e+00 1.232812404632568359e-01 2.713655829429626465e+00 2.287676334381103516e+00
2.768680453300476074e+00 1.128734648227691650e-01 2.768680453300476074e+00 2.292494058609008789e+00
2.823704481124877930e+00 1.090148836374282837e-01 2.823704481124877930e+00 2.297333717346191406e+00
2.878729104995727539e+00 1.122753545641899109e-01 2.878729104995727539e+00 2.302514314651489258e+00
2.933753132820129395e+00 1.166194230318069458e-01 2.933753132820129395e+00 2.308103084564208984e+00
2.988777756690979004e+00 1.258217990398406982e-01 2.988777756690979004e+00 2.314361095428466797e+00
3.043801784515380859e+00 1.407479196786880493e-01 3.043801784515380859e+00 2.321621656417846680e+00
3.098826408386230469e+00 1.644937992095947266e-01 3.098826408386230469e+00 2.330416679382324219e+00
3.153850436210632324e+00 1.961866468191146851e-01 3.153850436210632324e+00 2.341282129287719727e+00
3.208875060081481934e+00 2.402656227350234985e-01 3.208875060081481934e+00 2.355057239532470703e+00
3.263899087905883789e+00 2.987056374549865723e-01 3.263899087905883789e+00 2.372775077819824219e+00
3.318923711776733398e+00 3.574761450290679932e-01 3.318923711776733398e+00 2.394699811935424805e+00
3.373947739601135254e+00 4.275267720222473145e-01 3.373947739601135254e+00 2.421797513961791992e+00
3.428972363471984863e+00 5.175161361694335938e-01 3.428972363471984863e+00 2.455677747726440430e+00
3.483996391296386719e+00 6.132455468177795410e-01 3.483996391296386719e+00 2.497123956680297852e+00
3.539021015167236328e+00 7.124855518341064453e-01 3.539021015167236328e+00 2.546810150146484375e+00
3.594045042991638184e+00 8.122291564941406250e-01 3.594045042991638184e+00 2.605226993560791016e+00
3.649069666862487793e+00 9.072830677032470703e-01 3.649069666862487793e+00 2.672493696212768555e+00
3.704093694686889648e+00 1.009598016738891602e+00 3.704093694686889648e+00 2.749620437622070312e+00
3.759118318557739258e+00 1.105991601943969727e+00 3.759118318557739258e+00 2.836639881134033203e+00
3.814142346382141113e+00 1.191829681396484375e+00 3.814142346382141113e+00 2.933178424835205078e+00
3.869166970252990723e+00 1.283079028129577637e+00 3.869166970252990723e+00 3.040128231048583984e+00
3.924190998077392578e+00 1.349903464317321777e+00 3.924190998077392578e+00 3.155871152877807617e+00
3.979215621948242188e+00 1.395260095596313477e+00 3.979215621948242188e+00 3.278881549835205078e+00
4.034239649772644043e+00 1.411671876907348633e+00 4.034239649772644043e+00 3.406804561614990234e+00
4.089264273643493652e+00 1.417314529418945312e+00 4.089264273643493652e+00 3.538766384124755859e+00
4.144288301467895508e+00 1.413794994354248047e+00 4.144288301467895508e+00 3.673966407775878906e+00
4.199312925338745117e+00 1.389853954315185547e+00 4.199312925338745117e+00 3.810430049896240234e+00
4.254336953163146973e+00 1.360318779945373535e+00 4.254336953163146973e+00 3.947516918182373047e+00
4.309361577033996582e+00 1.309488415718078613e+00 4.309361577033996582e+00 4.082916736602783203e+00
4.364385604858398438e+00 1.252238035202026367e+00 4.364385604858398438e+00 4.215724468231201172e+00
4.419410228729248047e+00 1.197047591209411621e+00 4.419410228729248047e+00 4.345900535583496094e+00
4.474434256553649902e+00 1.132814407348632812e+00 4.474434256553649902e+00 4.472177505493164062e+00
4.529458880424499512e+00 1.066722631454467773e+00 4.529458880424499512e+00 4.594030857086181641e+00
4.584483504295349121e+00 1.005827903747558594e+00 4.584483504295349121e+00 4.711735725402832031e+00
4.639507532119750977e+00 9.546291232109069824e-01 4.639507532119750977e+00 4.826147079467773438e+00
4.694532155990600586e+00 9.102889895439147949e-01 4.694532155990600586e+00 4.937847137451171875e+00
4.749556183815002441e+00 8.687561750411987305e-01 4.749556183815002441e+00 5.046964168548583984e+00
4.804580807685852051e+00 8.304568529129028320e-01 4.804580807685852051e+00 5.153701782226562500e+00
4.859604835510253906e+00 7.963693737983703613e-01 4.859604835510253906e+00 5.258416175842285156e+00
4.914629459381103516e+00 7.808859348297119141e-01 4.914629459381103516e+00 5.363432884216308594e+00
4.969653487205505371e+00 7.579162120819091797e-01 4.969653487205505371e+00 5.467655658721923828e+00
5.024678111076354980e+00 7.421688437461853027e-01 5.024678111076354980e+00 5.571985721588134766e+00
5.079702138900756836e+00 7.298724651336669922e-01 5.079702138900756836e+00 5.676846027374267578e+00
5.134726762771606445e+00 7.130843997001647949e-01 5.134726762771606445e+00 5.781525611877441406e+00
5.189750790596008301e+00 7.017000317573547363e-01 5.189750790596008301e+00 5.886754512786865234e+00
5.244774818420410156e+00 6.948698163032531738e-01 5.244774818420410156e+00 5.993179321289062500e+00
5.299799442291259766e+00 6.919799447059631348e-01 5.299799442291259766e+00 6.101398468017578125e+00
5.354824066162109375e+00 6.852334737777709961e-01 5.354824066162109375e+00 6.210798740386962891e+00
5.409848690032958984e+00 6.806640028953552246e-01 5.409848690032958984e+00 6.321713447570800781e+00
5.464872717857360840e+00 6.784190535545349121e-01 5.464872717857360840e+00 6.434523582458496094e+00
5.519896745681762695e+00 6.776819229125976562e-01 5.519896745681762695e+00 6.549490928649902344e+00
5.574921369552612305e+00 6.841063499450683594e-01 5.574921369552612305e+00 6.667874813079833984e+00
5.629945993423461914e+00 6.893563270568847656e-01 5.629945993423461914e+00 6.789532184600830078e+00
5.684970021247863770e+00 7.021958231925964355e-01 5.684970021247863770e+00 6.915891170501708984e+00
5.739994049072265625e+00 7.102256417274475098e-01 5.739994049072265625e+00 7.046179294586181641e+00
5.795018672943115234e+00 7.272596955299377441e-01 5.795018672943115234e+00 7.182163715362548828e+00
5.850043296813964844e+00 7.340745925903320312e-01 5.850043296813964844e+00 7.322040081024169922e+00
5.905067324638366699e+00 7.463650107383728027e-01 5.905067324638366699e+00 7.466947555541992188e+00
5.960091352462768555e+00 7.581609487533569336e-01 5.960091352462768555e+00 7.616899967193603516e+00
6.015115976333618164e+00 7.671576142311096191e-01 6.015115976333618164e+00 7.771447181701660156e+00
6.070140600204467773e+00 7.852368354797363281e-01 6.070140600204467773e+00 7.932542800903320312e+00
6.125164628028869629e+00 8.048085570335388184e-01 6.125164628028869629e+00 8.100662231445312500e+00
6.180188655853271484e+00 8.215872645378112793e-01 6.180188655853271484e+00 8.275382041931152344e+00
6.235213279724121094e+00 8.391783237457275391e-01 6.235213279724121094e+00 8.457036972045898438e+00
6.290237903594970703e+00 8.517939448356628418e-01 6.290237903594970703e+00 8.644689559936523438e+00
6.345261931419372559e+00 8.600111007690429688e-01 6.345261931419372559e+00 8.837482452392578125e+00
6.400285959243774414e+00 8.797247409820556641e-01 6.400285959243774414e+00 9.038128852844238281e+00
6.455310583114624023e+00 8.944839835166931152e-01 6.455310583114624023e+00 9.245666503906250000e+00
6.510335206985473633e+00 9.058952331542968750e-01 6.510335206985473633e+00 9.459447860717773438e+00
6.565359234809875488e+00 9.173430800437927246e-01 6.565359234809875488e+00 9.679607391357421875e+00
6.620383262634277344e+00 9.280326962471008301e-01 6.620383262634277344e+00 9.906080245971679688e+00
6.675407886505126953e+00 9.343050718307495117e-01 6.675407886505126953e+00 1.013789081573486328e+01
6.730432510375976562e+00 9.479913115501403809e-01 6.730432510375976562e+00 1.037698745727539062e+01
6.785456538200378418e+00 9.528776407241821289e-01 6.785456538200378418e+00 1.062126636505126953e+01
6.840480566024780273e+00 9.615337252616882324e-01 6.840480566024780273e+00 1.087177467346191406e+01
6.895505189895629883e+00 9.612383842468261719e-01 6.895505189895629883e+00 1.112625503540039062e+01
6.950529813766479492e+00 9.712907075881958008e-01 6.950529813766479492e+00 1.138751220703125000e+01
7.005553841590881348e+00 9.736509323120117188e-01 7.005553841590881348e+00 1.165357208251953125e+01
7.060577869415283203e+00 9.753864407539367676e-01 7.060577869415283203e+00 1.192430496215820312e+01
7.115602493286132812e+00 9.770420789718627930e-01 7.115602493286132812e+00 1.219974422454833984e+01
7.170627117156982422e+00 9.773568511009216309e-01 7.170627117156982422e+00 1.247954940795898438e+01
7.225651741027832031e+00 9.660946130752563477e-01 7.225651741027832031e+00 1.276039028167724609e+01
7.280675768852233887e+00 9.613898992538452148e-01 7.280675768852233887e+00 1.304413700103759766e+01
7.335699796676635742e+00 9.564976692199707031e-01 7.335699796676635742e+00 1.333072090148925781e+01
7.390724420547485352e+00 9.498932361602783203e-01 7.390724420547485352e+00 1.361961460113525391e+01
7.445749044418334961e+00 9.462146759033203125e-01 7.445749044418334961e+00 1.391168689727783203e+01
7.500773072242736816e+00 9.347264170646667480e-01 7.500773072242736816e+00 1.420449733734130859e+01
7.555797100067138672e+00 9.360243678092956543e-01 7.555797100067138672e+00 1.450202655792236328e+01
7.610821723937988281e+00 9.314134120941162109e-01 7.610821723937988281e+00 1.480242443084716797e+01
7.665846347808837891e+00 9.301373362541198730e-01 7.665846347808837891e+00 1.510675811767578125e+01
7.720870375633239746e+00 9.312990903854370117e-01 7.720870375633239746e+00 1.541586685180664062e+01
7.775894403457641602e+00 9.278805255889892578e-01 7.775894403457641602e+00 1.572824192047119141e+01
7.830919027328491211e+00 9.271059036254882812e-01 7.830919027328491211e+00 1.604479408264160156e+01
7.885943651199340820e+00 9.272617697715759277e-01 7.885943651199340820e+00 1.636585998535156250e+01
7.940967679023742676e+00 9.289646148681640625e-01 7.940967679023742676e+00 1.669202423095703125e+01
7.995991706848144531e+00 9.371939301490783691e-01 7.995991706848144531e+00 1.702565002441406250e+01
8.051016330718994141e+00 9.359905719757080078e-01 8.051016330718994141e+00 1.736345291137695312e+01
8.106040954589843750e+00 9.446741342544555664e-01 8.106040954589843750e+00 1.770905876159667969e+01
8.161064982414245605e+00 9.473727941513061523e-01 8.161064982414245605e+00 1.806038093566894531e+01
8.216089010238647461e+00 9.585743546485900879e-01 8.216089010238647461e+00 1.842066192626953125e+01
8.271113634109497070e+00 9.652643203735351562e-01 8.271113634109497070e+00 1.878833770751953125e+01
8.326138257980346680e+00 9.785549044609069824e-01 8.326138257980346680e+00 1.916604423522949219e+01
