# distance (\AA)	RDF	distance (\AA)	cdf
1.275121606886386871e-01 0.000000000000000000e+00 1.275121606886386871e-01 0.000000000000000000e+00
1.825365051627159119e-01 0.000000000000000000e+00 1.825365051627159119e-01 0.000000000000000000e+00
2.375608310103416443e-01 0.000000000000000000e+00 2.375608310103416443e-01 0.000000000000000000e+00
2.925851941108703613e-01 0.000000000000000000e+00 2.925851941108703613e-01 0.000000000000000000e+00
3.476095199584960938e-01 0.000000000000000000e+00 3.476095199584960938e-01 0.000000000000000000e+00
4.026338458061218262e-01 0.000000000000000000e+00 4.026338458061218262e-01 0.000000000000000000e+00
4.576581716537475586e-01 0.000000000000000000e+00 4.576581716537475586e-01 0.000000000000000000e+00
5.126824975013732910e-01 0.000000000000000000e+00 5.126824975013732910e-01 0.000000000000000000e+00
5.677068233489990234e-01 0.000000000000000000e+00 5.677068233489990234e-01 0.000000000000000000e+00
6.227311491966247559e-01 0.000000000000000000e+00 6.227311491966247559e-01 0.000000000000000000e+00
6.777554750442504883e-01 0.000000000000000000e+00 6.777554750442504883e-01 0.000000000000000000e+00
7.327798753976821899e-01 0.000000000000000000e+00 7.327798753976821899e-01 0.000000000000000000e+00
7.878042012453079224e-01 0.000000000000000000e+00 7.878042012453079224e-01 0.000000000000000000e+00
8.428285270929336548e-01 0.000000000000000000e+00 8.428285270929336548e-01 0.000000000000000000e+00
8.978528529405593872e-01 0.000000000000000000e+00 8.978528529405593872e-01 0.000000000000000000e+00
9.528771787881851196e-01 0.000000000000000000e+00 9.528771787881851196e-01 0.000000000000000000e+00
1.007901504635810852e+00 0.000000000000000000e+00 1.007901504635810852e+00 0.000000000000000000e+00
1.062925830483436584e+00 0.000000000000000000e+00 1.062925830483436584e+00 0.000000000000000000e+00
1.117950156331062317e+00 0.000000000000000000e+00 1.117950156331062317e+00 0.000000000000000000e+00
1.172974482178688049e+00 0.000000000000000000e+00 1.172974482178688049e+00 0.000000000000000000e+00
1.227998882532119751e+00 0.000000000000000000e+00 1.227998882532119751e+00 0.000000000000000000e+00
1.283023208379745483e+00 0.000000000000000000e+00 1.283023208379745483e+00 0.000000000000000000e+00
1.338047534227371216e+00 0.000000000000000000e+00 1.338047534227371216e+00 0.000000000000000000e+00
1.393072009086608887e+00 0.000000000000000000e+00 1.393072009086608887e+00 0.000000000000000000e+00
1.448096334934234619e+00 0.000000000000000000e+00 1.448096334934234619e+00 0.000000000000000000e+00
1.503120660781860352e+00 0.000000000000000000e+00 1.503120660781860352e+00 0.000000000000000000e+00
1.558144986629486084e+00 0.000000000000000000e+00 1.558144986629486084e+00 0.000000000000000000e+00
1.613169312477111816e+00 0.000000000000000000e+00 1.613169312477111816e+00 0.000000000000000000e+00
1.668193638324737549e+00 0.000000000000000000e+00 1.668193638324737549e+00 0.000000000000000000e+00
1.723217964172363281e+00 0.000000000000000000e+00 1.723217964172363281e+00 0.000000000000000000e+00
1.778242290019989014e+00 0.000000000000000000e+00 1.778242290019989014e+00 0.000000000000000000e+00
1.833266615867614746e+00 0.000000000000000000e+00 1.833266615867614746e+00 0.000000000000000000e+00
1.888290941715240479e+00 0.000000000000000000e+00 1.888290941715240479e+00 0.000000000000000000e+00
1.943315267562866211e+00 0.000000000000000000e+00 1.943315267562866211e+00 0.000000000000000000e+00
1.998339593410491943e+00 0.000000000000000000e+00 1.998339593410491943e+00 0.000000000000000000e+00
2.053363919258117676e+00 0.000000000000000000e+00 2.053363919258117676e+00 0.000000000000000000e+00
2.108388245105743408e+00 0.000000000000000000e+00 2.108388245105743408e+00 0.000000000000000000e+00
2.163412570953369141e+00 0.000000000000000000e+00 2.163412570953369141e+00 0.000000000000000000e+00
2.218436896800994873e+00 0.000000000000000000e+00 2.218436896800994873e+00 0.000000000000000000e+00
2.273461222648620605e+00 1.197773162857629359e-04 2.273461222648620605e+00 3.447115659582777880e-06
2.328485548496246338e+00 8.906299481168389320e-04 2.328485548496246338e+00 3.033461871382314712e-05
2.383510023355484009e+00 9.981902316212654114e-03 2.383510023355484009e+00 3.460904117673635483e-04
2.438534349203109741e+00 7.200285047292709351e-02 2.438534349203109741e+00 2.730115549638867378e-03
2.493558675050735474e+00 2.953546047210693359e-01 2.493558675050735474e+00 1.295563951134681702e-02
2.548583149909973145e+00 7.907823920249938965e-01 2.548583149909973145e+00 4.155497997999191284e-02
2.603607177734375000e+00 1.545717000961303711e+00 2.603607177734375000e+00 9.989672154188156128e-02
2.658631205558776855e+00 2.382703065872192383e+00 2.658631205558776855e+00 1.936717033386230469e-01
2.713655829429626465e+00 3.053413152694702148e+00 2.713655829429626465e+00 3.188695609569549561e-01
2.768680453300476074e+00 3.454013347625732422e+00 2.768680453300476074e+00 4.662937521934509277e-01
2.823704481124877930e+00 3.630117893218994141e+00 2.823704481124877930e+00 6.274539828300476074e-01
2.878729104995727539e+00 3.642066955566406250e+00 2.878729104995727539e+00 7.955074310302734375e-01
2.933753132820129395e+00 3.612896203994750977e+00 2.933753132820129395e+00 9.686484336853027344e-01
2.988777756690979004e+00 3.564399719238281250e+00 2.988777756690979004e+00 1.145932912826538086e+00
3.043801784515380859e+00 3.472498416900634766e+00 3.043801784515380859e+00 1.325064301490783691e+00
3.098826408386230469e+00 3.350690364837646484e+00 3.098826408386230469e+00 1.504217863082885742e+00
3.153850436210632324e+00 3.211330890655517578e+00 3.153850436210632324e+00 1.682071447372436523e+00
3.208875060081481934e+00 3.032490491867065430e+00 3.208875060081481934e+00 1.855931878089904785e+00
3.263899087905883789e+00 2.825066089630126953e+00 3.263899087905883789e+00 2.023502349853515625e+00
3.318923711776733398e+00 2.601386547088623047e+00 3.318923711776733398e+00 2.183051347732543945e+00
3.373947739601135254e+00 2.357752561569213867e+00 3.373947739601135254e+00 2.332492113113403320e+00
3.428972363471984863e+00 2.157995700836181641e+00 3.428972363471984863e+00 2.473769426345825195e+00
3.483996391296386719e+00 1.924476742744445801e+00 3.483996391296386719e+00 2.603834867477416992e+00
3.539021015167236328e+00 1.716009497642517090e+00 3.539021015167236328e+00 2.723503112792968750e+00
3.594045042991638184e+00 1.539603829383850098e+00 3.594045042991638184e+00 2.834234237670898438e+00
3.649069666862487793e+00 1.391271471977233887e+00 3.649069666862487793e+00 2.937384366989135742e+00
3.704093694686889648e+00 1.267742753028869629e+00 3.704093694686889648e+00 3.034231662750244141e+00
3.759118318557739258e+00 1.153139829635620117e+00 3.759118318557739258e+00 3.124960899353027344e+00
3.814142346382141113e+00 1.066758513450622559e+00 3.814142346382141113e+00 3.211368799209594727e+00
3.869166970252990723e+00 1.004664301872253418e+00 3.869166970252990723e+00 3.295111656188964844e+00
3.924190998077392578e+00 9.502738714218139648e-01 3.924190998077392578e+00 3.376589775085449219e+00
3.979215621948242188e+00 9.099198579788208008e-01 3.979215621948242188e+00 3.456810951232910156e+00
4.034239649772644043e+00 8.846968412399291992e-01 4.034239649772644043e+00 3.536980628967285156e+00
4.089264273643493652e+00 8.607697486877441406e-01 4.089264273643493652e+00 3.617124319076538086e+00
4.144288301467895508e+00 8.354583382606506348e-01 4.144288301467895508e+00 3.697018384933471680e+00
4.199312925338745117e+00 8.311783671379089355e-01 4.199312925338745117e+00 3.778628110885620117e+00
4.254336953163146973e+00 8.172397017478942871e-01 4.254336953163146973e+00 3.860985994338989258e+00
4.309361577033996582e+00 8.157480359077453613e-01 4.309361577033996582e+00 3.945333480834960938e+00
4.364385604858398438e+00 7.984534502029418945e-01 4.364385604858398438e+00 4.030014514923095703e+00
4.419410228729248047e+00 7.983169555664062500e-01 4.419410228729248047e+00 4.116829395294189453e+00
4.474434256553649902e+00 7.955772280693054199e-01 4.474434256553649902e+00 4.205513954162597656e+00
4.529458880424499512e+00 7.950450181961059570e-01 4.529458880424499512e+00 4.296332836151123047e+00
4.584483504295349121e+00 7.903487682342529297e-01 4.584483504295349121e+00 4.388821601867675781e+00
4.639507532119750977e+00 7.907162904739379883e-01 4.639507532119750977e+00 4.483588218688964844e+00
4.694532155990600586e+00 7.826313972473144531e-01 4.694532155990600586e+00 4.579623699188232422e+00
4.749556183815002441e+00 7.847741246223449707e-01 4.749556183815002441e+00 4.678192615509033203e+00
4.804580807685852051e+00 7.756471037864685059e-01 4.804580807685852051e+00 4.777885437011718750e+00
4.859604835510253906e+00 7.785719633102416992e-01 4.859604835510253906e+00 4.880259513854980469e+00
4.914629459381103516e+00 7.763354778289794922e-01 4.914629459381103516e+00 4.984664440155029297e+00
4.969653487205505371e+00 7.781170010566711426e-01 4.969653487205505371e+00 5.091664791107177734e+00
5.024678111076354980e+00 7.810024023056030273e-01 5.024678111076354980e+00 5.201454162597656250e+00
5.079702138900756836e+00 7.921755313873291016e-01 5.079702138900756836e+00 5.315265655517578125e+00
5.134726762771606445e+00 8.013306260108947754e-01 5.134726762771606445e+00 5.432899951934814453e+00
5.189750790596008301e+00 8.129798173904418945e-01 5.189750790596008301e+00 5.554816722869873047e+00
5.244774818420410156e+00 8.231974840164184570e-01 5.244774818420410156e+00 5.680895805358886719e+00
5.299799442291259766e+00 8.282489180564880371e-01 5.299799442291259766e+00 5.810426235198974609e+00
5.354824066162109375e+00 8.423755764961242676e-01 5.354824066162109375e+00 5.944915294647216797e+00
5.409848690032958984e+00 8.560562133789062500e-01 5.409848690032958984e+00 6.084410190582275391e+00
5.464872717857360840e+00 8.651362657546997070e-01 5.464872717857360840e+00 6.228268623352050781e+00
5.519896745681762695e+00 8.848919272422790527e-01 5.519896745681762695e+00 6.378388404846191406e+00
5.574921369552612305e+00 8.914079070091247559e-01 5.574921369552612305e+00 6.532645225524902344e+00
5.629945993423461914e+00 8.950529098510742188e-01 5.629945993423461914e+00 6.690603733062744141e+00
5.684970021247863770e+00 8.926239013671875000e-01 5.684970021247863770e+00 6.851229667663574219e+00
5.739994049072265625e+00 9.008780121803283691e-01 5.739994049072265625e+00 7.016492366790771484e+00
5.795018672943115234e+00 8.845871686935424805e-01 5.795018672943115234e+00 7.181894302368164062e+00
5.850043296813964844e+00 8.634683489799499512e-01 5.850043296813964844e+00 7.346426486968994141e+00
5.905067324638366699e+00 8.588939905166625977e-01 5.905067324638366699e+00 7.513181209564208984e+00
5.960091352462768555e+00 8.482934832572937012e-01 5.960091352462768555e+00 7.680960655212402344e+00
6.015115976333618164e+00 8.341930508613586426e-01 6.015115976333618164e+00 7.849012851715087891e+00
6.070140600204467773e+00 8.243155479431152344e-01 6.070140600204467773e+00 8.018125534057617188e+00
6.125164628028869629e+00 8.074707388877868652e-01 6.125164628028869629e+00 8.186801910400390625e+00
6.180188655853271484e+00 7.936422824859619141e-01 6.180188655853271484e+00 8.355579376220703125e+00
6.235213279724121094e+00 7.796108722686767578e-01 6.235213279724121094e+00 8.524339675903320312e+00
6.290237903594970703e+00 7.688217163085937500e-01 6.290237903594970703e+00 8.693713188171386719e+00
6.345261931419372559e+00 7.581224441528320312e-01 6.345261931419372559e+00 8.863665580749511719e+00
6.400285959243774414e+00 7.548708915710449219e-01 6.400285959243774414e+00 9.035835266113281250e+00
6.455310583114624023e+00 7.506824135780334473e-01 6.455310583114624023e+00 9.210008621215820312e+00
6.510335206985473633e+00 7.510086297988891602e-01 6.510335206985473633e+00 9.387238502502441406e+00
6.565359234809875488e+00 7.480288743972778320e-01 6.565359234809875488e+00 9.566762924194335938e+00
6.620383262634277344e+00 7.443146705627441406e-01 6.620383262634277344e+00 9.748401641845703125e+00
6.675407886505126953e+00 7.467679977416992188e-01 6.675407886505126953e+00 9.933682441711425781e+00
6.730432510375976562e+00 7.540303468704223633e-01 6.730432510375976562e+00 1.012385940551757812e+01
6.785456538200378418e+00 7.605185508728027344e-01 6.785456538200378418e+00 1.031882476806640625e+01
6.840480566024780273e+00 7.649001479148864746e-01 6.840480566024780273e+00 1.051810359954833984e+01
6.895505189895629883e+00 7.719779610633850098e-01 6.895505189895629883e+00 1.072247886657714844e+01
6.950529813766479492e+00 7.777581214904785156e-01 6.950529813766479492e+00 1.093167972564697266e+01
7.005553841590881348e+00 7.858225107192993164e-01 7.005553841590881348e+00 1.114641284942626953e+01
7.060577869415283203e+00 7.974186539649963379e-01 7.060577869415283203e+00 1.136774826049804688e+01
7.115602493286132812e+00 8.064697980880737305e-01 7.115602493286132812e+00 1.159510135650634766e+01
7.170627117156982422e+00 8.187860250473022461e-01 7.170627117156982422e+00 1.182950973510742188e+01
7.225651741027832031e+00 8.329603672027587891e-01 7.225651741027832031e+00 1.207164859771728516e+01
7.280675768852233887e+00 8.484660983085632324e-01 7.280675768852233887e+00 1.232206630706787109e+01
7.335699796676635742e+00 8.609033823013305664e-01 7.335699796676635742e+00 1.258000850677490234e+01
7.390724420547485352e+00 8.802570104598999023e-01 7.390724420547485352e+00 1.284772396087646484e+01
7.445749044418334961e+00 8.944371342658996582e-01 7.445749044418334961e+00 1.312381362915039062e+01
7.500773072242736816e+00 9.106926918029785156e-01 7.500773072242736816e+00 1.340909576416015625e+01
7.555797100067138672e+00 9.244404435157775879e-01 7.555797100067138672e+00 1.370294284820556641e+01
7.610821723937988281e+00 9.394297599792480469e-01 7.610821723937988281e+00 1.400592613220214844e+01
7.665846347808837891e+00 9.535024166107177734e-01 7.665846347808837891e+00 1.431790447235107422e+01
7.720870375633239746e+00 9.705527424812316895e-01 7.720870375633239746e+00 1.464004135131835938e+01
7.775894403457641602e+00 9.844067692756652832e-01 7.775894403457641602e+00 1.497144603729248047e+01
7.830919027328491211e+00 9.936684966087341309e-01 7.830919027328491211e+00 1.531072425842285156e+01
7.885943651199340820e+00 1.005124211311340332e+00 7.885943651199340820e+00 1.565874958038330078e+01
7.940967679023742676e+00 1.011261343955993652e+00 7.940967679023742676e+00 1.601380729675292969e+01
7.995991706848144531e+00 1.015174150466918945e+00 7.995991706848144531e+00 1.637519264221191406e+01
8.051016330718994141e+00 1.020314812660217285e+00 8.051016330718994141e+00 1.674342918395996094e+01
8.106040954589843750e+00 1.023346185684204102e+00 8.106040954589843750e+00 1.711781692504882812e+01
8.161064982414245605e+00 1.024572730064392090e+00 8.161064982414245605e+00 1.749776649475097656e+01
8.216089010238647461e+00 1.023082256317138672e+00 8.216089010238647461e+00 1.788229179382324219e+01
8.271113634109497070e+00 1.021637439727783203e+00 8.271113634109497070e+00 1.827144050598144531e+01
8.326138257980346680e+00 1.023778200149536133e+00 8.326138257980346680e+00 1.866660308837890625e+01
