# distance (\AA)	RDF	distance (\AA)	cdf
1.275121606886386871e-01 0.000000000000000000e+00 1.275121606886386871e-01 0.000000000000000000e+00
1.825365051627159119e-01 0.000000000000000000e+00 1.825365051627159119e-01 0.000000000000000000e+00
2.375608310103416443e-01 0.000000000000000000e+00 2.375608310103416443e-01 0.000000000000000000e+00
2.925851941108703613e-01 0.000000000000000000e+00 2.925851941108703613e-01 0.000000000000000000e+00
3.476095199584960938e-01 0.000000000000000000e+00 3.476095199584960938e-01 0.000000000000000000e+00
4.026338458061218262e-01 0.000000000000000000e+00 4.026338458061218262e-01 0.000000000000000000e+00
4.576581716537475586e-01 0.000000000000000000e+00 4.576581716537475586e-01 0.000000000000000000e+00
5.126824975013732910e-01 0.000000000000000000e+00 5.126824975013732910e-01 0.000000000000000000e+00
5.677068233489990234e-01 0.000000000000000000e+00 5.677068233489990234e-01 0.000000000000000000e+00
6.227311491966247559e-01 0.000000000000000000e+00 6.227311491966247559e-01 0.000000000000000000e+00
6.777554750442504883e-01 0.000000000000000000e+00 6.777554750442504883e-01 0.000000000000000000e+00
7.327798753976821899e-01 0.000000000000000000e+00 7.327798753976821899e-01 0.000000000000000000e+00
7.878042012453079224e-01 0.000000000000000000e+00 7.878042012453079224e-01 0.000000000000000000e+00
8.428285270929336548e-01 0.000000000000000000e+00 8.428285270929336548e-01 0.000000000000000000e+00
8.978528529405593872e-01 0.000000000000000000e+00 8.978528529405593872e-01 0.000000000000000000e+00
9.528771787881851196e-01 0.000000000000000000e+00 9.528771787881851196e-01 0.000000000000000000e+00
1.007901504635810852e+00 0.000000000000000000e+00 1.007901504635810852e+00 0.000000000000000000e+00
1.062925830483436584e+00 0.000000000000000000e+00 1.062925830483436584e+00 0.000000000000000000e+00
1.117950156331062317e+00 0.000000000000000000e+00 1.117950156331062317e+00 0.000000000000000000e+00
1.172974482178688049e+00 0.000000000000000000e+00 1.172974482178688049e+00 0.000000000000000000e+00
1.227998882532119751e+00 0.000000000000000000e+00 1.227998882532119751e+00 0.000000000000000000e+00
1.283023208379745483e+00 0.000000000000000000e+00 1.283023208379745483e+00 0.000000000000000000e+00
1.338047534227371216e+00 0.000000000000000000e+00 1.338047534227371216e+00 0.000000000000000000e+00
1.393072009086608887e+00 0.000000000000000000e+00 1.393072009086608887e+00 0.000000000000000000e+00
1.448096334934234619e+00 0.000000000000000000e+00 1.448096334934234619e+00 0.000000000000000000e+00
1.503120660781860352e+00 0.000000000000000000e+00 1.503120660781860352e+00 0.000000000000000000e+00
1.558144986629486084e+00 0.000000000000000000e+00 1.558144986629486084e+00 0.000000000000000000e+00
1.613169312477111816e+00 0.000000000000000000e+00 1.613169312477111816e+00 0.000000000000000000e+00
1.668193638324737549e+00 0.000000000000000000e+00 1.668193638324737549e+00 0.000000000000000000e+00
1.723217964172363281e+00 0.000000000000000000e+00 1.723217964172363281e+00 0.000000000000000000e+00
1.778242290019989014e+00 0.000000000000000000e+00 1.778242290019989014e+00 0.000000000000000000e+00
1.833266615867614746e+00 0.000000000000000000e+00 1.833266615867614746e+00 0.000000000000000000e+00
1.888290941715240479e+00 0.000000000000000000e+00 1.888290941715240479e+00 0.000000000000000000e+00
1.943315267562866211e+00 0.000000000000000000e+00 1.943315267562866211e+00 0.000000000000000000e+00
1.998339593410491943e+00 0.000000000000000000e+00 1.998339593410491943e+00 0.000000000000000000e+00
2.053363919258117676e+00 0.000000000000000000e+00 2.053363919258117676e+00 0.000000000000000000e+00
2.108388245105743408e+00 0.000000000000000000e+00 2.108388245105743408e+00 0.000000000000000000e+00
2.163412570953369141e+00 0.000000000000000000e+00 2.163412570953369141e+00 0.000000000000000000e+00
2.218436896800994873e+00 0.000000000000000000e+00 2.218436896800994873e+00 0.000000000000000000e+00
2.273461222648620605e+00 0.000000000000000000e+00 2.273461222648620605e+00 0.000000000000000000e+00
2.328485548496246338e+00 0.000000000000000000e+00 2.328485548496246338e+00 0.000000000000000000e+00
2.383510023355484009e+00 0.000000000000000000e+00 2.383510023355484009e+00 0.000000000000000000e+00
2.438534349203109741e+00 0.000000000000000000e+00 2.438534349203109741e+00 0.000000000000000000e+00
2.493558675050735474e+00 0.000000000000000000e+00 2.493558675050735474e+00 0.000000000000000000e+00
2.548583149909973145e+00 0.000000000000000000e+00 2.548583149909973145e+00 0.000000000000000000e+00
2.603607177734375000e+00 0.000000000000000000e+00 2.603607177734375000e+00 0.000000000000000000e+00
2.658631205558776855e+00 0.000000000000000000e+00 2.658631205558776855e+00 0.000000000000000000e+00
2.713655829429626465e+00 0.000000000000000000e+00 2.713655829429626465e+00 0.000000000000000000e+00
2.768680453300476074e+00 8.999279816634953022e-05 2.768680453300476074e+00 3.841071702481713146e-06
2.823704481124877930e+00 2.595592522993683815e-04 2.823704481124877930e+00 1.536428680992685258e-05
2.878729104995727539e+00 8.532511419616639614e-04 2.878729104995727539e+00 5.473527198773808777e-05
2.933753132820129395e+00 2.043845597654581070e-03 2.933753132820129395e+00 1.526825944893062115e-04
2.988777756690979004e+00 5.270730704069137573e-03 2.988777756690979004e+00 4.148357256781309843e-04
3.043801784515380859e+00 1.182051561772823334e-02 3.043801784515380859e+00 1.024605822749435902e-03
3.098826408386230469e+00 2.764013037085533142e-02 3.098826408386230469e+00 2.502458170056343079e-03
3.153850436210632324e+00 4.667560383677482605e-02 3.153850436210632324e+00 5.087499506771564484e-03
3.208875060081481934e+00 7.783299684524536133e-02 3.208875060081481934e+00 9.549864567816257477e-03
3.263899087905883789e+00 1.250772178173065186e-01 3.263899087905883789e+00 1.696889474987983704e-02
3.318923711776733398e+00 1.788320094347000122e-01 3.318923711776733398e+00 2.793707512319087982e-02
3.373947739601135254e+00 2.525860667228698730e-01 3.373947739601135254e+00 4.394666105508804321e-02
3.428972363471984863e+00 3.372025191783905029e-01 3.428972363471984863e+00 6.602226197719573975e-02
3.483996391296386719e+00 4.345048069953918457e-01 3.483996391296386719e+00 9.538821876049041748e-02
3.539021015167236328e+00 5.494078993797302246e-01 3.539021015167236328e+00 1.337019503116607666e-01
3.594045042991638184e+00 6.627049446105957031e-01 3.594045042991638184e+00 1.813648492097854614e-01
3.649069666862487793e+00 7.632186412811279297e-01 3.649069666862487793e+00 2.379505634307861328e-01
3.704093694686889648e+00 8.553012013435363770e-01 3.704093694686889648e+00 3.032900691032409668e-01
3.759118318557739258e+00 9.455605745315551758e-01 3.759118318557739258e+00 3.776868283748626709e-01
3.814142346382141113e+00 1.038697242736816406e+00 3.814142346382141113e+00 4.618216753005981445e-01
3.869166970252990723e+00 1.122254967689514160e+00 3.869166970252990723e+00 5.553661584854125977e-01
3.924190998077392578e+00 1.190466880798339844e+00 3.924190998077392578e+00 6.574388146400451660e-01
3.979215621948242188e+00 1.267083525657653809e+00 3.979215621948242188e+00 7.691487073898315430e-01
4.034239649772644043e+00 1.342813491821289062e+00 4.034239649772644043e+00 8.908319473266601562e-01
4.089264273643493652e+00 1.394737958908081055e+00 4.089264273643493652e+00 1.020691871643066406e+00
4.144288301467895508e+00 1.437262177467346191e+00 4.144288301467895508e+00 1.158136010169982910e+00
4.199312925338745117e+00 1.482383608818054199e+00 4.199312925338745117e+00 1.303684830665588379e+00
4.254336953163146973e+00 1.523013114929199219e+00 4.254336953163146973e+00 1.457167387008666992e+00
4.309361577033996582e+00 1.543930053710937500e+00 4.309361577033996582e+00 1.616808056831359863e+00
4.364385604858398438e+00 1.548839211463928223e+00 4.364385604858398438e+00 1.781072497367858887e+00
4.419410228729248047e+00 1.561719775199890137e+00 4.419410228729248047e+00 1.950905442237854004e+00
4.474434256553649902e+00 1.584865093231201172e+00 4.474434256553649902e+00 2.127573490142822266e+00
4.529458880424499512e+00 1.588756561279296875e+00 4.529458880424499512e+00 2.309059381484985352e+00
4.584483504295349121e+00 1.622478485107421875e+00 4.584483504295349121e+00 2.498926401138305664e+00
4.639507532119750977e+00 1.637383818626403809e+00 4.639507532119750977e+00 2.695164918899536133e+00
4.694532155990600586e+00 1.645910739898681641e+00 4.694532155990600586e+00 2.897132396697998047e+00
4.749556183815002441e+00 1.659522056579589844e+00 4.749556183815002441e+00 3.105571031570434570e+00
4.804580807685852051e+00 1.662960886955261230e+00 4.804580807685852051e+00 3.319309473037719727e+00
4.859604835510253906e+00 1.682799339294433594e+00 4.859604835510253906e+00 3.540580272674560547e+00
4.914629459381103516e+00 1.696332335472106934e+00 4.914629459381103516e+00 3.768710136413574219e+00
4.969653487205505371e+00 1.696779847145080566e+00 4.969653487205505371e+00 4.002038002014160156e+00
5.024678111076354980e+00 1.713579535484313965e+00 5.024678111076354980e+00 4.242924213409423828e+00
5.079702138900756836e+00 1.705537676811218262e+00 5.079702138900756836e+00 4.487957477569580078e+00
5.134726762771606445e+00 1.708907604217529297e+00 5.134726762771606445e+00 4.738822460174560547e+00
5.189750790596008301e+00 1.703263401985168457e+00 5.189750790596008301e+00 4.994248867034912109e+00
5.244774818420410156e+00 1.691442608833312988e+00 5.244774818420410156e+00 5.253305912017822266e+00
5.299799442291259766e+00 1.661017060279846191e+00 5.299799442291259766e+00 5.513073921203613281e+00
5.354824066162109375e+00 1.641085028648376465e+00 5.354824066162109375e+00 5.775080204010009766e+00
5.409848690032958984e+00 1.604578852653503418e+00 5.409848690032958984e+00 6.036547660827636719e+00
5.464872717857360840e+00 1.568197965621948242e+00 5.464872717857360840e+00 6.297314167022705078e+00
5.519896745681762695e+00 1.521586179733276367e+00 5.519896745681762695e+00 6.555447578430175781e+00
5.574921369552612305e+00 1.460034012794494629e+00 5.574921369552612305e+00 6.808104515075683594e+00
5.629945993423461914e+00 1.407219290733337402e+00 5.629945993423461914e+00 7.056449890136718750e+00
5.684970021247863770e+00 1.351524472236633301e+00 5.684970021247863770e+00 7.299654006958007812e+00
5.739994049072265625e+00 1.315366625785827637e+00 5.739994049072265625e+00 7.540953159332275391e+00
5.795018672943115234e+00 1.259633064270019531e+00 5.795018672943115234e+00 7.776482105255126953e+00
5.850043296813964844e+00 1.204426765441894531e+00 5.850043296813964844e+00 8.005983352661132812e+00
5.905067324638366699e+00 1.161749243736267090e+00 5.905067324638366699e+00 8.231537818908691406e+00
5.960091352462768555e+00 1.112924575805664062e+00 5.960091352462768555e+00 8.451657295227050781e+00
6.015115976333618164e+00 1.070498943328857422e+00 6.015115976333618164e+00 8.667314529418945312e+00
6.070140600204467773e+00 1.039388775825500488e+00 6.070140600204467773e+00 8.880550384521484375e+00
6.125164628028869629e+00 1.007546067237854004e+00 6.125164628028869629e+00 9.091020584106445312e+00
6.180188655853271484e+00 9.836388230323791504e-01 6.180188655853271484e+00 9.300202369689941406e+00
6.235213279724121094e+00 9.653716087341308594e-01 6.235213279724121094e+00 9.509174346923828125e+00
6.290237903594970703e+00 9.412724375724792480e-01 6.290237903594970703e+00 9.716539382934570312e+00
6.345261931419372559e+00 9.305314421653747559e-01 6.345261931419372559e+00 9.925141334533691406e+00
6.400285959243774414e+00 9.232545495033264160e-01 6.400285959243774414e+00 1.013571548461914062e+01
6.455310583114624023e+00 9.120819568634033203e-01 6.455310583114624023e+00 1.034733676910400391e+01
6.510335206985473633e+00 9.132399559020996094e-01 6.510335206985473633e+00 1.056285190582275391e+01
6.565359234809875488e+00 9.101570844650268555e-01 6.565359234809875488e+00 1.078128719329833984e+01
6.620383262634277344e+00 9.045606255531311035e-01 6.620383262634277344e+00 1.100203132629394531e+01
6.675407886505126953e+00 9.013801813125610352e-01 6.675407886505126953e+00 1.122567272186279297e+01
6.730432510375976562e+00 8.972089290618896484e-01 6.730432510375976562e+00 1.145196151733398438e+01
6.785456538200378418e+00 8.988482952117919922e-01 6.785456538200378418e+00 1.168238925933837891e+01
6.840480566024780273e+00 9.007433056831359863e-01 6.840480566024780273e+00 1.191705989837646484e+01
6.895505189895629883e+00 9.001784324645996094e-01 6.895505189895629883e+00 1.215537548065185547e+01
6.950529813766479492e+00 8.978692293167114258e-01 6.950529813766479492e+00 1.239688396453857422e+01
7.005553841590881348e+00 8.956163525581359863e-01 7.005553841590881348e+00 1.264161968231201172e+01
7.060577869415283203e+00 8.936254382133483887e-01 7.060577869415283203e+00 1.288965892791748047e+01
7.115602493286132812e+00 8.896609544754028320e-01 7.115602493286132812e+00 1.314046478271484375e+01
7.170627117156982422e+00 8.852871060371398926e-01 7.170627117156982422e+00 1.339391136169433594e+01
7.225651741027832031e+00 8.825204372406005859e-01 7.225651741027832031e+00 1.365045738220214844e+01
7.280675768852233887e+00 8.852659463882446289e-01 7.280675768852233887e+00 1.391173648834228516e+01
7.335699796676635742e+00 8.832737207412719727e-01 7.335699796676635742e+00 1.417638111114501953e+01
7.390724420547485352e+00 8.786245584487915039e-01 7.390724420547485352e+00 1.444359970092773438e+01
7.445749044418334961e+00 8.725351691246032715e-01 7.445749044418334961e+00 1.471292877197265625e+01
7.500773072242736816e+00 8.711802363395690918e-01 7.500773072242736816e+00 1.498583316802978516e+01
7.555797100067138672e+00 8.818095326423645020e-01 7.555797100067138672e+00 1.526612949371337891e+01
7.610821723937988281e+00 8.807051181793212891e-01 7.610821723937988281e+00 1.555017280578613281e+01
7.665846347808837891e+00 8.813245296478271484e-01 7.665846347808837891e+00 1.583853530883789062e+01
7.720870375633239746e+00 8.763031959533691406e-01 7.720870375633239746e+00 1.612939071655273438e+01
7.775894403457641602e+00 8.743839859962463379e-01 7.775894403457641602e+00 1.642375564575195312e+01
7.830919027328491211e+00 8.686809539794921875e-01 7.830919027328491211e+00 1.672035789489746094e+01
7.885943651199340820e+00 8.721473813056945801e-01 7.885943651199340820e+00 1.702234077453613281e+01
7.940967679023742676e+00 8.691694736480712891e-01 7.940967679023742676e+00 1.732751083374023438e+01
7.995991706848144531e+00 8.736594319343566895e-01 7.995991706848144531e+00 1.763851928710937500e+01
8.051016330718994141e+00 8.754537105560302734e-01 8.051016330718994141e+00 1.795447349548339844e+01
8.106040954589843750e+00 8.770412206649780273e-01 8.106040954589843750e+00 1.827533531188964844e+01
8.161064982414245605e+00 8.699532747268676758e-01 8.161064982414245605e+00 1.859794616699218750e+01
8.216089010238647461e+00 8.727033138275146484e-01 8.216089010238647461e+00 1.892595100402832031e+01
8.271113634109497070e+00 8.683062791824340820e-01 8.271113634109497070e+00 1.925669479370117188e+01
8.326138257980346680e+00 8.636589646339416504e-01 8.326138257980346680e+00 1.959005355834960938e+01
