# distance (\AA)	RDF	distance (\AA)	cdf
1.275121606886386871e-01 0.000000000000000000e+00 1.275121606886386871e-01 0.000000000000000000e+00
1.825365051627159119e-01 0.000000000000000000e+00 1.825365051627159119e-01 0.000000000000000000e+00
2.375608310103416443e-01 0.000000000000000000e+00 2.375608310103416443e-01 0.000000000000000000e+00
2.925851941108703613e-01 0.000000000000000000e+00 2.925851941108703613e-01 0.000000000000000000e+00
3.476095199584960938e-01 0.000000000000000000e+00 3.476095199584960938e-01 0.000000000000000000e+00
4.026338458061218262e-01 0.000000000000000000e+00 4.026338458061218262e-01 0.000000000000000000e+00
4.576581716537475586e-01 0.000000000000000000e+00 4.576581716537475586e-01 0.000000000000000000e+00
5.126824975013732910e-01 0.000000000000000000e+00 5.126824975013732910e-01 0.000000000000000000e+00
5.677068233489990234e-01 0.000000000000000000e+00 5.677068233489990234e-01 0.000000000000000000e+00
6.227311491966247559e-01 0.000000000000000000e+00 6.227311491966247559e-01 0.000000000000000000e+00
6.777554750442504883e-01 0.000000000000000000e+00 6.777554750442504883e-01 0.000000000000000000e+00
7.327798753976821899e-01 0.000000000000000000e+00 7.327798753976821899e-01 0.000000000000000000e+00
7.878042012453079224e-01 0.000000000000000000e+00 7.878042012453079224e-01 0.000000000000000000e+00
8.428285270929336548e-01 0.000000000000000000e+00 8.428285270929336548e-01 0.000000000000000000e+00
8.978528529405593872e-01 0.000000000000000000e+00 8.978528529405593872e-01 0.000000000000000000e+00
9.528771787881851196e-01 0.000000000000000000e+00 9.528771787881851196e-01 0.000000000000000000e+00
1.007901504635810852e+00 0.000000000000000000e+00 1.007901504635810852e+00 0.000000000000000000e+00
1.062925830483436584e+00 0.000000000000000000e+00 1.062925830483436584e+00 0.000000000000000000e+00
1.117950156331062317e+00 0.000000000000000000e+00 1.117950156331062317e+00 0.000000000000000000e+00
1.172974482178688049e+00 0.000000000000000000e+00 1.172974482178688049e+00 0.000000000000000000e+00
1.227998882532119751e+00 0.000000000000000000e+00 1.227998882532119751e+00 0.000000000000000000e+00
1.283023208379745483e+00 0.000000000000000000e+00 1.283023208379745483e+00 0.000000000000000000e+00
1.338047534227371216e+00 0.000000000000000000e+00 1.338047534227371216e+00 0.000000000000000000e+00
1.393072009086608887e+00 0.000000000000000000e+00 1.393072009086608887e+00 0.000000000000000000e+00
1.448096334934234619e+00 0.000000000000000000e+00 1.448096334934234619e+00 0.000000000000000000e+00
1.503120660781860352e+00 0.000000000000000000e+00 1.503120660781860352e+00 0.000000000000000000e+00
1.558144986629486084e+00 0.000000000000000000e+00 1.558144986629486084e+00 0.000000000000000000e+00
1.613169312477111816e+00 0.000000000000000000e+00 1.613169312477111816e+00 0.000000000000000000e+00
1.668193638324737549e+00 0.000000000000000000e+00 1.668193638324737549e+00 0.000000000000000000e+00
1.723217964172363281e+00 0.000000000000000000e+00 1.723217964172363281e+00 0.000000000000000000e+00
1.778242290019989014e+00 0.000000000000000000e+00 1.778242290019989014e+00 0.000000000000000000e+00
1.833266615867614746e+00 0.000000000000000000e+00 1.833266615867614746e+00 0.000000000000000000e+00
1.888290941715240479e+00 0.000000000000000000e+00 1.888290941715240479e+00 0.000000000000000000e+00
1.943315267562866211e+00 0.000000000000000000e+00 1.943315267562866211e+00 0.000000000000000000e+00
1.998339593410491943e+00 0.000000000000000000e+00 1.998339593410491943e+00 0.000000000000000000e+00
2.053363919258117676e+00 0.000000000000000000e+00 2.053363919258117676e+00 0.000000000000000000e+00
2.108388245105743408e+00 0.000000000000000000e+00 2.108388245105743408e+00 0.000000000000000000e+00
2.163412570953369141e+00 0.000000000000000000e+00 2.163412570953369141e+00 0.000000000000000000e+00
2.218436896800994873e+00 0.000000000000000000e+00 2.218436896800994873e+00 0.000000000000000000e+00
2.273461222648620605e+00 0.000000000000000000e+00 2.273461222648620605e+00 0.000000000000000000e+00
2.328485548496246338e+00 0.000000000000000000e+00 2.328485548496246338e+00 0.000000000000000000e+00
2.383510023355484009e+00 0.000000000000000000e+00 2.383510023355484009e+00 0.000000000000000000e+00
2.438534349203109741e+00 0.000000000000000000e+00 2.438534349203109741e+00 0.000000000000000000e+00
2.493558675050735474e+00 0.000000000000000000e+00 2.493558675050735474e+00 0.000000000000000000e+00
2.548583149909973145e+00 0.000000000000000000e+00 2.548583149909973145e+00 0.000000000000000000e+00
2.603607177734375000e+00 0.000000000000000000e+00 2.603607177734375000e+00 0.000000000000000000e+00
2.658631205558776855e+00 0.000000000000000000e+00 2.658631205558776855e+00 0.000000000000000000e+00
2.713655829429626465e+00 0.000000000000000000e+00 2.713655829429626465e+00 0.000000000000000000e+00
2.768680453300476074e+00 0.000000000000000000e+00 2.768680453300476074e+00 0.000000000000000000e+00
2.823704481124877930e+00 0.000000000000000000e+00 2.823704481124877930e+00 0.000000000000000000e+00
2.878729104995727539e+00 0.000000000000000000e+00 2.878729104995727539e+00 0.000000000000000000e+00
2.933753132820129395e+00 0.000000000000000000e+00 2.933753132820129395e+00 0.000000000000000000e+00
2.988777756690979004e+00 0.000000000000000000e+00 2.988777756690979004e+00 0.000000000000000000e+00
3.043801784515380859e+00 0.000000000000000000e+00 3.043801784515380859e+00 0.000000000000000000e+00
3.098826408386230469e+00 0.000000000000000000e+00 3.098826408386230469e+00 0.000000000000000000e+00
3.153850436210632324e+00 0.000000000000000000e+00 3.153850436210632324e+00 0.000000000000000000e+00
3.208875060081481934e+00 0.000000000000000000e+00 3.208875060081481934e+00 0.000000000000000000e+00
3.263899087905883789e+00 0.000000000000000000e+00 3.263899087905883789e+00 0.000000000000000000e+00
3.318923711776733398e+00 0.000000000000000000e+00 3.318923711776733398e+00 0.000000000000000000e+00
3.373947739601135254e+00 0.000000000000000000e+00 3.373947739601135254e+00 0.000000000000000000e+00
3.428972363471984863e+00 0.000000000000000000e+00 3.428972363471984863e+00 0.000000000000000000e+00
3.483996391296386719e+00 0.000000000000000000e+00 3.483996391296386719e+00 0.000000000000000000e+00
3.539021015167236328e+00 0.000000000000000000e+00 3.539021015167236328e+00 0.000000000000000000e+00
3.594045042991638184e+00 0.000000000000000000e+00 3.594045042991638184e+00 0.000000000000000000e+00
3.649069666862487793e+00 0.000000000000000000e+00 3.649069666862487793e+00 0.000000000000000000e+00
3.704093694686889648e+00 0.000000000000000000e+00 3.704093694686889648e+00 0.000000000000000000e+00
3.759118318557739258e+00 0.000000000000000000e+00 3.759118318557739258e+00 0.000000000000000000e+00
3.814142346382141113e+00 0.000000000000000000e+00 3.814142346382141113e+00 0.000000000000000000e+00
3.869166970252990723e+00 0.000000000000000000e+00 3.869166970252990723e+00 0.000000000000000000e+00
3.924190998077392578e+00 0.000000000000000000e+00 3.924190998077392578e+00 0.000000000000000000e+00
3.979215621948242188e+00 0.000000000000000000e+00 3.979215621948242188e+00 0.000000000000000000e+00
4.034239649772644043e+00 0.000000000000000000e+00 4.034239649772644043e+00 0.000000000000000000e+00
4.089264273643493652e+00 0.000000000000000000e+00 4.089264273643493652e+00 0.000000000000000000e+00
4.144288301467895508e+00 0.000000000000000000e+00 4.144288301467895508e+00 0.000000000000000000e+00
4.199312925338745117e+00 0.000000000000000000e+00 4.199312925338745117e+00 0.000000000000000000e+00
4.254336953163146973e+00 0.000000000000000000e+00 4.254336953163146973e+00 0.000000000000000000e+00
4.309361577033996582e+00 0.000000000000000000e+00 4.309361577033996582e+00 0.000000000000000000e+00
4.364385604858398438e+00 0.000000000000000000e+00 4.364385604858398438e+00 0.000000000000000000e+00
4.419410228729248047e+00 1.869492116384208202e-03 4.419410228729248047e+00 7.298036507563665509e-05
4.474434256553649902e+00 4.319520201534032822e-03 4.474434256553649902e+00 2.458285889588296413e-04
4.529458880424499512e+00 9.460736997425556183e-03 4.529458880424499512e+00 6.337768281809985638e-04
4.584483504295349121e+00 1.622993126511573792e-02 4.584483504295349121e+00 1.315567060373723507e-03
4.639507532119750977e+00 2.513239346444606781e-02 4.639507532119750977e+00 2.396828727796673775e-03
4.694532155990600586e+00 2.607265114784240723e-02 4.694532155990600586e+00 3.545309184119105339e-03
4.749556183815002441e+00 3.573762997984886169e-02 4.749556183815002441e+00 5.156639032065868378e-03
4.804580807685852051e+00 5.482066795229911804e-02 4.804580807685852051e+00 7.685984484851360321e-03
4.859604835510253906e+00 6.021839007735252380e-02 4.859604835510253906e+00 1.052837725728750229e-02
4.914629459381103516e+00 6.150313094258308411e-02 4.914629459381103516e+00 1.349752582609653473e-02
4.969653487205505371e+00 8.073019981384277344e-02 4.969653487205505371e+00 1.748263835906982422e-02
5.024678111076354980e+00 1.056503653526306152e-01 5.024678111076354980e+00 2.281404659152030945e-02
5.079702138900756836e+00 1.307079493999481201e-01 5.079702138900756836e+00 2.955512702465057373e-02
5.134726762771606445e+00 1.604305952787399292e-01 5.134726762771606445e+00 3.800932690501213074e-02
5.189750790596008301e+00 2.056001871824264526e-01 5.189750790596008301e+00 4.907737672328948975e-02
5.244774818420410156e+00 2.626868784427642822e-01 5.244774818420410156e+00 6.351980566978454590e-02
5.299799442291259766e+00 3.201332092285156250e-01 5.299799442291259766e+00 8.149217814207077026e-02
5.354824066162109375e+00 3.662676811218261719e-01 5.354824066162109375e+00 1.024836376309394836e-01
5.409848690032958984e+00 4.266238808631896973e-01 5.409848690032958984e+00 1.274390816688537598e-01
5.464872717857360840e+00 4.762750267982482910e-01 5.464872717857360840e+00 1.558687686920166016e-01
5.519896745681762695e+00 5.399966835975646973e-01 5.519896745681762695e+00 1.887541115283966064e-01
5.574921369552612305e+00 5.617839694023132324e-01 5.574921369552612305e+00 2.236521691083908081e-01
5.629945993423461914e+00 5.950627326965332031e-01 5.629945993423461914e+00 2.613503634929656982e-01
5.684970021247863770e+00 6.149890422821044922e-01 5.684970021247863770e+00 3.010766506195068359e-01
5.739994049072265625e+00 6.610652208328247070e-01 5.739994049072265625e+00 3.446094393730163574e-01
5.795018672943115234e+00 7.140303254127502441e-01 5.795018672943115234e+00 3.925364017486572266e-01
5.850043296813964844e+00 7.750723361968994141e-01 5.850043296813964844e+00 4.455527961254119873e-01
5.905067324638366699e+00 7.881911993026733398e-01 5.905067324638366699e+00 5.004858970642089844e-01
5.960091352462768555e+00 7.818248271942138672e-01 5.960091352462768555e+00 5.559951663017272949e-01
6.015115976333618164e+00 8.205102682113647461e-01 6.015115976333618164e+00 6.153320670127868652e-01
6.070140600204467773e+00 8.649590015411376953e-01 6.070140600204467773e+00 6.790323853492736816e-01
6.125164628028869629e+00 9.150680899620056152e-01 6.125164628028869629e+00 7.476512193679809570e-01
6.180188655853271484e+00 9.415639042854309082e-01 6.180188655853271484e+00 8.195301294326782227e-01
6.235213279724121094e+00 9.710279703140258789e-01 6.235213279724121094e+00 8.949850797653198242e-01
6.290237903594970703e+00 1.010208964347839355e+00 6.290237903594970703e+00 9.748755097389221191e-01
6.345261931419372559e+00 1.033916234970092773e+00 6.345261931419372559e+00 1.058077931404113770e+00
6.400285959243774414e+00 1.078407049179077148e+00 6.400285959243774414e+00 1.146371722221374512e+00
6.455310583114624023e+00 1.108775854110717773e+00 6.455310583114624023e+00 1.238720655441284180e+00
6.510335206985473633e+00 1.139910101890563965e+00 6.510335206985473633e+00 1.335287094116210938e+00
6.565359234809875488e+00 1.190938711166381836e+00 6.565359234809875488e+00 1.437889814376831055e+00
6.620383262634277344e+00 1.249411463737487793e+00 6.620383262634277344e+00 1.547341108322143555e+00
6.675407886505126953e+00 1.285752415657043457e+00 6.675407886505126953e+00 1.661856889724731445e+00
6.730432510375976562e+00 1.355427503585815430e+00 6.730432510375976562e+00 1.784575343132019043e+00
6.785456538200378418e+00 1.408268809318542480e+00 6.785456538200378418e+00 1.914173126220703125e+00
6.840480566024780273e+00 1.457126259803771973e+00 6.840480566024780273e+00 2.050448656082153320e+00
6.895505189895629883e+00 1.500233054161071777e+00 6.895505189895629883e+00 2.193024396896362305e+00
6.950529813766479492e+00 1.521951079368591309e+00 6.950529813766479492e+00 2.339978933334350586e+00
7.005553841590881348e+00 1.583034515380859375e+00 7.005553841590881348e+00 2.495263814926147461e+00
7.060577869415283203e+00 1.602504014968872070e+00 7.060577869415283203e+00 2.654935359954833984e+00
7.115602493286132812e+00 1.618940353393554688e+00 7.115602493286132812e+00 2.818770408630371094e+00
7.170627117156982422e+00 1.606716632843017578e+00 7.170627117156982422e+00 2.983892440795898438e+00
7.225651741027832031e+00 1.572496414184570312e+00 7.225651741027832031e+00 3.147986888885498047e+00
7.280675768852233887e+00 1.573176383972167969e+00 7.280675768852233887e+00 3.314662456512451172e+00
7.335699796676635742e+00 1.576082825660705566e+00 7.335699796676635742e+00 3.484178543090820312e+00
7.390724420547485352e+00 1.544173955917358398e+00 7.390724420547485352e+00 3.652765035629272461e+00
7.445749044418334961e+00 1.501548290252685547e+00 7.445749044418334961e+00 3.819145917892456055e+00
7.500773072242736816e+00 1.450713634490966797e+00 7.500773072242736816e+00 3.982280969619750977e+00
7.555797100067138672e+00 1.450600743293762207e+00 7.555797100067138672e+00 4.147802352905273438e+00
7.610821723937988281e+00 1.430402159690856934e+00 7.610821723937988281e+00 4.313408374786376953e+00
7.665846347808837891e+00 1.432736873626708984e+00 7.665846347808837891e+00 4.481688499450683594e+00
7.720870375633239746e+00 1.381839513778686523e+00 7.720870375633239746e+00 4.646331310272216797e+00
7.775894403457641602e+00 1.366993427276611328e+00 7.775894403457641602e+00 4.811532974243164062e+00
7.830919027328491211e+00 1.368500232696533203e+00 7.830919027328491211e+00 4.979267597198486328e+00
7.885943651199340820e+00 1.347685694694519043e+00 7.885943651199340820e+00 5.146778583526611328e+00
7.940967679023742676e+00 1.360370874404907227e+00 7.940967679023742676e+00 5.318236351013183594e+00
7.995991706848144531e+00 1.391760230064392090e+00 7.995991706848144531e+00 5.496087551116943359e+00
8.051016330718994141e+00 1.356222748756408691e+00 8.051016330718994141e+00 5.671793460845947266e+00
8.106040954589843750e+00 1.329794764518737793e+00 8.106040954589843750e+00 5.846434593200683594e+00
8.161064982414245605e+00 1.313755273818969727e+00 8.161064982414245605e+00 6.021323204040527344e+00
8.216089010238647461e+00 1.332954287528991699e+00 8.216089010238647461e+00 6.201166152954101562e+00
8.271113634109497070e+00 1.306495904922485352e+00 8.271113634109497070e+00 6.379810333251953125e+00
8.326138257980346680e+00 1.296430945396423340e+00 8.326138257980346680e+00 6.559442043304443359e+00
