# distance (\AA)	RDF	distance (\AA)	cdf
1.256553269922733307e-01 0.000000000000000000e+00 1.256553269922733307e-01 0.000000000000000000e+00
1.769660040736198425e-01 0.000000000000000000e+00 1.769660040736198425e-01 0.000000000000000000e+00
2.282766625285148621e-01 0.000000000000000000e+00 2.282766625285148621e-01 0.000000000000000000e+00
2.795873209834098816e-01 0.000000000000000000e+00 2.795873209834098816e-01 0.000000000000000000e+00
3.308980166912078857e-01 0.000000000000000000e+00 3.308980166912078857e-01 0.000000000000000000e+00
3.822086751461029053e-01 0.000000000000000000e+00 3.822086751461029053e-01 0.000000000000000000e+00
4.335193336009979248e-01 0.000000000000000000e+00 4.335193336009979248e-01 0.000000000000000000e+00
4.848299920558929443e-01 0.000000000000000000e+00 4.848299920558929443e-01 0.000000000000000000e+00
5.361406505107879639e-01 0.000000000000000000e+00 5.361406505107879639e-01 0.000000000000000000e+00
5.874513089656829834e-01 0.000000000000000000e+00 5.874513089656829834e-01 0.000000000000000000e+00
6.387619674205780029e-01 0.000000000000000000e+00 6.387619674205780029e-01 0.000000000000000000e+00
6.900727003812789917e-01 0.000000000000000000e+00 6.900727003812789917e-01 0.000000000000000000e+00
7.413833588361740112e-01 0.000000000000000000e+00 7.413833588361740112e-01 0.000000000000000000e+00
7.926940172910690308e-01 0.000000000000000000e+00 7.926940172910690308e-01 0.000000000000000000e+00
8.440046757459640503e-01 0.000000000000000000e+00 8.440046757459640503e-01 0.000000000000000000e+00
8.953153342008590698e-01 0.000000000000000000e+00 8.953153342008590698e-01 0.000000000000000000e+00
9.466259926557540894e-01 0.000000000000000000e+00 9.466259926557540894e-01 0.000000000000000000e+00
9.979366511106491089e-01 0.000000000000000000e+00 9.979366511106491089e-01 0.000000000000000000e+00
1.049247309565544128e+00 0.000000000000000000e+00 1.049247309565544128e+00 0.000000000000000000e+00
1.100557968020439148e+00 0.000000000000000000e+00 1.100557968020439148e+00 0.000000000000000000e+00
1.151868700981140137e+00 0.000000000000000000e+00 1.151868700981140137e+00 0.000000000000000000e+00
1.203179359436035156e+00 0.000000000000000000e+00 1.203179359436035156e+00 0.000000000000000000e+00
1.254490017890930176e+00 0.000000000000000000e+00 1.254490017890930176e+00 0.000000000000000000e+00
1.305800676345825195e+00 0.000000000000000000e+00 1.305800676345825195e+00 0.000000000000000000e+00
1.357111334800720215e+00 0.000000000000000000e+00 1.357111334800720215e+00 0.000000000000000000e+00
1.408422142267227173e+00 0.000000000000000000e+00 1.408422142267227173e+00 0.000000000000000000e+00
1.459732800722122192e+00 0.000000000000000000e+00 1.459732800722122192e+00 0.000000000000000000e+00
1.511043459177017212e+00 0.000000000000000000e+00 1.511043459177017212e+00 0.000000000000000000e+00
1.562354117631912231e+00 0.000000000000000000e+00 1.562354117631912231e+00 0.000000000000000000e+00
1.613664776086807251e+00 0.000000000000000000e+00 1.613664776086807251e+00 0.000000000000000000e+00
1.664975434541702271e+00 0.000000000000000000e+00 1.664975434541702271e+00 0.000000000000000000e+00
1.716286092996597290e+00 0.000000000000000000e+00 1.716286092996597290e+00 0.000000000000000000e+00
1.767596751451492310e+00 0.000000000000000000e+00 1.767596751451492310e+00 0.000000000000000000e+00
1.818907409906387329e+00 0.000000000000000000e+00 1.818907409906387329e+00 0.000000000000000000e+00
1.870218068361282349e+00 0.000000000000000000e+00 1.870218068361282349e+00 0.000000000000000000e+00
1.921528726816177368e+00 0.000000000000000000e+00 1.921528726816177368e+00 0.000000000000000000e+00
1.972839385271072388e+00 0.000000000000000000e+00 1.972839385271072388e+00 0.000000000000000000e+00
2.024150043725967407e+00 0.000000000000000000e+00 2.024150043725967407e+00 0.000000000000000000e+00
2.075460702180862427e+00 0.000000000000000000e+00 2.075460702180862427e+00 0.000000000000000000e+00
2.126771360635757446e+00 0.000000000000000000e+00 2.126771360635757446e+00 0.000000000000000000e+00
2.178082168102264404e+00 0.000000000000000000e+00 2.178082168102264404e+00 0.000000000000000000e+00
2.229392826557159424e+00 0.000000000000000000e+00 2.229392826557159424e+00 0.000000000000000000e+00
2.280703485012054443e+00 0.000000000000000000e+00 2.280703485012054443e+00 0.000000000000000000e+00
2.332014143466949463e+00 0.000000000000000000e+00 2.332014143466949463e+00 0.000000000000000000e+00
2.383324801921844482e+00 0.000000000000000000e+00 2.383324801921844482e+00 0.000000000000000000e+00
2.434635460376739502e+00 0.000000000000000000e+00 2.434635460376739502e+00 0.000000000000000000e+00
2.485946118831634521e+00 0.000000000000000000e+00 2.485946118831634521e+00 0.000000000000000000e+00
2.537256777286529541e+00 0.000000000000000000e+00 2.537256777286529541e+00 0.000000000000000000e+00
2.588567435741424561e+00 0.000000000000000000e+00 2.588567435741424561e+00 0.000000000000000000e+00
2.639878094196319580e+00 0.000000000000000000e+00 2.639878094196319580e+00 0.000000000000000000e+00
2.691188752651214600e+00 0.000000000000000000e+00 2.691188752651214600e+00 0.000000000000000000e+00
2.742499411106109619e+00 0.000000000000000000e+00 2.742499411106109619e+00 0.000000000000000000e+00
2.793810069561004639e+00 0.000000000000000000e+00 2.793810069561004639e+00 0.000000000000000000e+00
2.845120728015899658e+00 0.000000000000000000e+00 2.845120728015899658e+00 0.000000000000000000e+00
2.896431386470794678e+00 0.000000000000000000e+00 2.896431386470794678e+00 0.000000000000000000e+00
2.947742044925689697e+00 0.000000000000000000e+00 2.947742044925689697e+00 0.000000000000000000e+00
2.999052703380584717e+00 0.000000000000000000e+00 2.999052703380584717e+00 0.000000000000000000e+00
3.050363361835479736e+00 0.000000000000000000e+00 3.050363361835479736e+00 0.000000000000000000e+00
3.101674020290374756e+00 0.000000000000000000e+00 3.101674020290374756e+00 0.000000000000000000e+00
3.152984678745269775e+00 0.000000000000000000e+00 3.152984678745269775e+00 0.000000000000000000e+00
3.204295337200164795e+00 0.000000000000000000e+00 3.204295337200164795e+00 0.000000000000000000e+00
3.255605995655059814e+00 0.000000000000000000e+00 3.255605995655059814e+00 0.000000000000000000e+00
3.306916654109954834e+00 0.000000000000000000e+00 3.306916654109954834e+00 0.000000000000000000e+00
3.358227312564849854e+00 0.000000000000000000e+00 3.358227312564849854e+00 0.000000000000000000e+00
3.409537971019744873e+00 0.000000000000000000e+00 3.409537971019744873e+00 0.000000000000000000e+00
3.460848629474639893e+00 7.456188905052840710e-04 3.460848629474639893e+00 2.631302049849182367e-05
3.512159287929534912e+00 1.206658896990120411e-03 3.512159287929534912e+00 7.016805466264486313e-05
3.563469946384429932e+00 3.907190635800361633e-03 3.563469946384429932e+00 2.163515018764883280e-04
3.614780604839324951e+00 1.306188479065895081e-02 3.614780604839324951e+00 7.192225893959403038e-04
3.666091263294219971e+00 2.584061771631240845e-02 3.666091263294219971e+00 1.742506748996675014e-03
3.717401921749114990e+00 5.019264668226242065e-02 3.717401921749114990e+00 3.786151297390460968e-03
3.768712580204010010e+00 9.194143116474151611e-02 3.768712580204010010e+00 7.633699569851160049e-03
3.820023238658905029e+00 1.586446762084960938e-01 3.820023238658905029e+00 1.445461902767419815e-02
3.871333897113800049e+00 2.466304451227188110e-01 3.871333897113800049e+00 2.534528449177742004e-02
3.922644555568695068e+00 3.536567091941833496e-01 3.922644555568695068e+00 4.137868434190750122e-02
3.973955214023590088e+00 4.669852852821350098e-01 3.973955214023590088e+00 6.310739368200302124e-02
4.025265872478485107e+00 6.230192184448242188e-01 4.025265872478485107e+00 9.284988045692443848e-02
4.076576530933380127e+00 7.701474428176879883e-01 4.076576530933380127e+00 1.305593550205230713e-01
4.127887189388275146e+00 9.170928001403808594e-01 4.127887189388275146e+00 1.766012907028198242e-01
4.179197847843170166e+00 1.049812912940979004e+00 4.179197847843170166e+00 2.306248545646667480e-01
4.230508804321289062e+00 1.170647382736206055e+00 4.230508804321289062e+00 2.923552095890045166e-01
4.281819462776184082e+00 1.265788078308105469e+00 4.281819462776184082e+00 3.607310652732849121e-01
4.333130121231079102e+00 1.345124721527099609e+00 4.333130121231079102e+00 4.351443052291870117e-01
4.384440779685974121e+00 1.447515130043029785e+00 4.384440779685974121e+00 5.171298384666442871e-01
4.435751438140869141e+00 1.488713979721069336e+00 4.435751438140869141e+00 6.034336090087890625e-01
4.487062096595764160e+00 1.550697565078735352e+00 4.487062096595764160e+00 6.954224705696105957e-01
4.538372755050659180e+00 1.576820135116577148e+00 4.538372755050659180e+00 7.911126613616943359e-01
4.589683413505554199e+00 1.622201323509216309e+00 4.589683413505554199e+00 8.917950391769409180e-01
4.640994071960449219e+00 1.635454654693603516e+00 4.640994071960449219e+00 9.955823421478271484e-01
4.692304730415344238e+00 1.642019033432006836e+00 4.692304730415344238e+00 1.102103233337402344e+00
4.743615388870239258e+00 1.666045546531677246e+00 4.743615388870239258e+00 1.212559461593627930e+00
4.794926047325134277e+00 1.704645156860351562e+00 4.794926047325134277e+00 1.328032732009887695e+00
4.846236705780029297e+00 1.731480956077575684e+00 4.846236705780029297e+00 1.447847604751586914e+00
4.897547364234924316e+00 1.774533033370971680e+00 4.897547364234924316e+00 1.573255419731140137e+00
4.948858022689819336e+00 1.866442799568176270e+00 4.948858022689819336e+00 1.707937121391296387e+00
5.000168681144714355e+00 1.987357497215270996e+00 5.000168681144714355e+00 1.854333996772766113e+00
5.051479339599609375e+00 2.102640151977539062e+00 5.051479339599609375e+00 2.012416839599609375e+00
5.102790594100952148e+00 2.132778406143188477e+00 5.102790594100952148e+00 2.176039934158325195e+00
5.154100656509399414e+00 2.084404230117797852e+00 5.154100656509399414e+00 2.339183568954467773e+00
5.205411911010742188e+00 1.911817073822021484e+00 5.205411911010742188e+00 2.491813659667968750e+00
5.256721973419189453e+00 1.643635272979736328e+00 5.256721973419189453e+00 2.625633001327514648e+00
5.308033227920532227e+00 1.392808198928833008e+00 5.308033227920532227e+00 2.741255283355712891e+00
5.359343290328979492e+00 1.173938989639282227e+00 5.359343290328979492e+00 2.840601444244384766e+00
5.410654544830322266e+00 1.050568461418151855e+00 5.410654544830322266e+00 2.931217670440673828e+00
5.461964607238769531e+00 9.708122611045837402e-01 5.461964607238769531e+00 3.016550779342651367e+00
5.513275861740112305e+00 9.241023659706115723e-01 5.513275861740112305e+00 3.099311113357543945e+00
5.564585924148559570e+00 9.090291261672973633e-01 5.564585924148559570e+00 3.182243824005126953e+00
5.615897178649902344e+00 8.981608152389526367e-01 5.615897178649902344e+00 3.265702962875366211e+00
5.667207241058349609e+00 8.767737746238708496e-01 5.667207241058349609e+00 3.348670959472656250e+00
5.718518495559692383e+00 8.717941641807556152e-01 5.718518495559692383e+00 3.432667970657348633e+00
5.769828557968139648e+00 8.725737333297729492e-01 5.769828557968139648e+00 3.518255472183227539e+00
5.821139812469482422e+00 8.639644384384155273e-01 5.821139812469482422e+00 3.604512453079223633e+00
5.872449874877929688e+00 8.706578612327575684e-01 5.872449874877929688e+00 3.692976713180541992e+00
5.923761129379272461e+00 8.616907596588134766e-01 5.923761129379272461e+00 3.782066822052001953e+00
5.975071191787719727e+00 8.716664910316467285e-01 5.975071191787719727e+00 3.873755931854248047e+00
6.026382446289062500e+00 8.642349839210510254e-01 6.026382446289062500e+00 3.966231584548950195e+00
6.077692508697509766e+00 8.782330155372619629e-01 6.077692508697509766e+00 4.061812400817871094e+00
6.129003763198852539e+00 8.586505055427551270e-01 6.129003763198852539e+00 4.156846046447753906e+00
6.180313825607299805e+00 8.545332551002502441e-01 6.180313825607299805e+00 4.253014087677001953e+00
6.231625080108642578e+00 8.583784103393554688e-01 6.231625080108642578e+00 4.351225852966308594e+00
6.282935142517089844e+00 8.449189662933349609e-01 6.282935142517089844e+00 4.449496269226074219e+00
6.334246397018432617e+00 8.352919816970825195e-01 6.334246397018432617e+00 4.548240184783935547e+00
6.385556459426879883e+00 8.194440007209777832e-01 6.385556459426879883e+00 4.646686077117919922e+00
6.436867713928222656e+00 8.246547579765319824e-01 6.436867713928222656e+00 4.747356891632080078e+00
6.488177776336669922e+00 8.014070987701416016e-01 6.488177776336669922e+00 4.846755981445312500e+00
6.539489030838012695e+00 7.984659075736999512e-01 6.539489030838012695e+00 4.947362422943115234e+00
6.590799093246459961e+00 7.836142778396606445e-01 6.590799093246459961e+00 5.047653198242187500e+00
6.642110347747802734e+00 7.733986973762512207e-01 6.642110347747802734e+00 5.148183345794677734e+00
6.693420410156250000e+00 7.571323513984680176e-01 6.693420410156250000e+00 5.248126029968261719e+00
6.744731664657592773e+00 7.585089802742004395e-01 6.744731664657592773e+00 5.349790573120117188e+00
6.796041727066040039e+00 7.614247798919677734e-01 6.796041727066040039e+00 5.453405380249023438e+00
6.847352981567382812e+00 7.518153190612792969e-01 6.847352981567382812e+00 5.557262897491455078e+00
6.898663043975830078e+00 7.427376508712768555e-01 6.898663043975830078e+00 5.661409854888916016e+00
6.949974298477172852e+00 7.458607554435729980e-01 6.949974298477172852e+00 5.767556667327880859e+00
7.001284360885620117e+00 7.427432537078857422e-01 7.001284360885620117e+00 5.874825954437255859e+00
7.052595615386962891e+00 7.466403245925903320e-01 7.052595615386962891e+00 5.984244346618652344e+00
7.103905677795410156e+00 7.543342113494873047e-01 7.103905677795410156e+00 6.096405029296875000e+00
7.155216932296752930e+00 7.581616044044494629e-01 7.155216932296752930e+00 6.210768699645996094e+00
7.206526994705200195e+00 7.626872062683105469e-01 7.206526994705200195e+00 6.327471256256103516e+00
7.257838249206542969e+00 7.724881768226623535e-01 7.257838249206542969e+00 6.447361946105957031e+00
7.309148311614990234e+00 7.816439867019653320e-01 7.309148311614990234e+00 6.570395946502685547e+00
7.360459566116333008e+00 7.860776782035827637e-01 7.360459566116333008e+00 6.695870876312255859e+00
7.411769628524780273e+00 7.997827529907226562e-01 7.411769628524780273e+00 6.825319290161132812e+00
7.463080883026123047e+00 8.064587712287902832e-01 7.463080883026123047e+00 6.957662105560302734e+00
7.514390945434570312e+00 8.211561441421508789e-01 7.514390945434570312e+00 7.094276428222656250e+00
7.565702199935913086e+00 8.296180963516235352e-01 7.565702199935913086e+00 7.234188556671142578e+00
7.617012262344360352e+00 8.381752967834472656e-01 7.617012262344360352e+00 7.377468585968017578e+00
7.668323516845703125e+00 8.460142612457275391e-01 7.668323516845703125e+00 7.524044036865234375e+00
7.719633579254150391e+00 8.558031916618347168e-01 7.719633579254150391e+00 7.674305915832519531e+00
7.770944833755493164e+00 8.692734241485595703e-01 7.770944833755493164e+00 7.828968048095703125e+00
