# distance (\AA)	RDF	distance (\AA)	cdf
1.256553269922733307e-01 0.000000000000000000e+00 1.256553269922733307e-01 0.000000000000000000e+00
1.769660040736198425e-01 0.000000000000000000e+00 1.769660040736198425e-01 0.000000000000000000e+00
2.282766625285148621e-01 0.000000000000000000e+00 2.282766625285148621e-01 0.000000000000000000e+00
2.795873209834098816e-01 0.000000000000000000e+00 2.795873209834098816e-01 0.000000000000000000e+00
3.308980166912078857e-01 0.000000000000000000e+00 3.308980166912078857e-01 0.000000000000000000e+00
3.822086751461029053e-01 0.000000000000000000e+00 3.822086751461029053e-01 0.000000000000000000e+00
4.335193336009979248e-01 0.000000000000000000e+00 4.335193336009979248e-01 0.000000000000000000e+00
4.848299920558929443e-01 0.000000000000000000e+00 4.848299920558929443e-01 0.000000000000000000e+00
5.361406505107879639e-01 0.000000000000000000e+00 5.361406505107879639e-01 0.000000000000000000e+00
5.874513089656829834e-01 0.000000000000000000e+00 5.874513089656829834e-01 0.000000000000000000e+00
6.387619674205780029e-01 0.000000000000000000e+00 6.387619674205780029e-01 0.000000000000000000e+00
6.900727003812789917e-01 0.000000000000000000e+00 6.900727003812789917e-01 0.000000000000000000e+00
7.413833588361740112e-01 0.000000000000000000e+00 7.413833588361740112e-01 0.000000000000000000e+00
7.926940172910690308e-01 0.000000000000000000e+00 7.926940172910690308e-01 0.000000000000000000e+00
8.440046757459640503e-01 0.000000000000000000e+00 8.440046757459640503e-01 0.000000000000000000e+00
8.953153342008590698e-01 0.000000000000000000e+00 8.953153342008590698e-01 0.000000000000000000e+00
9.466259926557540894e-01 0.000000000000000000e+00 9.466259926557540894e-01 0.000000000000000000e+00
9.979366511106491089e-01 0.000000000000000000e+00 9.979366511106491089e-01 0.000000000000000000e+00
1.049247309565544128e+00 0.000000000000000000e+00 1.049247309565544128e+00 0.000000000000000000e+00
1.100557968020439148e+00 0.000000000000000000e+00 1.100557968020439148e+00 0.000000000000000000e+00
1.151868700981140137e+00 0.000000000000000000e+00 1.151868700981140137e+00 0.000000000000000000e+00
1.203179359436035156e+00 0.000000000000000000e+00 1.203179359436035156e+00 0.000000000000000000e+00
1.254490017890930176e+00 0.000000000000000000e+00 1.254490017890930176e+00 0.000000000000000000e+00
1.305800676345825195e+00 0.000000000000000000e+00 1.305800676345825195e+00 0.000000000000000000e+00
1.357111334800720215e+00 0.000000000000000000e+00 1.357111334800720215e+00 0.000000000000000000e+00
1.408422142267227173e+00 0.000000000000000000e+00 1.408422142267227173e+00 0.000000000000000000e+00
1.459732800722122192e+00 0.000000000000000000e+00 1.459732800722122192e+00 0.000000000000000000e+00
1.511043459177017212e+00 0.000000000000000000e+00 1.511043459177017212e+00 0.000000000000000000e+00
1.562354117631912231e+00 0.000000000000000000e+00 1.562354117631912231e+00 0.000000000000000000e+00
1.613664776086807251e+00 0.000000000000000000e+00 1.613664776086807251e+00 0.000000000000000000e+00
1.664975434541702271e+00 0.000000000000000000e+00 1.664975434541702271e+00 0.000000000000000000e+00
1.716286092996597290e+00 0.000000000000000000e+00 1.716286092996597290e+00 0.000000000000000000e+00
1.767596751451492310e+00 3.429854987189173698e-04 1.767596751451492310e+00 8.771006832830607891e-06
1.818907409906387329e+00 3.832918405532836914e-02 1.818907409906387329e+00 1.046673394739627838e-03
1.870218068361282349e+00 7.912776470184326172e-01 1.870218068361282349e+00 2.369926124811172485e-02
1.921528726816177368e+00 4.972343444824218750e+00 1.921528726816177368e+00 1.739641427993774414e-01
1.972839385271072388e+00 1.296112155914306641e+01 1.972839385271072388e+00 5.868476033210754395e-01
2.024150043725967407e+00 1.904367065429687500e+01 2.024150043725967407e+00 1.225458741188049316e+00
2.075460702180862427e+00 1.887476730346679688e+01 2.075460702180862427e+00 1.890900373458862305e+00
2.126771360635757446e+00 1.471008014678955078e+01 2.126771360635757446e+00 2.435471773147583008e+00
2.178082168102264404e+00 9.970218658447265625e+00 2.178082168102264404e+00 2.822597742080688477e+00
2.229392826557159424e+00 6.187880992889404297e+00 2.229392826557159424e+00 3.074313879013061523e+00
2.280703485012054443e+00 3.765418291091918945e+00 2.280703485012054443e+00 3.234618663787841797e+00
2.332014143466949463e+00 2.289017677307128906e+00 2.332014143466949463e+00 3.336502790451049805e+00
2.383324801921844482e+00 1.452209949493408203e+00 2.383324801921844482e+00 3.404016256332397461e+00
2.434635460376739502e+00 9.465867280960083008e-01 2.434635460376739502e+00 3.449938297271728516e+00
2.485946118831634521e+00 6.456620097160339355e-01 2.485946118831634521e+00 3.482595682144165039e+00
2.537256777286529541e+00 4.738772213459014893e-01 2.537256777286529541e+00 3.507563829421997070e+00
2.588567435741424561e+00 3.609164655208587646e-01 2.588567435741424561e+00 3.527357101440429688e+00
2.639878094196319580e+00 2.915607690811157227e-01 2.639878094196319580e+00 3.543987035751342773e+00
2.691188752651214600e+00 2.515965402126312256e-01 2.691188752651214600e+00 3.558900594711303711e+00
2.742499411106109619e+00 2.227026224136352539e-01 2.742499411106109619e+00 3.572609663009643555e+00
2.793810069561004639e+00 2.073212563991546631e-01 2.793810069561004639e+00 3.585853815078735352e+00
2.845120728015899658e+00 2.061769813299179077e-01 2.845120728015899658e+00 3.599513292312622070e+00
2.896431386470794678e+00 2.059629112482070923e-01 2.896431386470794678e+00 3.613655090332031250e+00
2.947742044925689697e+00 2.081054002046585083e-01 2.947742044925689697e+00 3.628454685211181641e+00
2.999052703380584717e+00 2.205863744020462036e-01 2.999052703380584717e+00 3.644692659378051758e+00
3.050363361835479736e+00 2.440561801195144653e-01 3.050363361835479736e+00 3.663278341293334961e+00
3.101674020290374756e+00 2.651602327823638916e-01 3.101674020290374756e+00 3.684156179428100586e+00
3.152984678745269775e+00 2.903767824172973633e-01 3.152984678745269775e+00 3.707782268524169922e+00
3.204295337200164795e+00 3.265562653541564941e-01 3.204295337200164795e+00 3.735223770141601562e+00
3.255605995655059814e+00 3.695280849933624268e-01 3.255605995655059814e+00 3.767278909683227539e+00
3.306916654109954834e+00 4.151519536972045898e-01 3.306916654109954834e+00 3.804435729980468750e+00
3.358227312564849854e+00 4.706654250621795654e-01 3.358227312564849854e+00 3.847878456115722656e+00
3.409537971019744873e+00 5.239338278770446777e-01 3.409537971019744873e+00 3.897727012634277344e+00
3.460848629474639893e+00 5.911266803741455078e-01 3.460848629474639893e+00 3.955674171447753906e+00
3.512159287929534912e+00 6.622819900512695312e-01 3.512159287929534912e+00 4.022535324096679688e+00
3.563469946384429932e+00 7.176133990287780762e-01 3.563469946384429932e+00 4.097115039825439453e+00
3.614780604839324951e+00 7.756573557853698730e-01 3.614780604839324951e+00 4.180065155029296875e+00
3.666091263294219971e+00 8.621139526367187500e-01 3.666091263294219971e+00 4.274897098541259766e+00
3.717401921749114990e+00 9.200377464294433594e-01 3.717401921749114990e+00 4.378953456878662109e+00
3.768712580204010010e+00 9.909554719924926758e-01 3.768712580204010010e+00 4.494145870208740234e+00
3.820023238658905029e+00 1.052815914154052734e+00 3.820023238658905029e+00 4.619884014129638672e+00
3.871333897113800049e+00 1.112661600112915039e+00 3.871333897113800049e+00 4.756363868713378906e+00
3.922644555568695068e+00 1.149933815002441406e+00 3.922644555568695068e+00 4.901178836822509766e+00
3.973955214023590088e+00 1.198224544525146484e+00 3.973955214023590088e+00 5.056048393249511719e+00
4.025265872478485107e+00 1.236808180809020996e+00 4.025265872478485107e+00 5.220060348510742188e+00
4.076576530933380127e+00 1.273111462593078613e+00 4.076576530933380127e+00 5.393217563629150391e+00
4.127887189388275146e+00 1.290445327758789062e+00 4.127887189388275146e+00 5.573178291320800781e+00
4.179197847843170166e+00 1.325259685516357422e+00 4.179197847843170166e+00 5.762617588043212891e+00
4.230508804321289062e+00 1.339647889137268066e+00 4.230508804321289062e+00 5.958845615386962891e+00
4.281819462776184082e+00 1.342403292655944824e+00 4.281819462776184082e+00 6.160274505615234375e+00
4.333130121231079102e+00 1.350946664810180664e+00 4.333130121231079102e+00 6.367872714996337891e+00
4.384440779685974121e+00 1.348570942878723145e+00 4.384440779685974121e+00 6.580043315887451172e+00
4.435751438140869141e+00 1.330247402191162109e+00 4.435751438140869141e+00 6.794257640838623047e+00
4.487062096595764160e+00 1.321165561676025391e+00 4.487062096595764160e+00 7.011960029602050781e+00
4.538372755050659180e+00 1.292532563209533691e+00 4.538372755050659180e+00 7.229843616485595703e+00
4.589683413505554199e+00 1.250758409500122070e+00 4.589683413505554199e+00 7.445478916168212891e+00
4.640994071960449219e+00 1.221760511398315430e+00 4.640994071960449219e+00 7.660851001739501953e+00
4.692304730415344238e+00 1.172957181930541992e+00 4.692304730415344238e+00 7.872217655181884766e+00
4.743615388870239258e+00 1.134479284286499023e+00 4.743615388870239258e+00 8.081146240234375000e+00
4.794926047325134277e+00 1.077873110771179199e+00 4.794926047325134277e+00 8.283967018127441406e+00
4.846236705780029297e+00 1.032627105712890625e+00 4.846236705780029297e+00 8.482455253601074219e+00
4.897547364234924316e+00 9.932470917701721191e-01 4.897547364234924316e+00 8.677437782287597656e+00
4.948858022689819336e+00 9.442987442016601562e-01 4.948858022689819336e+00 8.866716384887695312e+00
5.000168681144714355e+00 9.099242687225341797e-01 5.000168681144714355e+00 9.052906990051269531e+00
5.051479339599609375e+00 8.712700605392456055e-01 5.051479339599609375e+00 9.234864234924316406e+00
5.102790594100952148e+00 8.377411961555480957e-01 5.102790594100952148e+00 9.413392066955566406e+00
5.154100656509399414e+00 8.185510635375976562e-01 5.154100656509399414e+00 9.591356277465820312e+00
5.205411911010742188e+00 7.963076233863830566e-01 5.205411911010742188e+00 9.767949104309082031e+00
5.256721973419189453e+00 7.862818837165832520e-01 5.256721973419189453e+00 9.945772171020507812e+00
5.308033227920532227e+00 7.601992487907409668e-01 5.308033227920532227e+00 1.012106990814208984e+01
5.359343290328979492e+00 7.515462636947631836e-01 5.359343290328979492e+00 1.029773807525634766e+01
5.410654544830322266e+00 7.502715587615966797e-01 5.410654544830322266e+00 1.047749996185302734e+01
5.461964607238769531e+00 7.450258135795593262e-01 5.461964607238769531e+00 1.065940761566162109e+01
5.513275861740112305e+00 7.354336977005004883e-01 5.513275861740112305e+00 1.084236240386962891e+01
5.564585924148559570e+00 7.299396395683288574e-01 5.564585924148559570e+00 1.102734565734863281e+01
5.615897178649902344e+00 7.333153486251831055e-01 5.615897178649902344e+00 1.121662712097167969e+01
5.667207241058349609e+00 7.380101084709167480e-01 5.667207241058349609e+00 1.141061878204345703e+01
5.718518495559692383e+00 7.383517622947692871e-01 5.718518495559692383e+00 1.160822963714599609e+01
5.769828557968139648e+00 7.376619577407836914e-01 5.769828557968139648e+00 1.180921459197998047e+01
5.821139812469482422e+00 7.470219731330871582e-01 5.821139812469482422e+00 1.201638603210449219e+01
5.872449874877929688e+00 7.444047331809997559e-01 5.872449874877929688e+00 1.222648715972900391e+01
5.923761129379272461e+00 7.511912584304809570e-01 5.923761129379272461e+00 1.244222450256347656e+01
5.975071191787719727e+00 7.607305049896240234e-01 5.975071191787719727e+00 1.266450214385986328e+01
6.026382446289062500e+00 7.686145901679992676e-01 6.026382446289062500e+00 1.289295768737792969e+01
6.077692508697509766e+00 7.694140672683715820e-01 6.077692508697509766e+00 1.312556171417236328e+01
6.129003763198852539e+00 7.874257564544677734e-01 6.129003763198852539e+00 1.336764717102050781e+01
6.180313825607299805e+00 7.903335690498352051e-01 6.180313825607299805e+00 1.361471176147460938e+01
6.231625080108642578e+00 7.988868355751037598e-01 6.231625080108642578e+00 1.386861515045166016e+01
6.282935142517089844e+00 8.002900481224060059e-01 6.282935142517089844e+00 1.412716960906982422e+01
6.334246397018432617e+00 8.110598325729370117e-01 6.334246397018432617e+00 1.439350128173828125e+01
6.385556459426879883e+00 8.217890858650207520e-01 6.385556459426879883e+00 1.466774463653564453e+01
6.436867713928222656e+00 8.249632716178894043e-01 6.436867713928222656e+00 1.494748973846435547e+01
6.488177776336669922e+00 8.309478163719177246e-01 6.488177776336669922e+00 1.523377513885498047e+01
6.539489030838012695e+00 8.455697298049926758e-01 6.539489030838012695e+00 1.552972316741943359e+01
6.590799093246459961e+00 8.495190143585205078e-01 6.590799093246459961e+00 1.583173847198486328e+01
6.642110347747802734e+00 8.586555123329162598e-01 6.642110347747802734e+00 1.614177322387695312e+01
6.693420410156250000e+00 8.612625002861022949e-01 6.693420410156250000e+00 1.645757293701171875e+01
6.744731664657592773e+00 8.619086742401123047e-01 6.744731664657592773e+00 1.677847099304199219e+01
6.796041727066040039e+00 8.652579188346862793e-01 6.796041727066040039e+00 1.710553932189941406e+01
6.847352981567382812e+00 8.688448667526245117e-01 6.847352981567382812e+00 1.743894004821777344e+01
6.898663043975830078e+00 8.771060109138488770e-01 6.898663043975830078e+00 1.778057289123535156e+01
6.949974298477172852e+00 8.786587715148925781e-01 6.949974298477172852e+00 1.812792205810546875e+01
7.001284360885620117e+00 8.824300765991210938e-01 7.001284360885620117e+00 1.848193168640136719e+01
7.052595615386962891e+00 8.796507716178894043e-01 7.052595615386962891e+00 1.884001731872558594e+01
7.103905677795410156e+00 8.828418254852294922e-01 7.103905677795410156e+00 1.920465087890625000e+01
7.155216932296752930e+00 8.828511834144592285e-01 7.155216932296752930e+00 1.957457351684570312e+01
7.206526994705200195e+00 8.845052123069763184e-01 7.206526994705200195e+00 1.995052528381347656e+01
7.257838249206542969e+00 8.868519663810729980e-01 7.257838249206542969e+00 2.033285903930664062e+01
7.309148311614990234e+00 8.825709223747253418e-01 7.309148311614990234e+00 2.071874809265136719e+01
7.360459566116333008e+00 8.840959072113037109e-01 7.360459566116333008e+00 2.111075019836425781e+01
7.411769628524780273e+00 8.834756612777709961e-01 7.411769628524780273e+00 2.150795745849609375e+01
7.463080883026123047e+00 8.839827179908752441e-01 7.463080883026123047e+00 2.191091537475585938e+01
7.514390945434570312e+00 8.805033564567565918e-01 7.514390945434570312e+00 2.231782531738281250e+01
7.565702199935913086e+00 8.766404986381530762e-01 7.565702199935913086e+00 2.272849845886230469e+01
7.617012262344360352e+00 8.813582658767700195e-01 7.617012262344360352e+00 2.314700317382812500e+01
7.668323516845703125e+00 8.780290484428405762e-01 7.668323516845703125e+00 2.356956481933593750e+01
7.719633579254150391e+00 8.817902207374572754e-01 7.719633579254150391e+00 2.399963378906250000e+01
7.770944833755493164e+00 8.799368143081665039e-01 7.770944833755493164e+00 2.443452072143554688e+01
