# distance (\AA)	RDF	distance (\AA)	cdf
1.256553269922733307e-01 0.000000000000000000e+00 1.256553269922733307e-01 0.000000000000000000e+00
1.769660040736198425e-01 0.000000000000000000e+00 1.769660040736198425e-01 0.000000000000000000e+00
2.282766625285148621e-01 0.000000000000000000e+00 2.282766625285148621e-01 0.000000000000000000e+00
2.795873209834098816e-01 0.000000000000000000e+00 2.795873209834098816e-01 0.000000000000000000e+00
3.308980166912078857e-01 0.000000000000000000e+00 3.308980166912078857e-01 0.000000000000000000e+00
3.822086751461029053e-01 0.000000000000000000e+00 3.822086751461029053e-01 0.000000000000000000e+00
4.335193336009979248e-01 0.000000000000000000e+00 4.335193336009979248e-01 0.000000000000000000e+00
4.848299920558929443e-01 0.000000000000000000e+00 4.848299920558929443e-01 0.000000000000000000e+00
5.361406505107879639e-01 0.000000000000000000e+00 5.361406505107879639e-01 0.000000000000000000e+00
5.874513089656829834e-01 0.000000000000000000e+00 5.874513089656829834e-01 0.000000000000000000e+00
6.387619674205780029e-01 0.000000000000000000e+00 6.387619674205780029e-01 0.000000000000000000e+00
6.900727003812789917e-01 0.000000000000000000e+00 6.900727003812789917e-01 0.000000000000000000e+00
7.413833588361740112e-01 0.000000000000000000e+00 7.413833588361740112e-01 0.000000000000000000e+00
7.926940172910690308e-01 0.000000000000000000e+00 7.926940172910690308e-01 0.000000000000000000e+00
8.440046757459640503e-01 0.000000000000000000e+00 8.440046757459640503e-01 0.000000000000000000e+00
8.953153342008590698e-01 0.000000000000000000e+00 8.953153342008590698e-01 0.000000000000000000e+00
9.466259926557540894e-01 0.000000000000000000e+00 9.466259926557540894e-01 0.000000000000000000e+00
9.979366511106491089e-01 0.000000000000000000e+00 9.979366511106491089e-01 0.000000000000000000e+00
1.049247309565544128e+00 0.000000000000000000e+00 1.049247309565544128e+00 0.000000000000000000e+00
1.100557968020439148e+00 0.000000000000000000e+00 1.100557968020439148e+00 0.000000000000000000e+00
1.151868700981140137e+00 0.000000000000000000e+00 1.151868700981140137e+00 0.000000000000000000e+00
1.203179359436035156e+00 0.000000000000000000e+00 1.203179359436035156e+00 0.000000000000000000e+00
1.254490017890930176e+00 0.000000000000000000e+00 1.254490017890930176e+00 0.000000000000000000e+00
1.305800676345825195e+00 0.000000000000000000e+00 1.305800676345825195e+00 0.000000000000000000e+00
1.357111334800720215e+00 0.000000000000000000e+00 1.357111334800720215e+00 0.000000000000000000e+00
1.408422142267227173e+00 0.000000000000000000e+00 1.408422142267227173e+00 0.000000000000000000e+00
1.459732800722122192e+00 0.000000000000000000e+00 1.459732800722122192e+00 0.000000000000000000e+00
1.511043459177017212e+00 0.000000000000000000e+00 1.511043459177017212e+00 0.000000000000000000e+00
1.562354117631912231e+00 0.000000000000000000e+00 1.562354117631912231e+00 0.000000000000000000e+00
1.613664776086807251e+00 0.000000000000000000e+00 1.613664776086807251e+00 0.000000000000000000e+00
1.664975434541702271e+00 0.000000000000000000e+00 1.664975434541702271e+00 0.000000000000000000e+00
1.716286092996597290e+00 0.000000000000000000e+00 1.716286092996597290e+00 0.000000000000000000e+00
1.767596751451492310e+00 0.000000000000000000e+00 1.767596751451492310e+00 0.000000000000000000e+00
1.818907409906387329e+00 2.099407371133565903e-03 1.818907409906387329e+00 4.093136521987617016e-05
1.870218068361282349e+00 4.014146327972412109e-02 1.870218068361282349e+00 8.683296618983149529e-04
1.921528726816177368e+00 2.141842693090438843e-01 1.921528726816177368e+00 5.528658162802457809e-03
1.972839385271072388e+00 6.991773843765258789e-01 1.972839385271072388e+00 2.156498283147811890e-02
2.024150043725967407e+00 1.325092554092407227e+00 2.024150043725967407e+00 5.355869233608245850e-02
2.075460702180862427e+00 1.835582256317138672e+00 2.075460702180862427e+00 1.001532077789306641e-01
2.126771360635757446e+00 2.014295578002929688e+00 2.126771360635757446e+00 1.538434624671936035e-01
2.178082168102264404e+00 1.936505556106567383e+00 2.178082168102264404e+00 2.079810351133346558e-01
2.229392826557159424e+00 1.663434624671936035e+00 2.229392826557159424e+00 2.567010521888732910e-01
2.280703485012054443e+00 1.385601639747619629e+00 2.280703485012054443e+00 2.991731762886047363e-01
2.332014143466949463e+00 1.126875877380371094e+00 2.332014143466949463e+00 3.352863192558288574e-01
2.383324801921844482e+00 9.255892038345336914e-01 2.383324801921844482e+00 3.662684261798858643e-01
2.434635460376739502e+00 7.423510551452636719e-01 2.434635460376739502e+00 3.921984434127807617e-01
2.485946118831634521e+00 6.153634786605834961e-01 2.485946118831634521e+00 4.146083593368530273e-01
2.537256777286529541e+00 5.153552889823913574e-01 2.537256777286529541e+00 4.341589212417602539e-01
2.588567435741424561e+00 4.427786469459533691e-01 2.588567435741424561e+00 4.516424536705017090e-01
2.639878094196319580e+00 3.993212580680847168e-01 2.639878094196319580e+00 4.680413007736206055e-01
2.691188752651214600e+00 3.519742786884307861e-01 2.691188752651214600e+00 4.830631017684936523e-01
2.742499411106109619e+00 3.162354826927185059e-01 2.742499411106109619e+00 4.970791637897491455e-01
2.793810069561004639e+00 3.002140820026397705e-01 2.793810069561004639e+00 5.108876228332519531e-01
2.845120728015899658e+00 2.928538322448730469e-01 2.845120728015899658e+00 5.248569250106811523e-01
2.896431386470794678e+00 2.815649509429931641e-01 2.896431386470794678e+00 5.387765169143676758e-01
2.947742044925689697e+00 2.746463119983673096e-01 2.947742044925689697e+00 5.528393387794494629e-01
2.999052703380584717e+00 2.899868190288543701e-01 2.999052703380584717e+00 5.682090520858764648e-01
3.050363361835479736e+00 2.951896488666534424e-01 3.050363361835479736e+00 5.843944549560546875e-01
3.101674020290374756e+00 3.069069683551788330e-01 3.101674020290374756e+00 6.017932295799255371e-01
3.152984678745269775e+00 3.252959251403808594e-01 3.152984678745269775e+00 6.208497285842895508e-01
3.204295337200164795e+00 3.412016630172729492e-01 3.204295337200164795e+00 6.414937376976013184e-01
3.255605995655059814e+00 3.666688799858093262e-01 3.255605995655059814e+00 6.643948554992675781e-01
3.306916654109954834e+00 4.027443230152130127e-01 3.306916654109954834e+00 6.903482675552368164e-01
3.358227312564849854e+00 4.314899146556854248e-01 3.358227312564849854e+00 7.190235853195190430e-01
3.409537971019744873e+00 4.700295627117156982e-01 3.409537971019744873e+00 7.512219548225402832e-01
3.460848629474639893e+00 5.165481567382812500e-01 3.460848629474639893e+00 7.876800894737243652e-01
3.512159287929534912e+00 5.688592791557312012e-01 3.512159287929534912e+00 8.290295600891113281e-01
3.563469946384429932e+00 6.265961527824401855e-01 3.563469946384429932e+00 8.759164214134216309e-01
3.614780604839324951e+00 6.808127760887145996e-01 3.614780604839324951e+00 9.283378124237060547e-01
3.666091263294219971e+00 7.340581417083740234e-01 3.666091263294219971e+00 9.864749908447265625e-01
3.717401921749114990e+00 8.012512922286987305e-01 3.717401921749114990e+00 1.051722526550292969e+00
3.768712580204010010e+00 8.698456287384033203e-01 3.768712580204010010e+00 1.124524831771850586e+00
3.820023238658905029e+00 9.403759837150573730e-01 3.820023238658905029e+00 1.205387711524963379e+00
3.871333897113800049e+00 1.010953068733215332e+00 3.871333897113800049e+00 1.294670701026916504e+00
3.922644555568695068e+00 1.077866196632385254e+00 3.922644555568695068e+00 1.392403125762939453e+00
3.973955214023590088e+00 1.140695810317993164e+00 3.973955214023590088e+00 1.498555660247802734e+00
4.025265872478485107e+00 1.202648282051086426e+00 4.025265872478485107e+00 1.613382816314697266e+00
4.076576530933380127e+00 1.253624200820922852e+00 4.076576530933380127e+00 1.736147642135620117e+00
4.127887189388275146e+00 1.320053339004516602e+00 4.127887189388275146e+00 1.868692159652709961e+00
4.179197847843170166e+00 1.362916111946105957e+00 4.179197847843170166e+00 2.008964061737060547e+00
4.230508804321289062e+00 1.416819453239440918e+00 4.230508804321289062e+00 2.158386945724487305e+00
4.281819462776184082e+00 1.457466721534729004e+00 4.281819462776184082e+00 2.315846920013427734e+00
4.333130121231079102e+00 1.503673195838928223e+00 4.333130121231079102e+00 2.482215404510498047e+00
4.384440779685974121e+00 1.540662646293640137e+00 4.384440779685974121e+00 2.656738042831420898e+00
4.435751438140869141e+00 1.563681840896606445e+00 4.435751438140869141e+00 2.838037729263305664e+00
4.487062096595764160e+00 1.573319673538208008e+00 4.487062096595764160e+00 3.024699449539184570e+00
4.538372755050659180e+00 1.581686019897460938e+00 4.538372755050659180e+00 3.216670513153076172e+00
4.589683413505554199e+00 1.550034284591674805e+00 4.589683413505554199e+00 3.409077167510986328e+00
4.640994071960449219e+00 1.501504778861999512e+00 4.640994071960449219e+00 3.599650621414184570e+00
4.692304730415344238e+00 1.474793076515197754e+00 4.692304730415344238e+00 3.790996074676513672e+00
4.743615388870239258e+00 1.421033740043640137e+00 4.743615388870239258e+00 3.979420661926269531e+00
4.794926047325134277e+00 1.365537405014038086e+00 4.794926047325134277e+00 4.164424419403076172e+00
4.846236705780029297e+00 1.324711203575134277e+00 4.846236705780029297e+00 4.347758769989013672e+00
4.897547364234924316e+00 1.264831542968750000e+00 4.897547364234924316e+00 4.526532173156738281e+00
4.948858022689819336e+00 1.214812517166137695e+00 4.948858022689819336e+00 4.701852798461914062e+00
5.000168681144714355e+00 1.165334582328796387e+00 5.000168681144714355e+00 4.873539447784423828e+00
5.051479339599609375e+00 1.132905721664428711e+00 5.051479339599609375e+00 5.043889999389648438e+00
5.102790594100952148e+00 1.082928538322448730e+00 5.102790594100952148e+00 5.210051059722900391e+00
5.154100656509399414e+00 1.054099440574645996e+00 5.154100656509399414e+00 5.375057220458984375e+00
5.205411911010742188e+00 1.014173030853271484e+00 5.205411911010742188e+00 5.536990642547607422e+00
5.256721973419189453e+00 1.003809332847595215e+00 5.256721973419189453e+00 5.700444221496582031e+00
5.308033227920532227e+00 9.920328855514526367e-01 5.308033227920532227e+00 5.865149021148681641e+00
5.359343290328979492e+00 9.687760472297668457e-01 5.359343290328979492e+00 6.029117107391357422e+00
5.410654544830322266e+00 9.586768150329589844e-01 5.410654544830322266e+00 6.194497585296630859e+00
5.461964607238769531e+00 9.513041973114013672e-01 5.461964607238769531e+00 6.361734390258789062e+00
5.513275861740112305e+00 9.511330127716064453e-01 5.513275861740112305e+00 6.532096385955810547e+00
5.564585924148559570e+00 9.550798535346984863e-01 5.564585924148559570e+00 6.706364631652832031e+00
5.615897178649902344e+00 9.640457630157470703e-01 5.615897178649902344e+00 6.885527133941650391e+00
5.667207241058349609e+00 9.689218997955322266e-01 5.667207241058349609e+00 7.068902492523193359e+00
5.718518495559692383e+00 9.781512618064880371e-01 5.718518495559692383e+00 7.257391452789306641e+00
5.769828557968139648e+00 9.858556389808654785e-01 5.769828557968139648e+00 7.450789451599121094e+00
5.821139812469482422e+00 1.006123423576354980e+00 5.821139812469482422e+00 7.651689529418945312e+00
5.872449874877929688e+00 1.009393930435180664e+00 5.872449874877929688e+00 7.856811046600341797e+00
5.923761129379272461e+00 1.029832363128662109e+00 5.923761129379272461e+00 8.069759368896484375e+00
5.975071191787719727e+00 1.044076442718505859e+00 5.975071191787719727e+00 8.289408683776855469e+00
6.026382446289062500e+00 1.064555525779724121e+00 6.026382446289062500e+00 8.517230033874511719e+00
6.077692508697509766e+00 1.082451939582824707e+00 6.077692508697509766e+00 8.752842903137207031e+00
6.129003763198852539e+00 1.093224167823791504e+00 6.129003763198852539e+00 8.994834899902343750e+00
6.180313825607299805e+00 1.109856605529785156e+00 6.180313825607299805e+00 9.244639396667480469e+00
6.231625080108642578e+00 1.132166624069213867e+00 6.231625080108642578e+00 9.503714561462402344e+00
6.282935142517089844e+00 1.137468338012695312e+00 6.282935142517089844e+00 9.768306732177734375e+00
6.334246397018432617e+00 1.150807976722717285e+00 6.334246397018432617e+00 1.004039192199707031e+01
6.385556459426879883e+00 1.165940880775451660e+00 6.385556459426879883e+00 1.032053756713867188e+01
6.436867713928222656e+00 1.170246601104736328e+00 6.436867713928222656e+00 1.060625648498535156e+01
6.488177776336669922e+00 1.174943685531616211e+00 6.488177776336669922e+00 1.089771366119384766e+01
6.539489030838012695e+00 1.182395935058593750e+00 6.539489030838012695e+00 1.119567680358886719e+01
6.590799093246459961e+00 1.186272263526916504e+00 6.590799093246459961e+00 1.149932575225830078e+01
6.642110347747802734e+00 1.187842369079589844e+00 6.642110347747802734e+00 1.180812931060791016e+01
6.693420410156250000e+00 1.176872968673706055e+00 6.693420410156250000e+00 1.211882781982421875e+01
6.744731664657592773e+00 1.174126029014587402e+00 6.744731664657592773e+00 1.243356990814208984e+01
6.796041727066040039e+00 1.163933634757995605e+00 6.796041727066040039e+00 1.275034618377685547e+01
6.847352981567382812e+00 1.163204789161682129e+00 6.847352981567382812e+00 1.307172203063964844e+01
6.898663043975830078e+00 1.152367234230041504e+00 6.898663043975830078e+00 1.339489269256591797e+01
6.949974298477172852e+00 1.145775318145751953e+00 6.949974298477172852e+00 1.372101306915283203e+01
7.001284360885620117e+00 1.139176607131958008e+00 7.001284360885620117e+00 1.405006027221679688e+01
7.052595615386962891e+00 1.116718649864196777e+00 7.052595615386962891e+00 1.437736511230468750e+01
7.103905677795410156e+00 1.111828327178955078e+00 7.103905677795410156e+00 1.470799732208251953e+01
7.155216932296752930e+00 1.093928098678588867e+00 7.155216932296752930e+00 1.503802108764648438e+01
7.206526994705200195e+00 1.081469535827636719e+00 7.206526994705200195e+00 1.536898326873779297e+01
7.257838249206542969e+00 1.064570665359497070e+00 7.257838249206542969e+00 1.569942760467529297e+01
7.309148311614990234e+00 1.058475613594055176e+00 7.309148311614990234e+00 1.603264427185058594e+01
7.360459566116333008e+00 1.044547080993652344e+00 7.360459566116333008e+00 1.636610984802246094e+01
7.411769628524780273e+00 1.035087943077087402e+00 7.411769628524780273e+00 1.670117759704589844e+01
7.463080883026123047e+00 1.021845340728759766e+00 7.463080883026123047e+00 1.703655433654785156e+01
7.514390945434570312e+00 1.011810898780822754e+00 7.514390945434570312e+00 1.737322044372558594e+01
7.565702199935913086e+00 1.003525018692016602e+00 7.565702199935913086e+00 1.771170234680175781e+01
7.617012262344360352e+00 9.916592240333557129e-01 7.617012262344360352e+00 1.805073738098144531e+01
7.668323516845703125e+00 9.845246672630310059e-01 7.668323516845703125e+00 1.839188194274902344e+01
7.719633579254150391e+00 9.797818660736083984e-01 7.719633579254150391e+00 1.873594284057617188e+01
7.770944833755493164e+00 9.770864248275756836e-01 7.770944833755493164e+00 1.908363151550292969e+01
