# distance (\AA)	RDF	distance (\AA)	cdf
1.256553269922733307e-01 0.000000000000000000e+00 1.256553269922733307e-01 0.000000000000000000e+00
1.769660040736198425e-01 0.000000000000000000e+00 1.769660040736198425e-01 0.000000000000000000e+00
2.282766625285148621e-01 0.000000000000000000e+00 2.282766625285148621e-01 0.000000000000000000e+00
2.795873209834098816e-01 0.000000000000000000e+00 2.795873209834098816e-01 0.000000000000000000e+00
3.308980166912078857e-01 0.000000000000000000e+00 3.308980166912078857e-01 0.000000000000000000e+00
3.822086751461029053e-01 0.000000000000000000e+00 3.822086751461029053e-01 0.000000000000000000e+00
4.335193336009979248e-01 0.000000000000000000e+00 4.335193336009979248e-01 0.000000000000000000e+00
4.848299920558929443e-01 0.000000000000000000e+00 4.848299920558929443e-01 0.000000000000000000e+00
5.361406505107879639e-01 0.000000000000000000e+00 5.361406505107879639e-01 0.000000000000000000e+00
5.874513089656829834e-01 0.000000000000000000e+00 5.874513089656829834e-01 0.000000000000000000e+00
6.387619674205780029e-01 0.000000000000000000e+00 6.387619674205780029e-01 0.000000000000000000e+00
6.900727003812789917e-01 0.000000000000000000e+00 6.900727003812789917e-01 0.000000000000000000e+00
7.413833588361740112e-01 0.000000000000000000e+00 7.413833588361740112e-01 0.000000000000000000e+00
7.926940172910690308e-01 0.000000000000000000e+00 7.926940172910690308e-01 0.000000000000000000e+00
8.440046757459640503e-01 0.000000000000000000e+00 8.440046757459640503e-01 0.000000000000000000e+00
8.953153342008590698e-01 0.000000000000000000e+00 8.953153342008590698e-01 0.000000000000000000e+00
9.466259926557540894e-01 0.000000000000000000e+00 9.466259926557540894e-01 0.000000000000000000e+00
9.979366511106491089e-01 0.000000000000000000e+00 9.979366511106491089e-01 0.000000000000000000e+00
1.049247309565544128e+00 0.000000000000000000e+00 1.049247309565544128e+00 0.000000000000000000e+00
1.100557968020439148e+00 0.000000000000000000e+00 1.100557968020439148e+00 0.000000000000000000e+00
1.151868700981140137e+00 0.000000000000000000e+00 1.151868700981140137e+00 0.000000000000000000e+00
1.203179359436035156e+00 0.000000000000000000e+00 1.203179359436035156e+00 0.000000000000000000e+00
1.254490017890930176e+00 0.000000000000000000e+00 1.254490017890930176e+00 0.000000000000000000e+00
1.305800676345825195e+00 0.000000000000000000e+00 1.305800676345825195e+00 0.000000000000000000e+00
1.357111334800720215e+00 0.000000000000000000e+00 1.357111334800720215e+00 0.000000000000000000e+00
1.408422142267227173e+00 0.000000000000000000e+00 1.408422142267227173e+00 0.000000000000000000e+00
1.459732800722122192e+00 0.000000000000000000e+00 1.459732800722122192e+00 0.000000000000000000e+00
1.511043459177017212e+00 0.000000000000000000e+00 1.511043459177017212e+00 0.000000000000000000e+00
1.562354117631912231e+00 0.000000000000000000e+00 1.562354117631912231e+00 0.000000000000000000e+00
1.613664776086807251e+00 0.000000000000000000e+00 1.613664776086807251e+00 0.000000000000000000e+00
1.664975434541702271e+00 0.000000000000000000e+00 1.664975434541702271e+00 0.000000000000000000e+00
1.716286092996597290e+00 0.000000000000000000e+00 1.716286092996597290e+00 0.000000000000000000e+00
1.767596751451492310e+00 0.000000000000000000e+00 1.767596751451492310e+00 0.000000000000000000e+00
1.818907409906387329e+00 0.000000000000000000e+00 1.818907409906387329e+00 0.000000000000000000e+00
1.870218068361282349e+00 0.000000000000000000e+00 1.870218068361282349e+00 0.000000000000000000e+00
1.921528726816177368e+00 0.000000000000000000e+00 1.921528726816177368e+00 0.000000000000000000e+00
1.972839385271072388e+00 0.000000000000000000e+00 1.972839385271072388e+00 0.000000000000000000e+00
2.024150043725967407e+00 0.000000000000000000e+00 2.024150043725967407e+00 0.000000000000000000e+00
2.075460702180862427e+00 0.000000000000000000e+00 2.075460702180862427e+00 0.000000000000000000e+00
2.126771360635757446e+00 0.000000000000000000e+00 2.126771360635757446e+00 0.000000000000000000e+00
2.178082168102264404e+00 0.000000000000000000e+00 2.178082168102264404e+00 0.000000000000000000e+00
2.229392826557159424e+00 0.000000000000000000e+00 2.229392826557159424e+00 0.000000000000000000e+00
2.280703485012054443e+00 0.000000000000000000e+00 2.280703485012054443e+00 0.000000000000000000e+00
2.332014143466949463e+00 0.000000000000000000e+00 2.332014143466949463e+00 0.000000000000000000e+00
2.383324801921844482e+00 7.471095304936170578e-04 2.383324801921844482e+00 3.473318793112412095e-05
2.434635460376739502e+00 1.128165982663631439e-02 2.434635460376739502e+00 5.820440128445625305e-04
2.485946118831634521e+00 9.366203099489212036e-02 2.485946118831634521e+00 5.319440271705389023e-03
2.537256777286529541e+00 4.085908830165863037e-01 2.537256777286529541e+00 2.684770151972770691e-02
2.588567435741424561e+00 1.038844347000122070e+00 2.588567435741424561e+00 8.381959795951843262e-02
2.639878094196319580e+00 1.809337735176086426e+00 2.639878094196319580e+00 1.870192587375640869e-01
2.691188752651214600e+00 2.469453811645507812e+00 2.691188752651214600e+00 3.333985805511474609e-01
2.742499411106109619e+00 2.823151111602783203e+00 2.742499411106109619e+00 5.071855783462524414e-01
2.793810069561004639e+00 2.915667295455932617e+00 2.793810069561004639e+00 6.934459805488586426e-01
2.845120728015899658e+00 2.858915328979492188e+00 2.845120728015899658e+00 8.828513026237487793e-01
2.896431386470794678e+00 2.758279800415039062e+00 2.896431386470794678e+00 1.072239756584167480e+00
2.947742044925689697e+00 2.647843122482299805e+00 2.947742044925689697e+00 1.260543584823608398e+00
2.999052703380584717e+00 2.569579362869262695e+00 2.999052703380584717e+00 1.449698448181152344e+00
3.050363361835479736e+00 2.482731819152832031e+00 3.050363361835479736e+00 1.638767480850219727e+00
3.101674020290374756e+00 2.416251659393310547e+00 3.101674020290374756e+00 1.829015851020812988e+00
3.152984678745269775e+00 2.362038373947143555e+00 3.152984678745269775e+00 2.021200418472290039e+00
3.204295337200164795e+00 2.290928125381469727e+00 3.204295337200164795e+00 2.213714361190795898e+00
3.255605995655059814e+00 2.204667091369628906e+00 3.255605995655059814e+00 2.404960632324218750e+00
3.306916654109954834e+00 2.117743492126464844e+00 3.306916654109954834e+00 2.594502687454223633e+00
3.358227312564849854e+00 2.018496036529541016e+00 3.358227312564849854e+00 2.780811548233032227e+00
3.409537971019744873e+00 1.917147994041442871e+00 3.409537971019744873e+00 2.963214397430419922e+00
3.460848629474639893e+00 1.807226300239562988e+00 3.460848629474639893e+00 3.140373706817626953e+00
3.512159287929534912e+00 1.717836022377014160e+00 3.512159287929534912e+00 3.313799619674682617e+00
3.563469946384429932e+00 1.606383919715881348e+00 3.563469946384429932e+00 3.480747222900390625e+00
3.614780604839324951e+00 1.509592294692993164e+00 3.614780604839324951e+00 3.642185926437377930e+00
3.666091263294219971e+00 1.417502880096435547e+00 3.666091263294219971e+00 3.798110485076904297e+00
3.717401921749114990e+00 1.326920270919799805e+00 3.717401921749114990e+00 3.948185205459594727e+00
3.768712580204010010e+00 1.251465082168579102e+00 3.768712580204010010e+00 4.093660354614257812e+00
3.820023238658905029e+00 1.183784484863281250e+00 3.820023238658905029e+00 4.235040187835693359e+00
3.871333897113800049e+00 1.114729881286621094e+00 3.871333897113800049e+00 4.371773719787597656e+00
3.922644555568695068e+00 1.053841471672058105e+00 3.922644555568695068e+00 4.504487514495849609e+00
3.973955214023590088e+00 1.014839172363281250e+00 3.973955214023590088e+00 4.635654926300048828e+00
4.025265872478485107e+00 9.733087420463562012e-01 4.025265872478485107e+00 4.764724731445312500e+00
4.076576530933380127e+00 9.405405521392822266e-01 4.076576530933380127e+00 4.892648696899414062e+00
4.127887189388275146e+00 9.123618006706237793e-01 4.127887189388275146e+00 5.019883155822753906e+00
4.179197847843170166e+00 8.899805545806884766e-01 4.179197847843170166e+00 5.147101402282714844e+00
4.230508804321289062e+00 8.707461357116699219e-01 4.230508804321289062e+00 5.274645805358886719e+00
4.281819462776184082e+00 8.564952611923217773e-01 4.281819462776184082e+00 5.403163909912109375e+00
4.333130121231079102e+00 8.488395214080810547e-01 4.333130121231079102e+00 5.533603668212890625e+00
4.384440779685974121e+00 8.449534773826599121e-01 4.384440779685974121e+00 5.666540145874023438e+00
4.435751438140869141e+00 8.411098718643188477e-01 4.435751438140869141e+00 5.801987171173095703e+00
4.487062096595764160e+00 8.418548107147216797e-01 4.487062096595764160e+00 5.940708160400390625e+00
4.538372755050659180e+00 8.369666337966918945e-01 4.538372755050659180e+00 6.081796646118164062e+00
4.589683413505554199e+00 8.446487784385681152e-01 4.589683413505554199e+00 6.227416992187500000e+00
4.640994071960449219e+00 8.431446552276611328e-01 4.640994071960449219e+00 6.376046657562255859e+00
4.692304730415344238e+00 8.471516370773315430e-01 4.692304730415344238e+00 6.528703212738037109e+00
4.743615388870239258e+00 8.485614061355590820e-01 4.743615388870239258e+00 6.684976100921630859e+00
4.794926047325134277e+00 8.551135659217834473e-01 4.794926047325134277e+00 6.845880508422851562e+00
4.846236705780029297e+00 8.608139753341674805e-01 4.846236705780029297e+00 7.011343002319335938e+00
4.897547364234924316e+00 8.641441464424133301e-01 4.897547364234924316e+00 7.180981636047363281e+00
4.948858022689819336e+00 8.685989975929260254e-01 4.948858022689819336e+00 7.355086326599121094e+00
5.000168681144714355e+00 8.842570781707763672e-01 5.000168681144714355e+00 7.536025047302246094e+00
5.051479339599609375e+00 8.901200294494628906e-01 5.051479339599609375e+00 7.721919059753417969e+00
5.102790594100952148e+00 9.023527503013610840e-01 5.102790594100952148e+00 7.914216041564941406e+00
5.154100656509399414e+00 9.072991013526916504e-01 5.154100656509399414e+00 8.111474990844726562e+00
5.205411911010742188e+00 9.171222448348999023e-01 5.205411911010742188e+00 8.314860343933105469e+00
5.256721973419189453e+00 9.338254332542419434e-01 5.256721973419189453e+00 8.526051521301269531e+00
5.308033227920532227e+00 9.425420761108398438e-01 5.308033227920532227e+00 8.743395805358886719e+00
5.359343290328979492e+00 9.502010941505432129e-01 5.359343290328979492e+00 8.966762542724609375e+00
5.410654544830322266e+00 9.610599279403686523e-01 5.410654544830322266e+00 9.197028160095214844e+00
5.461964607238769531e+00 9.688041806221008301e-01 5.461964607238769531e+00 9.433574676513671875e+00
5.513275861740112305e+00 9.759679436683654785e-01 5.513275861740112305e+00 9.676366806030273438e+00
5.564585924148559570e+00 9.818290472030639648e-01 5.564585924148559570e+00 9.925185203552246094e+00
5.615897178649902344e+00 9.879440665245056152e-01 5.615897178649902344e+00 1.018019008636474609e+01
5.667207241058349609e+00 9.898129105567932129e-01 5.667207241058349609e+00 1.044036960601806641e+01
5.718518495559692383e+00 9.884357452392578125e-01 5.718518495559692383e+00 1.070491218566894531e+01
5.769828557968139648e+00 9.880267977714538574e-01 5.769828557968139648e+00 1.097411155700683594e+01
5.821139812469482422e+00 9.771047234535217285e-01 5.821139812469482422e+00 1.124509143829345703e+01
5.872449874877929688e+00 9.709550142288208008e-01 5.872449874877929688e+00 1.151913356781005859e+01
5.923761129379272461e+00 9.725469946861267090e-01 5.923761129379272461e+00 1.179844284057617188e+01
5.975071191787719727e+00 9.584051966667175293e-01 5.975071191787719727e+00 1.207847881317138672e+01
6.026382446289062500e+00 9.513472318649291992e-01 6.026382446289062500e+00 1.236124801635742188e+01
6.077692508697509766e+00 9.398440718650817871e-01 6.077692508697509766e+00 1.264537525177001953e+01
6.129003763198852539e+00 9.248160123825073242e-01 6.129003763198852539e+00 1.292969989776611328e+01
6.180313825607299805e+00 9.158951044082641602e-01 6.180313825607299805e+00 1.321601581573486328e+01
6.231625080108642578e+00 9.054968953132629395e-01 6.231625080108642578e+00 1.350380229949951172e+01
6.282935142517089844e+00 8.956745862960815430e-01 6.282935142517089844e+00 1.379317378997802734e+01
6.334246397018432617e+00 8.807652592658996582e-01 6.334246397018432617e+00 1.408239459991455078e+01
6.385556459426879883e+00 8.769995570182800293e-01 6.385556459426879883e+00 1.437506198883056641e+01
6.436867713928222656e+00 8.631449937820434570e-01 6.436867713928222656e+00 1.466775512695312500e+01
6.488177776336669922e+00 8.566155433654785156e-01 6.488177776336669922e+00 1.496288394927978516e+01
6.539489030838012695e+00 8.545249700546264648e-01 6.539489030838012695e+00 1.526196670532226562e+01
6.590799093246459961e+00 8.488204479217529297e-01 6.590799093246459961e+00 1.556373310089111328e+01
6.642110347747802734e+00 8.446623682975769043e-01 6.642110347747802734e+00 1.586871528625488281e+01
6.693420410156250000e+00 8.397505879402160645e-01 6.693420410156250000e+00 1.617662811279296875e+01
6.744731664657592773e+00 8.389107584953308105e-01 6.744731664657592773e+00 1.648896408081054688e+01
6.796041727066040039e+00 8.407903909683227539e-01 6.796041727066040039e+00 1.680678367614746094e+01
6.847352981567382812e+00 8.399462103843688965e-01 6.847352981567382812e+00 1.712909507751464844e+01
6.898663043975830078e+00 8.402770161628723145e-01 6.898663043975830078e+00 1.745638465881347656e+01
6.949974298477172852e+00 8.419681787490844727e-01 6.949974298477172852e+00 1.778923034667968750e+01
7.001284360885620117e+00 8.460750579833984375e-01 7.001284360885620117e+00 1.812865447998046875e+01
7.052595615386962891e+00 8.497508168220520020e-01 7.052595615386962891e+00 1.847456741333007812e+01
7.103905677795410156e+00 8.550945520401000977e-01 7.103905677795410156e+00 1.882774162292480469e+01
7.155216932296752930e+00 8.604965806007385254e-01 7.155216932296752930e+00 1.918829727172851562e+01
7.206526994705200195e+00 8.644493818283081055e-01 7.206526994705200195e+00 1.955572509765625000e+01
7.257838249206542969e+00 8.718347549438476562e-01 7.257838249206542969e+00 1.993158531188964844e+01
7.309148311614990234e+00 8.764569759368896484e-01 7.309148311614990234e+00 2.031480216979980469e+01
7.360459566116333008e+00 8.835661411285400391e-01 7.360459566116333008e+00 2.070656967163085938e+01
7.411769628524780273e+00 8.905371427536010742e-01 7.411769628524780273e+00 2.110695075988769531e+01
7.463080883026123047e+00 8.966507315635681152e-01 7.463080883026123047e+00 2.151568222045898438e+01
7.514390945434570312e+00 9.034503102302551270e-01 7.514390945434570312e+00 2.193319702148437500e+01
7.565702199935913086e+00 9.086532592773437500e-01 7.565702199935913086e+00 2.235886764526367188e+01
7.617012262344360352e+00 9.164770245552062988e-01 7.617012262344360352e+00 2.279404830932617188e+01
7.668323516845703125e+00 9.244460463523864746e-01 7.668323516845703125e+00 2.323894691467285156e+01
7.719633579254150391e+00 9.331679344177246094e-01 7.719633579254150391e+00 2.369407463073730469e+01
7.770944833755493164e+00 9.344212412834167480e-01 7.770944833755493164e+00 2.415588951110839844e+01
