# distance (\AA)	RDF	distance (\AA)	cdf
1.256553269922733307e-01 0.000000000000000000e+00 1.256553269922733307e-01 0.000000000000000000e+00
1.769660040736198425e-01 0.000000000000000000e+00 1.769660040736198425e-01 0.000000000000000000e+00
2.282766625285148621e-01 0.000000000000000000e+00 2.282766625285148621e-01 0.000000000000000000e+00
2.795873209834098816e-01 0.000000000000000000e+00 2.795873209834098816e-01 0.000000000000000000e+00
3.308980166912078857e-01 0.000000000000000000e+00 3.308980166912078857e-01 0.000000000000000000e+00
3.822086751461029053e-01 0.000000000000000000e+00 3.822086751461029053e-01 0.000000000000000000e+00
4.335193336009979248e-01 0.000000000000000000e+00 4.335193336009979248e-01 0.000000000000000000e+00
4.848299920558929443e-01 0.000000000000000000e+00 4.848299920558929443e-01 0.000000000000000000e+00
5.361406505107879639e-01 0.000000000000000000e+00 5.361406505107879639e-01 0.000000000000000000e+00
5.874513089656829834e-01 0.000000000000000000e+00 5.874513089656829834e-01 0.000000000000000000e+00
6.387619674205780029e-01 0.000000000000000000e+00 6.387619674205780029e-01 0.000000000000000000e+00
6.900727003812789917e-01 0.000000000000000000e+00 6.900727003812789917e-01 0.000000000000000000e+00
7.413833588361740112e-01 0.000000000000000000e+00 7.413833588361740112e-01 0.000000000000000000e+00
7.926940172910690308e-01 0.000000000000000000e+00 7.926940172910690308e-01 0.000000000000000000e+00
8.440046757459640503e-01 0.000000000000000000e+00 8.440046757459640503e-01 0.000000000000000000e+00
8.953153342008590698e-01 0.000000000000000000e+00 8.953153342008590698e-01 0.000000000000000000e+00
9.466259926557540894e-01 0.000000000000000000e+00 9.466259926557540894e-01 0.000000000000000000e+00
9.979366511106491089e-01 0.000000000000000000e+00 9.979366511106491089e-01 0.000000000000000000e+00
1.049247309565544128e+00 0.000000000000000000e+00 1.049247309565544128e+00 0.000000000000000000e+00
1.100557968020439148e+00 0.000000000000000000e+00 1.100557968020439148e+00 0.000000000000000000e+00
1.151868700981140137e+00 0.000000000000000000e+00 1.151868700981140137e+00 0.000000000000000000e+00
1.203179359436035156e+00 0.000000000000000000e+00 1.203179359436035156e+00 0.000000000000000000e+00
1.254490017890930176e+00 0.000000000000000000e+00 1.254490017890930176e+00 0.000000000000000000e+00
1.305800676345825195e+00 0.000000000000000000e+00 1.305800676345825195e+00 0.000000000000000000e+00
1.357111334800720215e+00 0.000000000000000000e+00 1.357111334800720215e+00 0.000000000000000000e+00
1.408422142267227173e+00 0.000000000000000000e+00 1.408422142267227173e+00 0.000000000000000000e+00
1.459732800722122192e+00 0.000000000000000000e+00 1.459732800722122192e+00 0.000000000000000000e+00
1.511043459177017212e+00 0.000000000000000000e+00 1.511043459177017212e+00 0.000000000000000000e+00
1.562354117631912231e+00 0.000000000000000000e+00 1.562354117631912231e+00 0.000000000000000000e+00
1.613664776086807251e+00 0.000000000000000000e+00 1.613664776086807251e+00 0.000000000000000000e+00
1.664975434541702271e+00 0.000000000000000000e+00 1.664975434541702271e+00 0.000000000000000000e+00
1.716286092996597290e+00 0.000000000000000000e+00 1.716286092996597290e+00 0.000000000000000000e+00
1.767596751451492310e+00 0.000000000000000000e+00 1.767596751451492310e+00 0.000000000000000000e+00
1.818907409906387329e+00 0.000000000000000000e+00 1.818907409906387329e+00 0.000000000000000000e+00
1.870218068361282349e+00 0.000000000000000000e+00 1.870218068361282349e+00 0.000000000000000000e+00
1.921528726816177368e+00 0.000000000000000000e+00 1.921528726816177368e+00 0.000000000000000000e+00
1.972839385271072388e+00 0.000000000000000000e+00 1.972839385271072388e+00 0.000000000000000000e+00
2.024150043725967407e+00 0.000000000000000000e+00 2.024150043725967407e+00 0.000000000000000000e+00
2.075460702180862427e+00 0.000000000000000000e+00 2.075460702180862427e+00 0.000000000000000000e+00
2.126771360635757446e+00 0.000000000000000000e+00 2.126771360635757446e+00 0.000000000000000000e+00
2.178082168102264404e+00 0.000000000000000000e+00 2.178082168102264404e+00 0.000000000000000000e+00
2.229392826557159424e+00 0.000000000000000000e+00 2.229392826557159424e+00 0.000000000000000000e+00
2.280703485012054443e+00 0.000000000000000000e+00 2.280703485012054443e+00 0.000000000000000000e+00
2.332014143466949463e+00 0.000000000000000000e+00 2.332014143466949463e+00 0.000000000000000000e+00
2.383324801921844482e+00 0.000000000000000000e+00 2.383324801921844482e+00 0.000000000000000000e+00
2.434635460376739502e+00 0.000000000000000000e+00 2.434635460376739502e+00 0.000000000000000000e+00
2.485946118831634521e+00 0.000000000000000000e+00 2.485946118831634521e+00 0.000000000000000000e+00
2.537256777286529541e+00 0.000000000000000000e+00 2.537256777286529541e+00 0.000000000000000000e+00
2.588567435741424561e+00 0.000000000000000000e+00 2.588567435741424561e+00 0.000000000000000000e+00
2.639878094196319580e+00 1.025178571580909193e-04 2.639878094196319580e+00 5.847337888553738594e-06
2.691188752651214600e+00 0.000000000000000000e+00 2.691188752651214600e+00 5.847337888553738594e-06
2.742499411106109619e+00 4.274522361811250448e-04 2.742499411106109619e+00 3.216035838704556227e-05
2.793810069561004639e+00 5.034290952607989311e-04 2.793810069561004639e+00 6.432071677409112453e-05
2.845120728015899658e+00 1.632822677493095398e-03 2.845120728015899658e+00 1.724964677123352885e-04
2.896431386470794678e+00 2.810327103361487389e-03 2.896431386470794678e+00 3.654586034826934338e-04
2.947742044925689697e+00 6.824476178735494614e-03 2.947742044925689697e+00 8.507876191288232803e-04
2.999052703380584717e+00 1.239159982651472092e-02 2.999052703380584717e+00 1.762972329743206501e-03
3.050363361835479736e+00 2.142257988452911377e-02 3.050363361835479736e+00 3.394379746168851852e-03
3.101674020290374756e+00 3.156227245926856995e-02 3.101674020290374756e+00 5.879498086869716644e-03
3.152984678745269775e+00 5.275004357099533081e-02 3.152984678745269775e+00 1.017144415527582169e-02
3.204295337200164795e+00 7.327162474393844604e-02 3.204295337200164795e+00 1.632869057357311249e-02
3.255605995655059814e+00 1.005383282899856567e-01 3.255605995655059814e+00 2.504999563097953796e-02
3.306916654109954834e+00 1.357598155736923218e-01 3.306916654109954834e+00 3.720076382160186768e-02
3.358227312564849854e+00 1.751652061939239502e-01 3.358227312564849854e+00 5.336865037679672241e-02
3.409537971019744873e+00 2.182084470987319946e-01 3.409537971019744873e+00 7.412962615489959717e-02
3.460848629474639893e+00 2.629648745059967041e-01 3.460848629474639893e+00 9.990761429071426392e-02
3.512159287929534912e+00 3.120999336242675781e-01 3.512159287929534912e+00 1.314159929752349854e-01
3.563469946384429932e+00 3.680480122566223145e-01 3.563469946384429932e+00 1.696663498878479004e-01
3.614780604839324951e+00 4.326916933059692383e-01 3.614780604839324951e+00 2.159392535686492920e-01
3.666091263294219971e+00 4.970524311065673828e-01 3.666091263294219971e+00 2.706148028373718262e-01
3.717401921749114990e+00 5.648030638694763184e-01 3.717401921749114990e+00 3.344940543174743652e-01
3.768712580204010010e+00 6.346138715744018555e-01 3.768712580204010010e+00 4.082640707492828369e-01
3.820023238658905029e+00 6.945005655288696289e-01 3.820023238658905029e+00 4.912085533142089844e-01
3.871333897113800049e+00 7.617564201354980469e-01 3.871333897113800049e+00 5.846461057662963867e-01
3.922644555568695068e+00 8.293675780296325684e-01 3.922644555568695068e+00 6.890912652015686035e-01
3.973955214023590088e+00 8.909717798233032227e-01 3.973955214023590088e+00 8.042487502098083496e-01
4.025265872478485107e+00 9.458061456680297852e-01 4.025265872478485107e+00 9.296712279319763184e-01
4.076576530933380127e+00 9.988892674446105957e-01 4.076576530933380127e+00 1.065531253814697266e+00
4.127887189388275146e+00 1.044151067733764648e+00 4.127887189388275146e+00 1.211144566535949707e+00
4.179197847843170166e+00 1.085855960845947266e+00 4.179197847843170166e+00 1.366362094879150391e+00
4.230508804321289062e+00 1.117813706398010254e+00 4.230508804321289062e+00 1.530096292495727539e+00
4.281819462776184082e+00 1.133451700210571289e+00 4.281819462776184082e+00 1.700171947479248047e+00
4.333130121231079102e+00 1.148702383041381836e+00 4.333130121231079102e+00 1.876691341400146484e+00
4.384440779685974121e+00 1.182382822036743164e+00 4.384440779685974121e+00 2.062715530395507812e+00
4.435751438140869141e+00 1.195260047912597656e+00 4.435751438140869141e+00 2.255192279815673828e+00
4.487062096595764160e+00 1.205198645591735840e+00 4.487062096595764160e+00 2.453785419464111328e+00
4.538372755050659180e+00 1.216497182846069336e+00 4.538372755050659180e+00 2.658851623535156250e+00
4.589683413505554199e+00 1.241584062576293945e+00 4.589683413505554199e+00 2.872905015945434570e+00
4.640994071960449219e+00 1.263505935668945312e+00 4.640994071960449219e+00 3.095635890960693359e+00
4.692304730415344238e+00 1.284403800964355469e+00 4.692304730415344238e+00 3.327085256576538086e+00
4.743615388870239258e+00 1.308665275573730469e+00 4.743615388870239258e+00 3.568092107772827148e+00
4.794926047325134277e+00 1.337039947509765625e+00 4.794926047325134277e+00 3.819679737091064453e+00
4.846236705780029297e+00 1.372242689132690430e+00 4.846236705780029297e+00 4.083447456359863281e+00
4.897547364234924316e+00 1.401352405548095703e+00 4.897547364234924316e+00 4.358544349670410156e+00
4.948858022689819336e+00 1.421801209449768066e+00 4.948858022689819336e+00 4.643534660339355469e+00
5.000168681144714355e+00 1.444328308105468750e+00 5.000168681144714355e+00 4.939076423645019531e+00
5.051479339599609375e+00 1.462592959403991699e+00 5.051479339599609375e+00 5.244526863098144531e+00
5.102790594100952148e+00 1.484290361404418945e+00 5.102790594100952148e+00 5.560838699340820312e+00
5.154100656509399414e+00 1.499641418457031250e+00 5.154100656509399414e+00 5.886880397796630859e+00
5.205411911010742188e+00 1.501252293586730957e+00 5.205411911010742188e+00 6.219804286956787109e+00
5.256721973419189453e+00 1.508430004119873047e+00 5.256721973419189453e+00 6.560946941375732422e+00
5.308033227920532227e+00 1.488143444061279297e+00 5.308033227920532227e+00 6.904103755950927734e+00
5.359343290328979492e+00 1.481787443161010742e+00 5.359343290328979492e+00 7.252432823181152344e+00
5.410654544830322266e+00 1.467376708984375000e+00 5.410654544830322266e+00 7.604009628295898438e+00
5.461964607238769531e+00 1.448979973793029785e+00 5.461964607238769531e+00 7.957797050476074219e+00
5.513275861740112305e+00 1.426866173744201660e+00 5.513275861740112305e+00 8.312759399414062500e+00
5.564585924148559570e+00 1.398550033569335938e+00 5.564585924148559570e+00 8.667183876037597656e+00
5.615897178649902344e+00 1.369207978248596191e+00 5.615897178649902344e+00 9.020600318908691406e+00
5.667207241058349609e+00 1.343071222305297852e+00 5.667207241058349609e+00 9.373636245727539062e+00
5.718518495559692383e+00 1.319944500923156738e+00 5.718518495559692383e+00 9.726902961730957031e+00
5.769828557968139648e+00 1.290801048278808594e+00 5.769828557968139648e+00 1.007859706878662109e+01
5.821139812469482422e+00 1.267649650573730469e+00 5.821139812469482422e+00 1.043015384674072266e+01
5.872449874877929688e+00 1.246527314186096191e+00 5.872449874877929688e+00 1.078197383880615234e+01
5.923761129379272461e+00 1.222815990447998047e+00 5.923761129379272461e+00 1.113315868377685547e+01
5.975071191787719727e+00 1.197775125503540039e+00 5.975071191787719727e+00 1.148313617706298828e+01
6.026382446289062500e+00 1.179735779762268066e+00 6.026382446289062500e+00 1.183378982543945312e+01
6.077692508697509766e+00 1.168013453483581543e+00 6.077692508697509766e+00 1.218689632415771484e+01
6.129003763198852539e+00 1.155661940574645996e+00 6.129003763198852539e+00 1.254219245910644531e+01
6.180313825607299805e+00 1.143325209617614746e+00 6.180313825607299805e+00 1.289960479736328125e+01
6.231625080108642578e+00 1.131940364837646484e+00 6.231625080108642578e+00 1.325935935974121094e+01
6.282935142517089844e+00 1.118985295295715332e+00 6.282935142517089844e+00 1.362087726593017578e+01
6.334246397018432617e+00 1.112397074699401855e+00 6.334246397018432617e+00 1.398616027832031250e+01
6.385556459426879883e+00 1.097838878631591797e+00 6.385556459426879883e+00 1.435252571105957031e+01
6.436867713928222656e+00 1.095663070678710938e+00 6.436867713928222656e+00 1.472406578063964844e+01
6.488177776336669922e+00 1.090627551078796387e+00 6.488177776336669922e+00 1.509981822967529297e+01
6.539489030838012695e+00 1.079129934310913086e+00 6.539489030838012695e+00 1.547751235961914062e+01
6.590799093246459961e+00 1.076051950454711914e+00 6.590799093246459961e+00 1.586006259918212891e+01
6.642110347747802734e+00 1.068187832832336426e+00 6.642110347747802734e+00 1.624575233459472656e+01
6.693420410156250000e+00 1.063957929611206055e+00 6.693420410156250000e+00 1.663587570190429688e+01
6.744731664657592773e+00 1.059931159019470215e+00 6.744731664657592773e+00 1.703050041198730469e+01
6.796041727066040039e+00 1.059364557266235352e+00 6.796041727066040039e+00 1.743094062805175781e+01
6.847352981567382812e+00 1.055261611938476562e+00 6.847352981567382812e+00 1.783587455749511719e+01
6.898663043975830078e+00 1.053126215934753418e+00 6.898663043975830078e+00 1.824606895446777344e+01
6.949974298477172852e+00 1.050432324409484863e+00 6.949974298477172852e+00 1.866132354736328125e+01
7.001284360885620117e+00 1.045777678489685059e+00 7.001284360885620117e+00 1.908086395263671875e+01
7.052595615386962891e+00 1.040443897247314453e+00 7.052595615386962891e+00 1.950440406799316406e+01
7.103905677795410156e+00 1.041100382804870605e+00 7.103905677795410156e+00 1.993440246582031250e+01
7.155216932296752930e+00 1.042142271995544434e+00 7.155216932296752930e+00 2.037107086181640625e+01
7.206526994705200195e+00 1.036177039146423340e+00 7.206526994705200195e+00 2.081148910522460938e+01
7.257838249206542969e+00 1.032332301139831543e+00 7.257838249206542969e+00 2.125654220581054688e+01
7.309148311614990234e+00 1.030341506004333496e+00 7.309148311614990234e+00 2.170704078674316406e+01
7.360459566116333008e+00 1.028982400894165039e+00 7.360459566116333008e+00 2.216328430175781250e+01
7.411769628524780273e+00 1.026721239089965820e+00 7.411769628524780273e+00 2.262489318847656250e+01
7.463080883026123047e+00 1.027881741523742676e+00 7.463080883026123047e+00 2.309344673156738281e+01
7.514390945434570312e+00 1.019944667816162109e+00 7.514390945434570312e+00 2.356479835510253906e+01
7.565702199935913086e+00 1.021044492721557617e+00 7.565702199935913086e+00 2.404311943054199219e+01
7.617012262344360352e+00 1.017344951629638672e+00 7.617012262344360352e+00 2.452619743347167969e+01
7.668323516845703125e+00 1.017165184020996094e+00 7.668323516845703125e+00 2.501571846008300781e+01
7.719633579254150391e+00 1.008898377418518066e+00 7.719633579254150391e+00 2.550778007507324219e+01
7.770944833755493164e+00 1.008288979530334473e+00 7.770944833755493164e+00 2.600610160827636719e+01
