# distance (\AA)	RDF	distance (\AA)	cdf
1.256553269922733307e-01 0.000000000000000000e+00 1.256553269922733307e-01 0.000000000000000000e+00
1.769660040736198425e-01 0.000000000000000000e+00 1.769660040736198425e-01 0.000000000000000000e+00
2.282766625285148621e-01 0.000000000000000000e+00 2.282766625285148621e-01 0.000000000000000000e+00
2.795873209834098816e-01 0.000000000000000000e+00 2.795873209834098816e-01 0.000000000000000000e+00
3.308980166912078857e-01 0.000000000000000000e+00 3.308980166912078857e-01 0.000000000000000000e+00
3.822086751461029053e-01 0.000000000000000000e+00 3.822086751461029053e-01 0.000000000000000000e+00
4.335193336009979248e-01 0.000000000000000000e+00 4.335193336009979248e-01 0.000000000000000000e+00
4.848299920558929443e-01 0.000000000000000000e+00 4.848299920558929443e-01 0.000000000000000000e+00
5.361406505107879639e-01 0.000000000000000000e+00 5.361406505107879639e-01 0.000000000000000000e+00
5.874513089656829834e-01 0.000000000000000000e+00 5.874513089656829834e-01 0.000000000000000000e+00
6.387619674205780029e-01 0.000000000000000000e+00 6.387619674205780029e-01 0.000000000000000000e+00
6.900727003812789917e-01 0.000000000000000000e+00 6.900727003812789917e-01 0.000000000000000000e+00
7.413833588361740112e-01 0.000000000000000000e+00 7.413833588361740112e-01 0.000000000000000000e+00
7.926940172910690308e-01 0.000000000000000000e+00 7.926940172910690308e-01 0.000000000000000000e+00
8.440046757459640503e-01 0.000000000000000000e+00 8.440046757459640503e-01 0.000000000000000000e+00
8.953153342008590698e-01 0.000000000000000000e+00 8.953153342008590698e-01 0.000000000000000000e+00
9.466259926557540894e-01 0.000000000000000000e+00 9.466259926557540894e-01 0.000000000000000000e+00
9.979366511106491089e-01 0.000000000000000000e+00 9.979366511106491089e-01 0.000000000000000000e+00
1.049247309565544128e+00 0.000000000000000000e+00 1.049247309565544128e+00 0.000000000000000000e+00
1.100557968020439148e+00 0.000000000000000000e+00 1.100557968020439148e+00 0.000000000000000000e+00
1.151868700981140137e+00 0.000000000000000000e+00 1.151868700981140137e+00 0.000000000000000000e+00
1.203179359436035156e+00 0.000000000000000000e+00 1.203179359436035156e+00 0.000000000000000000e+00
1.254490017890930176e+00 0.000000000000000000e+00 1.254490017890930176e+00 0.000000000000000000e+00
1.305800676345825195e+00 0.000000000000000000e+00 1.305800676345825195e+00 0.000000000000000000e+00
1.357111334800720215e+00 0.000000000000000000e+00 1.357111334800720215e+00 0.000000000000000000e+00
1.408422142267227173e+00 0.000000000000000000e+00 1.408422142267227173e+00 0.000000000000000000e+00
1.459732800722122192e+00 0.000000000000000000e+00 1.459732800722122192e+00 0.000000000000000000e+00
1.511043459177017212e+00 0.000000000000000000e+00 1.511043459177017212e+00 0.000000000000000000e+00
1.562354117631912231e+00 0.000000000000000000e+00 1.562354117631912231e+00 0.000000000000000000e+00
1.613664776086807251e+00 0.000000000000000000e+00 1.613664776086807251e+00 0.000000000000000000e+00
1.664975434541702271e+00 0.000000000000000000e+00 1.664975434541702271e+00 0.000000000000000000e+00
1.716286092996597290e+00 0.000000000000000000e+00 1.716286092996597290e+00 0.000000000000000000e+00
1.767596751451492310e+00 0.000000000000000000e+00 1.767596751451492310e+00 0.000000000000000000e+00
1.818907409906387329e+00 0.000000000000000000e+00 1.818907409906387329e+00 0.000000000000000000e+00
1.870218068361282349e+00 0.000000000000000000e+00 1.870218068361282349e+00 0.000000000000000000e+00
1.921528726816177368e+00 0.000000000000000000e+00 1.921528726816177368e+00 0.000000000000000000e+00
1.972839385271072388e+00 0.000000000000000000e+00 1.972839385271072388e+00 0.000000000000000000e+00
2.024150043725967407e+00 0.000000000000000000e+00 2.024150043725967407e+00 0.000000000000000000e+00
2.075460702180862427e+00 0.000000000000000000e+00 2.075460702180862427e+00 0.000000000000000000e+00
2.126771360635757446e+00 0.000000000000000000e+00 2.126771360635757446e+00 0.000000000000000000e+00
2.178082168102264404e+00 0.000000000000000000e+00 2.178082168102264404e+00 0.000000000000000000e+00
2.229392826557159424e+00 0.000000000000000000e+00 2.229392826557159424e+00 0.000000000000000000e+00
2.280703485012054443e+00 0.000000000000000000e+00 2.280703485012054443e+00 0.000000000000000000e+00
2.332014143466949463e+00 0.000000000000000000e+00 2.332014143466949463e+00 0.000000000000000000e+00
2.383324801921844482e+00 0.000000000000000000e+00 2.383324801921844482e+00 0.000000000000000000e+00
2.434635460376739502e+00 0.000000000000000000e+00 2.434635460376739502e+00 0.000000000000000000e+00
2.485946118831634521e+00 0.000000000000000000e+00 2.485946118831634521e+00 0.000000000000000000e+00
2.537256777286529541e+00 0.000000000000000000e+00 2.537256777286529541e+00 0.000000000000000000e+00
2.588567435741424561e+00 0.000000000000000000e+00 2.588567435741424561e+00 0.000000000000000000e+00
2.639878094196319580e+00 0.000000000000000000e+00 2.639878094196319580e+00 0.000000000000000000e+00
2.691188752651214600e+00 0.000000000000000000e+00 2.691188752651214600e+00 0.000000000000000000e+00
2.742499411106109619e+00 0.000000000000000000e+00 2.742499411106109619e+00 0.000000000000000000e+00
2.793810069561004639e+00 0.000000000000000000e+00 2.793810069561004639e+00 0.000000000000000000e+00
2.845120728015899658e+00 0.000000000000000000e+00 2.845120728015899658e+00 0.000000000000000000e+00
2.896431386470794678e+00 0.000000000000000000e+00 2.896431386470794678e+00 0.000000000000000000e+00
2.947742044925689697e+00 0.000000000000000000e+00 2.947742044925689697e+00 0.000000000000000000e+00
2.999052703380584717e+00 0.000000000000000000e+00 2.999052703380584717e+00 0.000000000000000000e+00
3.050363361835479736e+00 0.000000000000000000e+00 3.050363361835479736e+00 0.000000000000000000e+00
3.101674020290374756e+00 0.000000000000000000e+00 3.101674020290374756e+00 0.000000000000000000e+00
3.152984678745269775e+00 0.000000000000000000e+00 3.152984678745269775e+00 0.000000000000000000e+00
3.204295337200164795e+00 0.000000000000000000e+00 3.204295337200164795e+00 0.000000000000000000e+00
3.255605995655059814e+00 0.000000000000000000e+00 3.255605995655059814e+00 0.000000000000000000e+00
3.306916654109954834e+00 0.000000000000000000e+00 3.306916654109954834e+00 0.000000000000000000e+00
3.358227312564849854e+00 0.000000000000000000e+00 3.358227312564849854e+00 0.000000000000000000e+00
3.409537971019744873e+00 0.000000000000000000e+00 3.409537971019744873e+00 0.000000000000000000e+00
3.460848629474639893e+00 0.000000000000000000e+00 3.460848629474639893e+00 0.000000000000000000e+00
3.512159287929534912e+00 0.000000000000000000e+00 3.512159287929534912e+00 0.000000000000000000e+00
3.563469946384429932e+00 0.000000000000000000e+00 3.563469946384429932e+00 0.000000000000000000e+00
3.614780604839324951e+00 0.000000000000000000e+00 3.614780604839324951e+00 0.000000000000000000e+00
3.666091263294219971e+00 0.000000000000000000e+00 3.666091263294219971e+00 0.000000000000000000e+00
3.717401921749114990e+00 0.000000000000000000e+00 3.717401921749114990e+00 0.000000000000000000e+00
3.768712580204010010e+00 2.794572501443326473e-04 3.768712580204010010e+00 5.847337888553738594e-06
3.820023238658905029e+00 0.000000000000000000e+00 3.820023238658905029e+00 5.847337888553738594e-06
3.871333897113800049e+00 0.000000000000000000e+00 3.871333897113800049e+00 5.847337888553738594e-06
3.922644555568695068e+00 5.159105639904737473e-04 3.922644555568695068e+00 1.754201366566121578e-05
3.973955214023590088e+00 0.000000000000000000e+00 3.973955214023590088e+00 1.754201366566121578e-05
4.025265872478485107e+00 1.224848558194935322e-03 4.025265872478485107e+00 4.677870310842990875e-05
4.076576530933380127e+00 7.165272836573421955e-04 4.076576530933380127e+00 6.432071677409112453e-05
4.127887189388275146e+00 1.164710149168968201e-03 4.127887189388275146e+00 9.355740621685981750e-05
4.179197847843170166e+00 1.363541116006672382e-03 4.179197847843170166e+00 1.286414335481822491e-04
4.230508804321289062e+00 2.439541975036263466e-03 4.230508804321289062e+00 1.929621503222733736e-04
4.281819462776184082e+00 4.329885821789503098e-03 4.281819462776184082e+00 3.099089080933481455e-04
4.333130121231079102e+00 4.650753457099199295e-03 4.333130121231079102e+00 4.385503416415303946e-04
4.384440779685974121e+00 6.400823127478361130e-03 4.384440779685974121e+00 6.198178161866962910e-04
4.435751438140869141e+00 9.077832102775573730e-03 4.435751438140869141e+00 8.829480502754449844e-04
4.487062096595764160e+00 1.143425982445478439e-02 4.487062096595764160e+00 1.222093589603900909e-03
4.538372755050659180e+00 1.348965428769588470e-02 4.538372755050659180e+00 1.631407300010323524e-03
4.589683413505554199e+00 1.733513548970222473e-02 4.589683413505554199e+00 2.169362269341945648e-03
4.640994071960449219e+00 2.266665920615196228e-02 4.640994071960449219e+00 2.888584975153207779e-03
4.692304730415344238e+00 2.992536127567291260e-02 4.692304730415344238e+00 3.859243122860789299e-03
4.743615388870239258e+00 3.104542382061481476e-02 4.743615388870239258e+00 4.888374358415603638e-03
4.794926047325134277e+00 4.695801809430122375e-02 4.794926047325134277e+00 6.478850264102220535e-03
4.846236705780029297e+00 5.458806082606315613e-02 4.846236705780029297e+00 8.367540314793586731e-03
4.897547364234924316e+00 7.016384601593017578e-02 4.897547364234924316e+00 1.084681134670972824e-02
4.948858022689819336e+00 8.038515597581863403e-02 4.948858022689819336e+00 1.374709047377109528e-02
5.000168681144714355e+00 9.842922538518905640e-02 5.000168681144714355e+00 1.737244054675102234e-02
5.051479339599609375e+00 1.263061761856079102e-01 5.051479339599609375e+00 2.212047949433326721e-02
5.102790594100952148e+00 1.426806449890136719e-01 5.102790594100952148e+00 2.759358659386634827e-02
5.154100656509399414e+00 1.645080894231796265e-01 5.154100656509399414e+00 3.403150662779808044e-02
5.205411911010742188e+00 2.053724527359008789e-01 5.205411911010742188e+00 4.222947359085083008e-02
5.256721973419189453e+00 2.364312261343002319e-01 5.256721973419189453e+00 5.185419321060180664e-02
5.308033227920532227e+00 2.772444486618041992e-01 5.308033227920532227e+00 6.336175650358200073e-02
5.359343290328979492e+00 3.197757303714752197e-01 5.359343290328979492e+00 7.689249515533447266e-02
5.410654544830322266e+00 3.500765264034271240e-01 5.410654544830322266e+00 9.199032187461853027e-02
5.461964607238769531e+00 3.858368992805480957e-01 5.461964607238769531e+00 1.089476048946380615e-01
5.513275861740112305e+00 4.377138018608093262e-01 5.513275861740112305e+00 1.285478770732879639e-01
5.564585924148559570e+00 4.673652052879333496e-01 5.564585924148559570e+00 1.498672664165496826e-01
5.615897178649902344e+00 5.069420337677001953e-01 5.615897178649902344e+00 1.734203398227691650e-01
5.667207241058349609e+00 5.536608099937438965e-01 5.667207241058349609e+00 1.996164172887802124e-01
5.718518495559692383e+00 5.868604183197021484e-01 5.718518495559692383e+00 2.278883010149002075e-01
5.769828557968139648e+00 6.105690598487854004e-01 5.769828557968139648e+00 2.578325271606445312e-01
5.821139812469482422e+00 6.522122025489807129e-01 5.821139812469482422e+00 2.903904914855957031e-01
5.872449874877929688e+00 6.902419328689575195e-01 5.872449874877929688e+00 3.254569768905639648e-01
5.923761129379272461e+00 7.376064062118530273e-01 5.923761129379272461e+00 3.635874688625335693e-01
5.975071191787719727e+00 7.472300529479980469e-01 5.975071191787719727e+00 4.028874337673187256e-01
6.026382446289062500e+00 7.947791814804077148e-01 6.026382446289062500e+00 4.454092681407928467e-01
6.077692508697509766e+00 7.842095494270324707e-01 6.077692508697509766e+00 4.880831241607666016e-01
6.129003763198852539e+00 8.519672155380249023e-01 6.129003763198852539e+00 5.352302193641662598e-01
6.180313825607299805e+00 8.678086996078491211e-01 6.180313825607299805e+00 5.840613245964050293e-01
6.231625080108642578e+00 9.018185734748840332e-01 6.231625080108642578e+00 6.356523633003234863e-01
6.282935142517089844e+00 9.264647960662841797e-01 6.282935142517089844e+00 6.895297169685363770e-01
6.334246397018432617e+00 9.605833292007446289e-01 6.334246397018432617e+00 7.463073730468750000e-01
6.385556459426879883e+00 9.940795302391052246e-01 6.385556459426879883e+00 8.060203790664672852e-01
6.436867713928222656e+00 1.024561524391174316e+00 6.436867713928222656e+00 8.685576319694519043e-01
6.488177776336669922e+00 1.057165265083312988e+00 6.488177776336669922e+00 9.341179728507995605e-01
6.539489030838012695e+00 1.098839163780212402e+00 6.539489030838012695e+00 1.003344655036926270e+00
6.590799093246459961e+00 1.107106804847717285e+00 6.590799093246459961e+00 1.074190974235534668e+00
6.642110347747802734e+00 1.120927691459655762e+00 6.642110347747802734e+00 1.147042989730834961e+00
6.693420410156250000e+00 1.156784176826477051e+00 6.693420410156250000e+00 1.223391652107238770e+00
6.744731664657592773e+00 1.186548590660095215e+00 6.744731664657592773e+00 1.302909612655639648e+00
6.796041727066040039e+00 1.198599576950073242e+00 6.796041727066040039e+00 1.384462475776672363e+00
6.847352981567382812e+00 1.240644574165344238e+00 6.847352981567382812e+00 1.470155239105224609e+00
6.898663043975830078e+00 1.255785822868347168e+00 6.898663043975830078e+00 1.558198571205139160e+00
6.949974298477172852e+00 1.251031160354614258e+00 6.949974298477172852e+00 1.647218465805053711e+00
7.001284360885620117e+00 1.274303674697875977e+00 7.001284360885620117e+00 1.739238023757934570e+00
7.052595615386962891e+00 1.303553223609924316e+00 7.052595615386962891e+00 1.834754228591918945e+00
7.103905677795410156e+00 1.313335537910461426e+00 7.103905677795410156e+00 1.932393074035644531e+00
7.155216932296752930e+00 1.303022623062133789e+00 7.155216932296752930e+00 2.030669212341308594e+00
7.206526994705200195e+00 1.331609725952148438e+00 7.206526994705200195e+00 2.132547378540039062e+00
7.257838249206542969e+00 1.321369767189025879e+00 7.257838249206542969e+00 2.235086202621459961e+00
7.309148311614990234e+00 1.350352168083190918e+00 7.309148311614990234e+00 2.341361522674560547e+00
7.360459566116333008e+00 1.344411253929138184e+00 7.360459566116333008e+00 2.448660135269165039e+00
7.411769628524780273e+00 1.347036838531494141e+00 7.411769628524780273e+00 2.557672023773193359e+00
7.463080883026123047e+00 1.351735115051269531e+00 7.463080883026123047e+00 2.668584346771240234e+00
7.514390945434570312e+00 1.355899691581726074e+00 7.514390945434570312e+00 2.781373739242553711e+00
7.565702199935913086e+00 1.346250534057617188e+00 7.565702199935913086e+00 2.894893884658813477e+00
7.617012262344360352e+00 1.358060598373413086e+00 7.617012262344360352e+00 3.010969400405883789e+00
7.668323516845703125e+00 1.358914852142333984e+00 7.668323516845703125e+00 3.128688097000122070e+00
7.719633579254150391e+00 1.367220401763916016e+00 7.719633579254150391e+00 3.248716354370117188e+00
7.770944833755493164e+00 1.337005019187927246e+00 7.770944833755493164e+00 3.367656946182250977e+00
