S(Q) d_Q
0.704995 0.3198615
0.728325 0.3742156
0.751655 0.4366131
0.774985 0.5082868
0.798315 0.5841398
0.821645 0.6602309
0.844975 0.7379839
0.868305 0.8126221
0.891635 0.8759727
0.914965 0.9305703
0.938295 0.9734363
0.961625 1.002227
0.984955 1.018651
1.008285 1.024297
1.031615 1.020404
1.054945 1.010197
1.078275 0.9951946
1.101605 0.9763176
1.124935 0.9572675
1.148265 0.937422
1.171595 0.9177299
1.194925 0.8986539
1.218255 0.8815924
1.241585 0.8656187
1.264915 0.850571
1.288245 0.8381821
1.311575 0.8261736
1.334905 0.8153697
1.358235 0.805262
1.381565 0.7960213
1.404895 0.7866484
1.428225 0.7764338
1.451555 0.7668887
1.474885 0.7565224
1.498215 0.7456782
1.521545 0.7346943
1.544875 0.7229307
1.568205 0.7110382
1.591535 0.6988153
1.614865 0.6873708
1.638195 0.6762665
1.661525 0.6659288
1.684855 0.6570971
1.708185 0.6493182
1.731515 0.6430053
1.754845 0.6385543
1.778175 0.6361258
1.801505 0.6353815
1.824835 0.6364465
1.848165 0.6396039
1.871495 0.6442089
1.894825 0.6504195
1.918155 0.6579952
1.941485 0.6671937
1.964815 0.67819
1.988145 0.6906832
2.011475 0.7043626
2.034805 0.7193655
2.058135 0.7360509
2.081465 0.7539765
2.104795 0.7733786
2.128125 0.7940542
2.151455 0.8162078
2.174785 0.8392859
2.198115 0.8636359
2.221445 0.889573
2.244775 0.9155187
2.268105 0.9421689
2.291435 0.9690718
2.314765 0.9955969
2.338095 1.021159
2.361425 1.0456
2.384755 1.068592
2.408085 1.088945
2.431415 1.107113
2.454745 1.122582
2.478075 1.134726
2.501405 1.143668
2.524735 1.149511
2.548065 1.15189
2.571395 1.151394
2.594725 1.148139
2.618055 1.141627
2.641385 1.133274
2.664715 1.123155
2.688045 1.11114
2.711375 1.097465
2.734705 1.083594
2.758035 1.068745
2.781365 1.052482
2.804695 1.036596
2.828025 1.020972
2.851355 1.004801
2.874685 0.9884098
2.898015 0.9730724
2.921345 0.9580498
2.944675 0.9426905
2.968005 0.9280543
2.991335 0.9143829
3.014665 0.9008137
3.037995 0.8874052
3.061325 0.8752414
3.084655 0.8635727
3.107985 0.8518204
3.131315 0.8404509
3.154645 0.8300217
3.177975 0.8196992
3.201305 0.8093855
3.224635 0.8001404
3.247965 0.7910596
3.271295 0.7820598
3.294625 0.7734518
3.317955 0.7652687
3.341285 0.7572989
3.364615 0.7492862
3.387945 0.7419111
3.411275 0.7347682
3.434605 0.727518
3.457935 0.7208451
3.481265 0.7146856
3.504595 0.7082028
3.527925 0.7016271
3.551255 0.695771
3.574585 0.6901389
3.597915 0.6844337
3.621245 0.6791315
3.644575 0.6743564
3.667905 0.6697108
3.691235 0.6652942
3.714565 0.6613316
3.737895 0.6577881
3.761225 0.6544845
3.784555 0.6515147
3.807885 0.6492322
3.831215 0.6473199
3.854545 0.6456999
3.877875 0.644739
3.901205 0.6442092
3.924535 0.6443072
3.947865 0.6453253
3.971195 0.6468898
3.994525 0.649229
4.017855 0.6522326
4.041185 0.6559494
4.064515 0.6605581
4.087845 0.6658569
4.111175 0.6718165
4.134505 0.6785664
4.157835 0.6861074
4.181165 0.6944565
4.204495 0.7035526
4.227825 0.7133273
4.251155 0.7239262
4.274485 0.735498
4.297815 0.7479003
4.321145 0.761064
4.344475 0.775036
4.367805 0.789781
4.391135 0.80506
4.414465 0.8209303
4.437795 0.8373204
4.461125 0.8543741
4.484455 0.8718267
4.507785 0.8897434
4.531115 0.9080765
4.554445 0.9266866
4.577775 0.9454576
4.601105 0.964544
4.624435 0.9838977
4.647765 1.003653
4.671095 1.02361
4.694425 1.043555
4.717755 1.063604
4.741085 1.083589
4.764416 1.103463
4.787746 1.123026
4.811076 1.14225
4.834406 1.161074
4.857736 1.179547
4.881066 1.19752
4.904396 1.214883
4.927726 1.231502
4.951056 1.247422
4.974386 1.262619
4.997716 1.276539
5.021046 1.289642
5.044376 1.301884
5.067706 1.312939
5.091036 1.322817
5.114366 1.331526
5.137696 1.339279
5.161026 1.345495
5.184356 1.35036
5.207686 1.354104
5.231016 1.356486
5.254346 1.357419
5.277676 1.357171
5.301006 1.355436
5.324336 1.352605
5.347666 1.348518
5.370996 1.343322
5.394326 1.336869
5.417656 1.32911
5.440986 1.320279
5.464316 1.31079
5.487646 1.300128
5.510976 1.288582
5.534306 1.276497
5.557636 1.263691
5.580966 1.250389
5.604296 1.236708
5.627626 1.222621
5.650956 1.208128
5.674286 1.193334
5.697616 1.178036
5.720946 1.162985
5.744276 1.147724
5.767606 1.132503
5.790936 1.117506
5.814266 1.102923
5.837596 1.08827
5.860926 1.074074
5.884256 1.060158
5.907586 1.046709
5.930916 1.033697
5.954246 1.021149
5.977576 1.009319
6.000906 0.9981709
6.024236 0.987368
6.047566 0.9773799
6.070896 0.9683469
6.094226 0.9600751
6.117556 0.9524606
6.140886 0.9455324
6.164216 0.9394324
6.187546 0.9340091
6.210876 0.9292113
6.234206 0.9249361
6.257536 0.9215645
6.280866 0.918911
6.304196 0.9166498
6.327526 0.9151865
6.350856 0.9143975
6.374186 0.9139612
6.397516 0.9141852
6.420846 0.9149051
6.444176 0.9159009
6.467506 0.9173673
6.490836 0.9192375
6.514166 0.9214062
6.537496 0.9239405
6.560826 0.9265629
6.584156 0.9293952
6.607486 0.9321687
6.630816 0.9343642
6.654146 0.9375501
6.677476 0.9407939
6.700806 0.9436397
6.724136 0.9464995
6.747466 0.9491817
6.770796 0.9517541
6.794126 0.9542333
6.817456 0.9563045
6.840786 0.9583388
6.864116 0.9603305
6.887446 0.9618135
6.910776 0.9629816
6.934106 0.9640446
6.957436 0.9649865
6.980766 0.9656433
7.004096 0.9660143
7.027426 0.9662365
7.050756 0.9661581
7.074086 0.9660034
7.097416 0.9659259
7.120746 0.9654411
7.144076 0.9648868
7.167406 0.9642443
7.190736 0.9633583
7.214066 0.9623596
7.237396 0.9612086
7.260726 0.9599716
7.284056 0.9585114
7.307386 0.956938
7.330716 0.9552773
7.354046 0.9538981
7.377376 0.9524061
7.400706 0.9506901
7.424036 0.9490131
7.447366 0.9474172
7.470696 0.9458384
7.494026 0.9442766
7.517356 0.9428435
7.540686 0.9414989
7.564016 0.9401344
7.587346 0.9389191
7.610676 0.9379477
7.634006 0.9369879
7.657336 0.9359554
7.680666 0.934907
7.703996 0.9339609
7.727326 0.9331316
7.750656 0.932375
7.773986 0.931714
7.797316 0.9308699
7.820646 0.9302655
7.843976 0.9296678
7.867306 0.9290654
7.890636 0.9286144
7.913966 0.9280718
7.937296 0.9277432
7.960626 0.9273572
7.983956 0.9269747
8.007286 0.9268998
8.030616 0.9269084
8.053946 0.9270137
8.077276 0.9273765
8.100606 0.9276356
8.123936 0.9279834
8.147266 0.9285336
8.170596 0.9289779
8.193926 0.9293434
8.217256 0.9299406
8.240586 0.9306262
8.263916 0.9312639
8.287246 0.9319779
8.310576 0.9328607
8.333906 0.9341596
8.357236 0.9354608
8.380566 0.9367465
8.403896 0.9379559
8.427226 0.9393351
8.450556 0.9410397
8.473886 0.942747
8.497216 0.9444482
8.520546 0.9464572
8.543876 0.9484823
8.567206 0.9506957
8.590536 0.9529363
8.613866 0.9551296
8.637196 0.9575163
8.660526 0.9597299
8.683856 0.9621439
8.707186 0.9647045
8.730516 0.9671085
8.753846 0.9697773
8.777176 0.9722783
8.800506 0.9746845
8.823836 0.977262
8.847166 0.9798054
8.870496 0.9827684
8.893826 0.985475
8.917156 0.988057
8.940486 0.9909125
8.963816 0.9938092
8.987146 0.9968434
9.010476 0.9999855
9.033806 1.003158
9.057136 1.006596
9.080466 1.010078
9.103796 1.013817
9.127126 1.017476
9.150456 1.021131
9.173786 1.025064
9.197116 1.029032
9.220446 1.033016
9.243776 1.037022
9.267106 1.041351
9.290436 1.045679
9.313766 1.050153
9.337096 1.054633
9.360426 1.059096
9.383756 1.063685
9.407086 1.068521
9.430416 1.073322
9.453746 1.078269
9.477076 1.083058
9.500406 1.088
9.523736 1.093125
9.547066 1.098062
9.570396 1.103155
9.593726 1.108319
9.617056 1.113206
9.640386 1.11849
9.663716 1.123643
9.687046 1.128685
9.710376 1.133777
9.733706 1.138314
9.757036 1.142975
9.780366 1.147705
9.803696 1.152209
9.827026 1.156493
9.850356 1.16041
9.873686 1.164248
9.897016 1.16813
9.920346 1.171852
9.943676 1.175155
9.967006 1.178252
9.990336 1.181129
10.01367 1.183437
10.037 1.185815
10.06033 1.187772
10.08366 1.189425
10.10699 1.191037
10.13032 1.192113
10.15365 1.192826
10.17698 1.193336
10.20031 1.19352
10.22364 1.192971
10.24697 1.192038
10.2703 1.190794
10.29363 1.189101
10.31696 1.187067
10.34029 1.184338
10.36362 1.181487
10.38695 1.178092
10.41028 1.174132
10.43361 1.16979
10.45694 1.165086
10.48027 1.160202
10.5036 1.155229
10.52693 1.150094
10.55026 1.144376
10.57359 1.138086
10.59692 1.131664
10.62025 1.125012
10.64358 1.118165
10.66691 1.110926
10.69024 1.103717
10.71357 1.096174
10.7369 1.088705
10.76023 1.081216
10.78356 1.073504
10.80689 1.065736
10.83022 1.057874
10.85355 1.050124
10.87688 1.042315
10.90021 1.034615
10.92354 1.027225
10.94687 1.019767
10.9702 1.012715
10.99353 1.005782
11.01686 0.9991751
11.04019 0.9925463
11.06352 0.9860019
11.08685 0.9801046
11.11018 0.9742297
11.13351 0.9685753
11.15684 0.9632741
11.18017 0.9578788
11.2035 0.9529095
11.22683 0.9483517
11.25016 0.9439554
11.27349 0.9395479
11.29682 0.9356952
11.32015 0.9319762
11.34348 0.9287213
11.36681 0.9262205
11.39014 0.9235602
11.41347 0.9213248
11.4368 0.9195259
11.46013 0.917861
11.48346 0.916725
11.50679 0.915695
11.53012 0.9150583
11.55345 0.9150678
11.57678 0.9154595
11.60011 0.9160583
11.62344 0.9168281
11.64677 0.9177757
11.6701 0.9186702
11.69343 0.9200296
11.71676 0.9216813
11.74009 0.9235096
11.76342 0.9257711
11.78675 0.9280053
11.81008 0.9301763
11.83341 0.9324257
11.85674 0.9346604
11.88007 0.937019
11.9034 0.9392963
11.92673 0.9418299
11.95006 0.944002
11.97339 0.9461153
11.99672 0.9483715
12.02005 0.9503269
12.04338 0.9522019
12.06671 0.9541882
12.09004 0.9561535
12.11337 0.9582236
12.1367 0.9602422
12.16003 0.9625458
12.18336 0.9647786
12.20669 0.966628
12.23002 0.9685058
12.25335 0.9703136
12.27668 0.9717305
12.30001 0.97342
12.32334 0.9753713
12.34667 0.9777173
12.37 0.9795777
12.39333 0.9815587
12.41666 0.9835126
12.43999 0.9851965
12.46332 0.986478
12.48665 0.9882875
12.50998 0.9902986
12.53331 0.9920149
12.55664 0.9938209
12.57997 0.9950984
12.6033 0.9961194
12.62663 0.9968718
12.64996 0.9974344
12.67329 0.9977187
12.69662 0.9979677
12.71995 0.9982892
12.74328 0.9987169
12.76661 0.9988184
12.78994 0.9985335
12.81327 0.9986336
12.8366 0.9981735
12.85993 0.9977112
12.88326 0.9977073
12.90659 0.9976193
12.92992 0.9974128
12.95325 0.9970531
12.97658 0.9967292
12.99991 0.9964765
13.02324 0.996063
13.04657 0.9954939
13.0699 0.99505
13.09323 0.9950657
13.11656 0.9950691
13.13989 0.9951197
13.16322 0.9951342
13.18655 0.9948536
13.20988 0.9943793
13.23321 0.9940685
13.25654 0.9939386
13.27987 0.9941708
13.3032 0.994089
13.32653 0.9940429
13.34986 0.9941856
13.37319 0.9942346
13.39652 0.9941594
13.41985 0.9940437
13.44318 0.9938161
13.46651 0.9937362
13.48984 0.9940098
13.51317 0.9944626
13.5365 0.9947483
13.55983 0.9952919
13.58316 0.9954296
13.60649 0.9956934
13.62982 0.9960661
13.65315 0.9964432
13.67648 0.9968522
13.69981 0.9974781
13.72314 0.9979746
13.74647 0.9983101
13.7698 0.999019
13.79313 0.9993963
13.81646 0.9998247
13.83979 1.000733
13.86312 1.001523
13.88645 1.002392
13.90978 1.003212
13.93311 1.004107
13.95644 1.004788
13.97977 1.005432
14.0031 1.00584
14.02643 1.006643
14.04976 1.007997
14.07309 1.009134
14.09642 1.009807
14.11975 1.010548
14.14308 1.011513
14.16641 1.012206
14.18974 1.013139
14.21307 1.014271
14.2364 1.01528
14.25973 1.016837
14.28306 1.018598
14.30639 1.020639
14.32972 1.022431
14.35305 1.024481
14.37638 1.026576
14.39971 1.028611
14.42304 1.03037
14.44637 1.032676
14.4697 1.034662
14.49303 1.036613
14.51636 1.038725
14.53969 1.040367
14.56302 1.042148
14.58635 1.043818
14.60968 1.045645
14.63301 1.047526
14.65634 1.049005
14.67967 1.050709
14.703 1.051961
14.72633 1.05325
14.74966 1.054734
14.77299 1.055851
14.79632 1.05705
14.81965 1.058443
14.84298 1.059377
14.86631 1.060342
14.88964 1.060837
14.91297 1.061227
14.9363 1.062165
14.95963 1.062562
14.98296 1.062777
15.00629 1.063251
15.02962 1.063343
15.05295 1.062981
15.07628 1.06268
15.09961 1.062571
15.12294 1.062503
15.14627 1.061576
15.1696 1.061094
15.19293 1.06039
15.21626 1.058926
15.23959 1.0575
15.26292 1.05585
15.28625 1.054151
15.30958 1.05268
15.33291 1.051282
15.35624 1.049855
15.37957 1.047971
15.4029 1.04663
15.42623 1.04497
15.44956 1.043222
15.47289 1.0411
15.49622 1.039369
15.51955 1.036852
15.54288 1.034517
15.56621 1.03257
15.58954 1.030833
15.61287 1.028937
15.6362 1.027478
15.65953 1.025988
15.68286 1.023947
15.70619 1.021822
15.72952 1.019745
15.75285 1.017468
15.77618 1.014518
15.79951 1.012095
15.82284 1.009386
15.84617 1.006545
15.8695 1.003546
15.89283 1.000497
15.91616 0.9976013
15.93949 0.9946097
15.96282 0.9909133
15.98615 0.9874348
16.00948 0.9839524
16.03281 0.9806721
16.05614 0.9776818
16.07947 0.9747217
16.1028 0.9715875
16.12613 0.9688215
16.14946 0.9659914
16.17279 0.963059
16.19612 0.9608568
16.21945 0.9586231
16.24278 0.9570457
16.26611 0.9557106
16.28944 0.954183
16.31277 0.9526645
16.3361 0.9509285
16.35943 0.9496319
16.38276 0.9481997
16.40609 0.947067
16.42942 0.945431
16.45275 0.9440877
16.47608 0.9427989
16.49941 0.9418479
16.52274 0.9407825
16.54607 0.9403929
16.5694 0.9399869
16.59273 0.9400891
16.61606 0.9398942
16.63939 0.9401407
16.66272 0.93999
16.68605 0.9409065
16.70938 0.9414236
16.73271 0.9421291
16.75604 0.9429749
16.77937 0.9441455
16.8027 0.9432647
16.82603 0.9420247
16.84936 0.9414785
16.87269 0.9421609
16.89602 0.9441366
16.91935 0.9463882
16.94268 0.9481926
16.96601 0.9500021
16.98934 0.9515422
17.01267 0.9531655
17.036 0.954452
17.05933 0.9560186
17.08266 0.9569364
17.10599 0.9576813
17.12932 0.9584979
17.15265 0.9592518
17.17598 0.9601315
17.19931 0.9620059
17.22264 0.9655353
17.24597 0.9694163
17.2693 0.9723228
17.29263 0.9751397
17.31596 0.9771315
17.33929 0.9792096
17.36262 0.9821834
17.38595 0.984065
17.40928 0.9862393
17.43261 0.9887646
17.45594 0.9916593
17.47927 0.9936595
17.5026 0.9963042
17.52593 0.9987011
17.54926 1.001456
17.57259 1.00344
17.59592 1.004691
17.61925 1.006764
17.64258 1.008829
17.66591 1.01019
17.68924 1.011603
17.71257 1.012729
17.7359 1.013676
17.75923 1.014748
17.78256 1.016019
17.80589 1.016561
17.82922 1.016783
17.85255 1.01735
17.87588 1.015247
17.89921 1.016874
17.92254 1.01788
17.94587 1.018043
17.9692 1.018803
17.99253 1.019587
18.01586 1.019817
18.03919 1.020411
18.06252 1.021037
18.08585 1.021753
18.10918 1.021912
18.13251 1.022668
18.15584 1.023444
18.17917 1.023414
18.2025 1.024006
18.22583 1.02505
18.24916 1.02593
18.27249 1.025908
18.29582 1.025777
18.31915 1.025265
18.34248 1.024312
18.36581 1.023638
18.38914 1.023708
18.41247 1.024168
18.4358 1.024949
18.45913 1.024652
18.48246 1.024124
18.50579 1.024035
18.52912 1.023448
18.55245 1.022869
18.57578 1.022314
18.59911 1.021804
18.62244 1.020888
18.64577 1.019678
18.6691 1.018283
18.69243 1.015619
18.71576 1.013426
18.73909 1.012556
18.76242 1.011345
18.78575 1.011509
18.80908 1.011359
18.83241 1.011148
18.85574 1.010237
18.87907 1.010004
18.9024 1.009133
18.92573 1.010048
18.94906 1.009084
18.97239 1.007548
18.99572 1.006491
19.01905 1.004755
19.04238 1.0039
19.06571 1.002353
19.08904 1.001289
19.11237 1.00014
19.1357 0.9991714
19.15903 0.9991851
19.18236 0.9997548
19.20569 1.000712
19.22902 1.000435
19.25235 1.000539
19.27568 1.000213
19.29901 0.999834
19.32234 0.9999401
19.34567 0.9992115
19.369 0.9983647
19.39233 0.9985231
19.41566 0.9982262
19.43899 0.9978363
19.46232 0.9976387
19.48565 0.997039
19.50898 0.9967212
19.53231 0.9961808
19.55564 0.9961938
19.57897 0.9962355
19.6023 0.9958333
19.62563 0.995908
19.64896 0.9951564
19.67229 0.9948271
19.69562 0.9944955
19.71895 0.9948898
19.74228 0.9958984
19.76561 0.9955674
19.78894 0.9953007
19.81227 0.9956398
19.8356 0.9955835
19.85893 0.9956519
19.88226 0.995855
19.90559 0.9967564
19.92892 0.9967164
19.95225 0.9972334
19.97558 0.9966239
19.99891 0.9964016
20.02224 0.9971413
20.04557 0.9969934
20.0689 0.9958525
20.09223 0.9950393
20.11556 0.9952331
20.13889 0.9945016
20.16222 0.9952105
20.18555 0.9953678
20.20888 0.9955847
20.23221 0.9951976
20.25554 0.9961742
20.27887 0.995837
20.3022 0.9960503
20.32553 0.9966344
20.34886 0.9973389
20.37219 0.9982957
20.39552 0.9990141
20.41885 1.000967
20.44218 1.001427
20.46551 1.001774
20.48884 1.002353
20.51217 1.00267
20.5355 1.003026
20.55883 1.00255
20.58216 1.00209
20.60549 1.002025
20.62882 1.001244
20.65215 1.000875
20.67548 1.001603
20.69881 1.001231
20.72214 1.001848
20.74547 1.002936
20.7688 1.004074
20.79213 1.005719
20.81546 1.00522
20.83879 1.004949
20.86212 1.003426
20.88545 1.00349
20.90878 1.002796
20.93211 1.002169
20.95544 1.001929
20.97877 1.001234
21.0021 1.000499
21.02543 1.000781
21.04876 1.001523
21.07209 1.001228
21.09542 1.000652
21.11875 1.000182
21.14208 0.9990195
21.16541 0.9999343
21.18874 1.000032
21.21207 0.9989479
21.2354 0.9981999
21.25873 0.997769
21.28206 0.9974476
21.30539 0.9971082
21.32872 0.9968279
21.35205 0.9965007
21.37538 0.9956287
21.39871 0.9954079
21.42204 0.996156
21.44537 0.9966623
21.4687 0.9959264
21.49203 0.9951689
