# distance (\AA)	RDF	distance (\AA)	cdf
1.249899994581937790e-01 0.000000000000000000e+00 1.249899994581937790e-01 0.000000000000000000e+00
1.749699935317039490e-01 0.000000000000000000e+00 1.749699935317039490e-01 0.000000000000000000e+00
2.249499782919883728e-01 0.000000000000000000e+00 2.249499782919883728e-01 0.000000000000000000e+00
2.749300003051757812e-01 0.000000000000000000e+00 2.749300003051757812e-01 0.000000000000000000e+00
3.249099850654602051e-01 0.000000000000000000e+00 3.249099850654602051e-01 0.000000000000000000e+00
3.748899698257446289e-01 0.000000000000000000e+00 3.748899698257446289e-01 0.000000000000000000e+00
4.248699918389320374e-01 0.000000000000000000e+00 4.248699918389320374e-01 0.000000000000000000e+00
4.748500138521194458e-01 0.000000000000000000e+00 4.748500138521194458e-01 0.000000000000000000e+00
5.248299986124038696e-01 0.000000000000000000e+00 5.248299986124038696e-01 0.000000000000000000e+00
5.748099833726882935e-01 0.000000000000000000e+00 5.748099833726882935e-01 0.000000000000000000e+00
6.247899681329727173e-01 0.000000000000000000e+00 6.247899681329727173e-01 0.000000000000000000e+00
6.747699528932571411e-01 0.000000000000000000e+00 6.747699528932571411e-01 0.000000000000000000e+00
7.247499376535415649e-01 0.000000000000000000e+00 7.247499376535415649e-01 0.000000000000000000e+00
7.747299969196319580e-01 0.000000000000000000e+00 7.747299969196319580e-01 0.000000000000000000e+00
8.247099816799163818e-01 0.000000000000000000e+00 8.247099816799163818e-01 0.000000000000000000e+00
8.746899664402008057e-01 0.000000000000000000e+00 8.746899664402008057e-01 0.000000000000000000e+00
9.246699512004852295e-01 0.000000000000000000e+00 9.246699512004852295e-01 0.000000000000000000e+00
9.746499359607696533e-01 0.000000000000000000e+00 9.746499359607696533e-01 0.000000000000000000e+00
1.024629920721054077e+00 0.000000000000000000e+00 1.024629920721054077e+00 0.000000000000000000e+00
1.074609979987144470e+00 0.000000000000000000e+00 1.074609979987144470e+00 0.000000000000000000e+00
1.124589964747428894e+00 0.000000000000000000e+00 1.124589964747428894e+00 0.000000000000000000e+00
1.174569949507713318e+00 0.000000000000000000e+00 1.174569949507713318e+00 0.000000000000000000e+00
1.224549934267997742e+00 0.000000000000000000e+00 1.224549934267997742e+00 0.000000000000000000e+00
1.274529993534088135e+00 0.000000000000000000e+00 1.274529993534088135e+00 0.000000000000000000e+00
1.324509978294372559e+00 0.000000000000000000e+00 1.324509978294372559e+00 0.000000000000000000e+00
1.374489963054656982e+00 0.000000000000000000e+00 1.374489963054656982e+00 0.000000000000000000e+00
1.424469947814941406e+00 0.000000000000000000e+00 1.424469947814941406e+00 0.000000000000000000e+00
1.474450081586837769e+00 0.000000000000000000e+00 1.474450081586837769e+00 0.000000000000000000e+00
1.524430066347122192e+00 0.000000000000000000e+00 1.524430066347122192e+00 0.000000000000000000e+00
1.574410051107406616e+00 0.000000000000000000e+00 1.574410051107406616e+00 0.000000000000000000e+00
1.624390035867691040e+00 0.000000000000000000e+00 1.624390035867691040e+00 0.000000000000000000e+00
1.674370020627975464e+00 0.000000000000000000e+00 1.674370020627975464e+00 0.000000000000000000e+00
1.724350005388259888e+00 0.000000000000000000e+00 1.724350005388259888e+00 0.000000000000000000e+00
1.774329990148544312e+00 0.000000000000000000e+00 1.774329990148544312e+00 0.000000000000000000e+00
1.824309974908828735e+00 0.000000000000000000e+00 1.824309974908828735e+00 0.000000000000000000e+00
1.874289959669113159e+00 0.000000000000000000e+00 1.874289959669113159e+00 0.000000000000000000e+00
1.924269944429397583e+00 0.000000000000000000e+00 1.924269944429397583e+00 0.000000000000000000e+00
1.974250078201293945e+00 0.000000000000000000e+00 1.974250078201293945e+00 0.000000000000000000e+00
2.024230062961578369e+00 0.000000000000000000e+00 2.024230062961578369e+00 0.000000000000000000e+00
2.074210047721862793e+00 0.000000000000000000e+00 2.074210047721862793e+00 0.000000000000000000e+00
2.124190032482147217e+00 0.000000000000000000e+00 2.124190032482147217e+00 0.000000000000000000e+00
2.174170017242431641e+00 0.000000000000000000e+00 2.174170017242431641e+00 0.000000000000000000e+00
2.224150002002716064e+00 0.000000000000000000e+00 2.224150002002716064e+00 0.000000000000000000e+00
2.274129986763000488e+00 0.000000000000000000e+00 2.274129986763000488e+00 0.000000000000000000e+00
2.324109971523284912e+00 0.000000000000000000e+00 2.324109971523284912e+00 0.000000000000000000e+00
2.374089956283569336e+00 0.000000000000000000e+00 2.374089956283569336e+00 0.000000000000000000e+00
2.424069941043853760e+00 0.000000000000000000e+00 2.424069941043853760e+00 0.000000000000000000e+00
2.474049925804138184e+00 0.000000000000000000e+00 2.474049925804138184e+00 0.000000000000000000e+00
2.524029910564422607e+00 0.000000000000000000e+00 2.524029910564422607e+00 0.000000000000000000e+00
2.574009895324707031e+00 0.000000000000000000e+00 2.574009895324707031e+00 0.000000000000000000e+00
2.623989880084991455e+00 0.000000000000000000e+00 2.623989880084991455e+00 0.000000000000000000e+00
2.673969864845275879e+00 0.000000000000000000e+00 2.673969864845275879e+00 0.000000000000000000e+00
2.723949551582336426e+00 0.000000000000000000e+00 2.723949551582336426e+00 0.000000000000000000e+00
2.773929834365844727e+00 0.000000000000000000e+00 2.773929834365844727e+00 0.000000000000000000e+00
2.823910117149353027e+00 0.000000000000000000e+00 2.823910117149353027e+00 0.000000000000000000e+00
2.873889803886413574e+00 0.000000000000000000e+00 2.873889803886413574e+00 0.000000000000000000e+00
2.923870086669921875e+00 0.000000000000000000e+00 2.923870086669921875e+00 0.000000000000000000e+00
2.973849773406982422e+00 0.000000000000000000e+00 2.973849773406982422e+00 0.000000000000000000e+00
3.023830056190490723e+00 0.000000000000000000e+00 3.023830056190490723e+00 0.000000000000000000e+00
3.073809742927551270e+00 0.000000000000000000e+00 3.073809742927551270e+00 0.000000000000000000e+00
3.123790025711059570e+00 0.000000000000000000e+00 3.123790025711059570e+00 0.000000000000000000e+00
3.173769712448120117e+00 0.000000000000000000e+00 3.173769712448120117e+00 0.000000000000000000e+00
3.223749995231628418e+00 0.000000000000000000e+00 3.223749995231628418e+00 0.000000000000000000e+00
3.273729681968688965e+00 0.000000000000000000e+00 3.273729681968688965e+00 0.000000000000000000e+00
3.323709964752197266e+00 0.000000000000000000e+00 3.323709964752197266e+00 0.000000000000000000e+00
3.373689651489257812e+00 0.000000000000000000e+00 3.373689651489257812e+00 0.000000000000000000e+00
3.423669934272766113e+00 0.000000000000000000e+00 3.423669934272766113e+00 0.000000000000000000e+00
3.473649621009826660e+00 1.003492288873530924e-04 3.473649621009826660e+00 3.731566039277822711e-06
3.523629903793334961e+00 4.876126477029174566e-04 3.523629903793334961e+00 2.238939669041428715e-05
3.573609590530395508e+00 3.602918004617094994e-03 3.573609590530395508e+00 1.641889102756977081e-04
3.623589873313903809e+00 1.475459896028041840e-02 3.623589873313903809e+00 7.612394983880221844e-04
3.673569560050964355e+00 4.728471487760543823e-02 3.673569560050964355e+00 2.727774903178215027e-03
3.723549842834472656e+00 1.157145649194717407e-01 3.723549842834472656e+00 7.672099862247705460e-03
3.773529529571533203e+00 2.005093097686767578e-01 3.773529529571533203e+00 1.647113263607025146e-02
3.823509812355041504e+00 3.146497309207916260e-01 3.823509812355041504e+00 3.064735233783721924e-02
3.873490095138549805e+00 4.951857030391693115e-01 3.873490095138549805e+00 5.354424193501472473e-02
3.923469781875610352e+00 6.754414439201354980e-01 3.923469781875610352e+00 8.558720350265502930e-02
3.973450064659118652e+00 8.749037981033325195e-01 3.973450064659118652e+00 1.281569004058837891e-01
4.023429751396179199e+00 1.045387029647827148e+00 4.023429751396179199e+00 1.803092658519744873e-01
4.073410034179687500e+00 1.184817194938659668e+00 4.073410034179687500e+00 2.408949732780456543e-01
4.123389720916748047e+00 1.307879209518432617e+00 4.123389720916748047e+00 3.094251751899719238e-01
4.173370003700256348e+00 1.392361998558044434e+00 4.173370003700256348e+00 3.841609954833984375e-01
4.223349690437316895e+00 1.416556596755981445e+00 4.223349690437316895e+00 4.620275795459747314e-01
4.273329973220825195e+00 1.460792541503906250e+00 4.273329973220825195e+00 5.442377328872680664e-01
4.323309659957885742e+00 1.466927289962768555e+00 4.323309659957885742e+00 6.287353038787841797e-01
4.373289942741394043e+00 1.462903261184692383e+00 4.373289942741394043e+00 7.149605751037597656e-01
4.423269629478454590e+00 1.485972404479980469e+00 4.423269629478454590e+00 8.045592308044433594e-01
4.473249912261962891e+00 1.493557333946228027e+00 4.473249912261962891e+00 8.966617584228515625e-01
4.523229598999023438e+00 1.551877498626708984e+00 4.523229598999023438e+00 9.945108890533447266e-01
4.573209881782531738e+00 1.566715121269226074e+00 4.573209881782531738e+00 1.095490813255310059e+00
4.623189568519592285e+00 1.606184482574462891e+00 4.623189568519592285e+00 1.201290011405944824e+00
4.673169851303100586e+00 1.652967810630798340e+00 4.673169851303100586e+00 1.312537312507629395e+00
4.723149538040161133e+00 1.691713571548461914e+00 4.723149538040161133e+00 1.428840875625610352e+00
4.773129820823669434e+00 1.688786983489990234e+00 4.773129820823669434e+00 1.547413229942321777e+00
4.823109507560729980e+00 1.666587829589843750e+00 4.823109507560729980e+00 1.666890501976013184e+00
4.873089790344238281e+00 1.691119074821472168e+00 4.873089790344238281e+00 1.790651559829711914e+00
4.923069775104522705e+00 1.705653905868530273e+00 4.923069775104522705e+00 1.918051004409790039e+00
4.973049759864807129e+00 1.670667171478271484e+00 4.973049759864807129e+00 2.045383214950561523e+00
5.023030042648315430e+00 1.704438090324401855e+00 5.023030042648315430e+00 2.177913427352905273e+00
5.073009729385375977e+00 1.771980524063110352e+00 5.073009729385375977e+00 2.318451642990112305e+00
5.122990012168884277e+00 1.883891344070434570e+00 5.122990012168884277e+00 2.470822572708129883e+00
5.172969698905944824e+00 1.945952415466308594e+00 5.172969698905944824e+00 2.631298542022705078e+00
5.222949981689453125e+00 1.957864880561828613e+00 5.222949981689453125e+00 2.795894145965576172e+00
5.272929668426513672e+00 1.918715119361877441e+00 5.272929668426513672e+00 2.960299491882324219e+00
5.322909355163574219e+00 1.753697514533996582e+00 5.322909355163574219e+00 3.113428115844726562e+00
5.372889637947082520e+00 1.580663681030273438e+00 5.372889637947082520e+00 3.254050254821777344e+00
5.422869920730590820e+00 1.400119900703430176e+00 5.422869920730590820e+00 3.380940198898315430e+00
5.472849607467651367e+00 1.247341036796569824e+00 5.472849607467651367e+00 3.496077775955200195e+00
5.522829890251159668e+00 1.142985820770263672e+00 5.522829890251159668e+00 3.603517055511474609e+00
5.572810173034667969e+00 1.089402198791503906e+00 5.572810173034667969e+00 3.707782506942749023e+00
5.622789859771728516e+00 1.060251832008361816e+00 5.622789859771728516e+00 3.811085224151611328e+00
5.672769546508789062e+00 1.014496207237243652e+00 5.672769546508789062e+00 3.911695718765258789e+00
5.722749829292297363e+00 9.919790029525756836e-01 5.722749829292297363e+00 4.011813640594482422e+00
5.772730112075805664e+00 9.825350642204284668e-01 5.772730112075805664e+00 4.112719058990478516e+00
5.822709798812866211e+00 9.707172513008117676e-01 5.822709798812866211e+00 4.214142799377441406e+00
5.872689485549926758e+00 9.771938920021057129e-01 5.872689485549926758e+00 4.318005561828613281e+00
5.922669768333435059e+00 9.610236883163452148e-01 5.922669768333435059e+00 4.421894073486328125e+00
5.972650051116943359e+00 9.281810522079467773e-01 5.972650051116943359e+00 4.523933887481689453e+00
6.022629737854003906e+00 9.069708585739135742e-01 6.022629737854003906e+00 4.625316619873046875e+00
6.072609424591064453e+00 9.310680031776428223e-01 6.072609424591064453e+00 4.731128692626953125e+00
6.122589707374572754e+00 9.283778071403503418e-01 6.122589707374572754e+00 4.838377475738525391e+00
6.172569990158081055e+00 9.078930020332336426e-01 6.172569990158081055e+00 4.944980621337890625e+00
6.222549676895141602e+00 8.984463810920715332e-01 6.222549676895141602e+00 5.052188396453857422e+00
6.272529363632202148e+00 8.783292174339294434e-01 6.272529363632202148e+00 5.158687114715576172e+00
6.322509646415710449e+00 8.625680804252624512e-01 6.322509646415710449e+00 5.264947414398193359e+00
6.372489929199218750e+00 8.617793917655944824e-01 6.372489929199218750e+00 5.372797012329101562e+00
6.422469615936279297e+00 8.417837619781494141e-01 6.422469615936279297e+00 5.479801654815673828e+00
6.472449302673339844e+00 8.172006011009216309e-01 6.472449302673339844e+00 5.585306167602539062e+00
6.522430181503295898e+00 8.095552921295166016e-01 6.522430181503295898e+00 5.691442966461181641e+00
6.572409868240356445e+00 8.079162836074829102e-01 6.572409868240356445e+00 5.798994064331054688e+00
6.622389554977416992e+00 7.898689508438110352e-01 6.622389554977416992e+00 5.905748367309570312e+00
6.672369837760925293e+00 7.795016765594482422e-01 6.672369837760925293e+00 6.012696743011474609e+00
6.722350120544433594e+00 7.656264305114746094e-01 6.722350120544433594e+00 6.119322299957275391e+00
6.772329807281494141e+00 7.659386992454528809e-01 6.772329807281494141e+00 6.227582454681396484e+00
6.822309494018554688e+00 7.681469321250915527e-01 6.822309494018554688e+00 6.337764263153076172e+00
6.872289776802062988e+00 7.645093798637390137e-01 6.872289776802062988e+00 6.449035644531250000e+00
6.922270059585571289e+00 7.471851110458374023e-01 6.922270059585571289e+00 6.559374332427978516e+00
6.972249746322631836e+00 7.533830404281616211e-01 6.972249746322631836e+00 6.672239303588867188e+00
7.022229433059692383e+00 7.455608844757080078e-01 7.022229433059692383e+00 6.785541057586669922e+00
7.072209715843200684e+00 7.349968552589416504e-01 7.072209715843200684e+00 6.898831367492675781e+00
7.122189998626708984e+00 7.564545273780822754e-01 7.122189998626708984e+00 7.017084598541259766e+00
7.172169685363769531e+00 7.585046887397766113e-01 7.172169685363769531e+00 7.137326717376708984e+00
7.222149372100830078e+00 7.587115168571472168e-01 7.222149372100830078e+00 7.259285449981689453e+00
7.272129654884338379e+00 7.627794146537780762e-01 7.272129654884338379e+00 7.383598804473876953e+00
7.322109937667846680e+00 7.775042653083801270e-01 7.322109937667846680e+00 7.512061595916748047e+00
7.372089624404907227e+00 8.038791418075561523e-01 7.372089624404907227e+00 7.646700382232666016e+00
7.422069311141967773e+00 8.117173314094543457e-01 7.422069311141967773e+00 7.784503459930419922e+00
7.472049593925476074e+00 8.353902101516723633e-01 7.472049593925476074e+00 7.928239822387695312e+00
7.522029876708984375e+00 8.403652310371398926e-01 7.522029876708984375e+00 8.074774742126464844e+00
7.572009563446044922e+00 8.466479778289794922e-01 7.572009563446044922e+00 8.224372863769531250e+00
