# distance (\AA)	RDF	distance (\AA)	cdf
1.249899994581937790e-01 0.000000000000000000e+00 1.249899994581937790e-01 0.000000000000000000e+00
1.749699935317039490e-01 0.000000000000000000e+00 1.749699935317039490e-01 0.000000000000000000e+00
2.249499782919883728e-01 0.000000000000000000e+00 2.249499782919883728e-01 0.000000000000000000e+00
2.749300003051757812e-01 0.000000000000000000e+00 2.749300003051757812e-01 0.000000000000000000e+00
3.249099850654602051e-01 0.000000000000000000e+00 3.249099850654602051e-01 0.000000000000000000e+00
3.748899698257446289e-01 0.000000000000000000e+00 3.748899698257446289e-01 0.000000000000000000e+00
4.248699918389320374e-01 0.000000000000000000e+00 4.248699918389320374e-01 0.000000000000000000e+00
4.748500138521194458e-01 0.000000000000000000e+00 4.748500138521194458e-01 0.000000000000000000e+00
5.248299986124038696e-01 0.000000000000000000e+00 5.248299986124038696e-01 0.000000000000000000e+00
5.748099833726882935e-01 0.000000000000000000e+00 5.748099833726882935e-01 0.000000000000000000e+00
6.247899681329727173e-01 0.000000000000000000e+00 6.247899681329727173e-01 0.000000000000000000e+00
6.747699528932571411e-01 0.000000000000000000e+00 6.747699528932571411e-01 0.000000000000000000e+00
7.247499376535415649e-01 0.000000000000000000e+00 7.247499376535415649e-01 0.000000000000000000e+00
7.747299969196319580e-01 0.000000000000000000e+00 7.747299969196319580e-01 0.000000000000000000e+00
8.247099816799163818e-01 0.000000000000000000e+00 8.247099816799163818e-01 0.000000000000000000e+00
8.746899664402008057e-01 0.000000000000000000e+00 8.746899664402008057e-01 0.000000000000000000e+00
9.246699512004852295e-01 0.000000000000000000e+00 9.246699512004852295e-01 0.000000000000000000e+00
9.746499359607696533e-01 0.000000000000000000e+00 9.746499359607696533e-01 0.000000000000000000e+00
1.024629920721054077e+00 0.000000000000000000e+00 1.024629920721054077e+00 0.000000000000000000e+00
1.074609979987144470e+00 0.000000000000000000e+00 1.074609979987144470e+00 0.000000000000000000e+00
1.124589964747428894e+00 0.000000000000000000e+00 1.124589964747428894e+00 0.000000000000000000e+00
1.174569949507713318e+00 0.000000000000000000e+00 1.174569949507713318e+00 0.000000000000000000e+00
1.224549934267997742e+00 0.000000000000000000e+00 1.224549934267997742e+00 0.000000000000000000e+00
1.274529993534088135e+00 0.000000000000000000e+00 1.274529993534088135e+00 0.000000000000000000e+00
1.324509978294372559e+00 0.000000000000000000e+00 1.324509978294372559e+00 0.000000000000000000e+00
1.374489963054656982e+00 0.000000000000000000e+00 1.374489963054656982e+00 0.000000000000000000e+00
1.424469947814941406e+00 0.000000000000000000e+00 1.424469947814941406e+00 0.000000000000000000e+00
1.474450081586837769e+00 0.000000000000000000e+00 1.474450081586837769e+00 0.000000000000000000e+00
1.524430066347122192e+00 0.000000000000000000e+00 1.524430066347122192e+00 0.000000000000000000e+00
1.574410051107406616e+00 0.000000000000000000e+00 1.574410051107406616e+00 0.000000000000000000e+00
1.624390035867691040e+00 1.651887287152931094e-04 1.624390035867691040e+00 3.731566039277822711e-06
1.674370020627975464e+00 1.539200637489557266e-02 1.674370020627975464e+00 3.731566248461604118e-04
1.724350005388259888e+00 2.280991524457931519e-01 1.724350005388259888e+00 6.179473362863063812e-03
1.774329990148544312e+00 1.594406723976135254e+00 1.774329990148544312e+00 4.915218800306320190e-02
1.824309974908828735e+00 5.757035255432128906e+00 1.824309974908828735e+00 2.131806313991546631e-01
1.874289959669113159e+00 1.198969459533691406e+01 1.874289959669113159e+00 5.737618207931518555e-01
1.924269944429397583e+00 1.694087028503417969e+01 1.924269944429397583e+00 1.110778927803039551e+00
1.974250078201293945e+00 1.749444389343261719e+01 1.974250078201293945e+00 1.694526433944702148e+00
2.024230062961578369e+00 1.453022670745849609e+01 2.024230062961578369e+00 2.204221010208129883e+00
2.074210047721862793e+00 1.029258346557617188e+01 2.074210047721862793e+00 2.583314418792724609e+00
2.124190032482147217e+00 6.534190654754638672e+00 2.124190032482147217e+00 2.835717678070068359e+00
2.174170017242431641e+00 3.926954507827758789e+00 2.174170017242431641e+00 2.994630098342895508e+00
2.224150002002716064e+00 2.274243831634521484e+00 2.224150002002716064e+00 3.090941905975341797e+00
2.274129986763000488e+00 1.342733621597290039e+00 2.274129986763000488e+00 3.150389432907104492e+00
2.324109971523284912e+00 8.098900914192199707e-01 2.324109971523284912e+00 3.187839508056640625e+00
2.374089956283569336e+00 4.961909651756286621e-01 2.374089956283569336e+00 3.211781263351440430e+00
2.424069941043853760e+00 3.276551961898803711e-01 2.424069941043853760e+00 3.228263616561889648e+00
2.474049925804138184e+00 2.249641716480255127e-01 2.474049925804138184e+00 3.240051746368408203e+00
2.524029910564422607e+00 1.635265648365020752e-01 2.524029910564422607e+00 3.248970270156860352e+00
2.574009895324707031e+00 1.295409053564071655e-01 2.574009895324707031e+00 3.256317615509033203e+00
2.623989880084991455e+00 1.085103377699851990e-01 2.623989880084991455e+00 3.262713432312011719e+00
2.673969864845275879e+00 9.223778545856475830e-02 2.673969864845275879e+00 3.268359184265136719e+00
2.723949551582336426e+00 8.882529288530349731e-02 2.723949551582336426e+00 3.274001359939575195e+00
2.773929834365844727e+00 9.760561585426330566e-02 2.773929834365844727e+00 3.280430793762207031e+00
2.823910117149353027e+00 9.653230011463165283e-02 2.823910117149353027e+00 3.287020683288574219e+00
2.873889803886413574e+00 1.078233420848846436e-01 2.873889803886413574e+00 3.294644355773925781e+00
2.923870086669921875e+00 1.195161789655685425e-01 2.923870086669921875e+00 3.303391218185424805e+00
2.973849773406982422e+00 1.442677080631256104e-01 2.973849773406982422e+00 3.314313411712646484e+00
3.023830056190490723e+00 1.774380654096603394e-01 3.023830056190490723e+00 3.328202247619628906e+00
3.073809742927551270e+00 2.180808186531066895e-01 3.073809742927551270e+00 3.345841407775878906e+00
3.123790025711059570e+00 2.654331326484680176e-01 3.123790025711059570e+00 3.368014335632324219e+00
3.173769712448120117e+00 3.231324851512908936e-01 3.173769712448120117e+00 3.395877838134765625e+00
3.223749995231628418e+00 3.993020653724670410e-01 3.223749995231628418e+00 3.431402444839477539e+00
3.273729681968688965e+00 4.771287143230438232e-01 3.273729681968688965e+00 3.475177526473999023e+00
3.323709964752197266e+00 5.788173079490661621e-01 3.323709964752197266e+00 3.529915809631347656e+00
3.373689651489257812e+00 6.853839159011840820e-01 3.373689651489257812e+00 3.596695899963378906e+00
3.423669934272766113e+00 8.083183169364929199e-01 3.423669934272766113e+00 3.677805185317993164e+00
3.473649621009826660e+00 9.325855374336242676e-01 3.473649621009826660e+00 3.774135589599609375e+00
3.523629903793334961e+00 1.063073635101318359e+00 3.523629903793334961e+00 3.887127399444580078e+00
3.573609590530395508e+00 1.201410174369812012e+00 3.573609590530395508e+00 4.018471240997314453e+00
3.623589873313903809e+00 1.325457334518432617e+00 3.623589873313903809e+00 4.167457580566406250e+00
3.673569560050964355e+00 1.470039725303649902e+00 3.673569560050964355e+00 4.337285041809082031e+00
3.723549842834472656e+00 1.592690229415893555e+00 3.723549842834472656e+00 4.526322364807128906e+00
3.773529529571533203e+00 1.710237264633178711e+00 3.773529529571533203e+00 4.734797477722167969e+00
3.823509812355041504e+00 1.794820547103881836e+00 3.823509812355041504e+00 4.959419250488281250e+00
3.873490095138549805e+00 1.853237390518188477e+00 3.873490095138549805e+00 5.197452068328857422e+00
3.923469781875610352e+00 1.909223675727844238e+00 3.923469781875610352e+00 5.449045658111572266e+00
3.973450064659118652e+00 1.945728540420532227e+00 3.973450064659118652e+00 5.712024211883544922e+00
4.023429751396179199e+00 1.955074191093444824e+00 4.023429751396179199e+00 5.982954502105712891e+00
4.073410034179687500e+00 1.946857094764709473e+00 4.073410034179687500e+00 6.259489536285400391e+00
4.123389720916748047e+00 1.908701896667480469e+00 4.123389720916748047e+00 6.537301063537597656e+00
4.173370003700256348e+00 1.861268639564514160e+00 4.173370003700256348e+00 6.814814090728759766e+00
4.223349690437316895e+00 1.806086301803588867e+00 4.223349690437316895e+00 7.090588092803955078e+00
4.273329973220825195e+00 1.726367712020874023e+00 4.273329973220825195e+00 7.360466003417968750e+00
4.323309659957885742e+00 1.648159384727478027e+00 4.323309659957885742e+00 7.624179363250732422e+00
4.373289942741394043e+00 1.553930401802062988e+00 4.373289942741394043e+00 7.878597736358642578e+00
4.423269629478454590e+00 1.461125969886779785e+00 4.423269629478454590e+00 8.123321533203125000e+00
4.473249912261962891e+00 1.354309678077697754e+00 4.473249912261962891e+00 8.355309486389160156e+00
4.523229598999023438e+00 1.279103994369506836e+00 4.523229598999023438e+00 8.579338073730468750e+00
4.573209881782531738e+00 1.209883213043212891e+00 4.573209881782531738e+00 8.795951843261718750e+00
4.623189568519592285e+00 1.138505935668945312e+00 4.623189568519592285e+00 9.004266738891601562e+00
4.673169851303100586e+00 1.067859768867492676e+00 4.673169851303100586e+00 9.203902244567871094e+00
4.723149538040161133e+00 1.018314123153686523e+00 4.723149538040161133e+00 9.398368835449218750e+00
4.773129820823669434e+00 9.742376208305358887e-01 4.773129820823669434e+00 9.588376045227050781e+00
4.823109507560729980e+00 9.274094104766845703e-01 4.823109507560729980e+00 9.773058891296386719e+00
4.873089790344238281e+00 8.995840549468994141e-01 4.873089790344238281e+00 9.955931663513183594e+00
4.923069775104522705e+00 8.639408946037292480e-01 4.923069775104522705e+00 1.013518142700195312e+01
4.973049759864807129e+00 8.363196253776550293e-01 4.973049759864807129e+00 1.031224060058593750e+01
5.023030042648315430e+00 8.107417225837707520e-01 5.023030042648315430e+00 1.048735141754150391e+01
5.073009729385375977e+00 8.085448145866394043e-01 5.073009729385375977e+00 1.066548156738281250e+01
5.122990012168884277e+00 7.951956987380981445e-01 5.122990012168884277e+00 1.084413814544677734e+01
5.172969698905944824e+00 7.958382368087768555e-01 5.172969698905944824e+00 1.102644348144531250e+01
5.222949981689453125e+00 7.912954092025756836e-01 5.222949981689453125e+00 1.121123027801513672e+01
5.272929668426513672e+00 7.842248678207397461e-01 5.272929668426513672e+00 1.139788722991943359e+01
5.322909355163574219e+00 7.806715369224548340e-01 5.322909355163574219e+00 1.158723831176757812e+01
5.372889637947082520e+00 7.838149666786193848e-01 5.372889637947082520e+00 1.178093624114990234e+01
5.422869920730590820e+00 7.799628973007202148e-01 5.422869920730590820e+00 1.197728729248046875e+01
5.472849607467651367e+00 7.839002013206481934e-01 5.472849607467651367e+00 1.217828464508056641e+01
5.522829890251159668e+00 7.804474830627441406e-01 5.522829890251159668e+00 1.238206577301025391e+01
5.572810173034667969e+00 7.908823490142822266e-01 5.572810173034667969e+00 1.259232807159423828e+01
5.622789859771728516e+00 8.018902540206909180e-01 5.622789859771728516e+00 1.280935573577880859e+01
5.672769546508789062e+00 8.244850039482116699e-01 5.672769546508789062e+00 1.303648471832275391e+01
5.722749829292297363e+00 8.417232632637023926e-01 5.722749829292297363e+00 1.327246475219726562e+01
5.772730112075805664e+00 8.641309738159179688e-01 5.772730112075805664e+00 1.351897907257080078e+01
5.822709798812866211e+00 8.699170351028442383e-01 5.822709798812866211e+00 1.377145671844482422e+01
5.872689485549926758e+00 8.849883675575256348e-01 5.872689485549926758e+00 1.403274059295654297e+01
5.922669768333435059e+00 9.037147164344787598e-01 5.922669768333435059e+00 1.430411148071289062e+01
5.972650051116943359e+00 9.148943424224853516e-01 5.972650051116943359e+00 1.458349800109863281e+01
6.022629737854003906e+00 9.221800565719604492e-01 6.022629737854003906e+00 1.486983966827392578e+01
6.072609424591064453e+00 9.320532083511352539e-01 6.072609424591064453e+00 1.516407394409179688e+01
6.122589707374572754e+00 9.470984935760498047e-01 6.122589707374572754e+00 1.546799468994140625e+01
6.172569990158081055e+00 9.573110342025756836e-01 6.172569990158081055e+00 1.578023338317871094e+01
6.222549676895141602e+00 9.588165283203125000e-01 6.222549676895141602e+00 1.609804344177246094e+01
6.272529363632202148e+00 9.817333221435546875e-01 6.272529363632202148e+00 1.642870140075683594e+01
6.322509646415710449e+00 9.799253344535827637e-01 6.322509646415710449e+00 1.676402664184570312e+01
6.372489929199218750e+00 9.792190194129943848e-01 6.372489929199218750e+00 1.710443496704101562e+01
6.422469615936279297e+00 9.851367473602294922e-01 6.422469615936279297e+00 1.745228767395019531e+01
6.472449302673339844e+00 9.839392900466918945e-01 6.472449302673339844e+00 1.780515289306640625e+01
6.522430181503295898e+00 9.921641945838928223e-01 6.522430181503295898e+00 1.816648101806640625e+01
6.572409868240356445e+00 9.944922924041748047e-01 6.572409868240356445e+00 1.853422737121582031e+01
6.622389554977416992e+00 9.932197332382202148e-01 6.622389554977416992e+00 1.890711212158203125e+01
6.672369837760925293e+00 1.000239372253417969e+00 6.672369837760925293e+00 1.928831863403320312e+01
6.722350120544433594e+00 9.926725029945373535e-01 6.722350120544433594e+00 1.967233467102050781e+01
6.772329807281494141e+00 9.889480471611022949e-01 6.772329807281494141e+00 2.006061553955078125e+01
6.822309494018554688e+00 9.867879748344421387e-01 6.822309494018554688e+00 2.045379257202148438e+01
6.872289776802062988e+00 9.866932034492492676e-01 6.872289776802062988e+00 2.085270881652832031e+01
6.922270059585571289e+00 9.807474017143249512e-01 6.922270059585571289e+00 2.125501251220703125e+01
6.972249746322631836e+00 9.813469052314758301e-01 6.972249746322631836e+00 2.166339111328125000e+01
7.022229433059692383e+00 9.823724627494812012e-01 7.022229433059692383e+00 2.207808303833007812e+01
7.072209715843200684e+00 9.827721714973449707e-01 7.072209715843200684e+00 2.249886512756347656e+01
7.122189998626708984e+00 9.677327871322631836e-01 7.122189998626708984e+00 2.291909217834472656e+01
7.172169685363769531e+00 9.617876410484313965e-01 7.172169685363769531e+00 2.334261322021484375e+01
7.222149372100830078e+00 9.546435475349426270e-01 7.222149372100830078e+00 2.376887321472167969e+01
7.272129654884338379e+00 9.423332810401916504e-01 7.272129654884338379e+00 2.419547271728515625e+01
7.322109937667846680e+00 9.334089756011962891e-01 7.322109937667846680e+00 2.462386703491210938e+01
7.372089624404907227e+00 9.395982027053833008e-01 7.372089624404907227e+00 2.506100463867187500e+01
7.422069311141967773e+00 9.420871138572692871e-01 7.422069311141967773e+00 2.550527000427246094e+01
7.472049593925476074e+00 9.339671134948730469e-01 7.472049593925476074e+00 2.595165061950683594e+01
7.522029876708984375e+00 9.245896935462951660e-01 7.522029876708984375e+00 2.639948654174804688e+01
7.572009563446044922e+00 9.191619753837585449e-01 7.572009563446044922e+00 2.685062980651855469e+01
