# distance (\AA)	RDF	distance (\AA)	cdf
1.249899994581937790e-01 0.000000000000000000e+00 1.249899994581937790e-01 0.000000000000000000e+00
1.749699935317039490e-01 0.000000000000000000e+00 1.749699935317039490e-01 0.000000000000000000e+00
2.249499782919883728e-01 0.000000000000000000e+00 2.249499782919883728e-01 0.000000000000000000e+00
2.749300003051757812e-01 0.000000000000000000e+00 2.749300003051757812e-01 0.000000000000000000e+00
3.249099850654602051e-01 0.000000000000000000e+00 3.249099850654602051e-01 0.000000000000000000e+00
3.748899698257446289e-01 0.000000000000000000e+00 3.748899698257446289e-01 0.000000000000000000e+00
4.248699918389320374e-01 0.000000000000000000e+00 4.248699918389320374e-01 0.000000000000000000e+00
4.748500138521194458e-01 0.000000000000000000e+00 4.748500138521194458e-01 0.000000000000000000e+00
5.248299986124038696e-01 0.000000000000000000e+00 5.248299986124038696e-01 0.000000000000000000e+00
5.748099833726882935e-01 0.000000000000000000e+00 5.748099833726882935e-01 0.000000000000000000e+00
6.247899681329727173e-01 0.000000000000000000e+00 6.247899681329727173e-01 0.000000000000000000e+00
6.747699528932571411e-01 0.000000000000000000e+00 6.747699528932571411e-01 0.000000000000000000e+00
7.247499376535415649e-01 0.000000000000000000e+00 7.247499376535415649e-01 0.000000000000000000e+00
7.747299969196319580e-01 0.000000000000000000e+00 7.747299969196319580e-01 0.000000000000000000e+00
8.247099816799163818e-01 0.000000000000000000e+00 8.247099816799163818e-01 0.000000000000000000e+00
8.746899664402008057e-01 0.000000000000000000e+00 8.746899664402008057e-01 0.000000000000000000e+00
9.246699512004852295e-01 0.000000000000000000e+00 9.246699512004852295e-01 0.000000000000000000e+00
9.746499359607696533e-01 0.000000000000000000e+00 9.746499359607696533e-01 0.000000000000000000e+00
1.024629920721054077e+00 0.000000000000000000e+00 1.024629920721054077e+00 0.000000000000000000e+00
1.074609979987144470e+00 0.000000000000000000e+00 1.074609979987144470e+00 0.000000000000000000e+00
1.124589964747428894e+00 0.000000000000000000e+00 1.124589964747428894e+00 0.000000000000000000e+00
1.174569949507713318e+00 0.000000000000000000e+00 1.174569949507713318e+00 0.000000000000000000e+00
1.224549934267997742e+00 0.000000000000000000e+00 1.224549934267997742e+00 0.000000000000000000e+00
1.274529993534088135e+00 0.000000000000000000e+00 1.274529993534088135e+00 0.000000000000000000e+00
1.324509978294372559e+00 0.000000000000000000e+00 1.324509978294372559e+00 0.000000000000000000e+00
1.374489963054656982e+00 0.000000000000000000e+00 1.374489963054656982e+00 0.000000000000000000e+00
1.424469947814941406e+00 0.000000000000000000e+00 1.424469947814941406e+00 0.000000000000000000e+00
1.474450081586837769e+00 0.000000000000000000e+00 1.474450081586837769e+00 0.000000000000000000e+00
1.524430066347122192e+00 0.000000000000000000e+00 1.524430066347122192e+00 0.000000000000000000e+00
1.574410051107406616e+00 0.000000000000000000e+00 1.574410051107406616e+00 0.000000000000000000e+00
1.624390035867691040e+00 0.000000000000000000e+00 1.624390035867691040e+00 0.000000000000000000e+00
1.674370020627975464e+00 1.511560636572539806e-03 1.674370020627975464e+00 2.612096250231843442e-05
1.724350005388259888e+00 2.524662017822265625e-02 1.724350005388259888e+00 4.888351541012525558e-04
1.774329990148544312e+00 1.817174851894378662e-01 1.774329990148544312e+00 4.015165381133556366e-03
1.824309974908828735e+00 7.956408858299255371e-01 1.824309974908828735e+00 2.033703401684761047e-02
1.874289959669113159e+00 1.878753423690795898e+00 1.874289959669113159e+00 6.101856753230094910e-02
1.924269944429397583e+00 2.988700389862060547e+00 1.924269944429397583e+00 1.292316019535064697e-01
1.974250078201293945e+00 3.694029331207275391e+00 1.974250078201293945e+00 2.179794311523437500e-01
2.024230062961578369e+00 3.674191474914550781e+00 2.024230062961578369e+00 3.107760250568389893e-01
2.074210047721862793e+00 3.193358421325683594e+00 2.074210047721862793e+00 3.954601883888244629e-01
2.124190032482147217e+00 2.540107965469360352e+00 2.124190032482147217e+00 4.661062061786651611e-01
2.174170017242431641e+00 1.915070772171020508e+00 2.174170017242431641e+00 5.219042897224426270e-01
2.224150002002716064e+00 1.384749054908752441e+00 2.224150002002716064e+00 5.641269683837890625e-01
2.274129986763000488e+00 1.035526514053344727e+00 2.274129986763000488e+00 5.971363782882690430e-01
2.324109971523284912e+00 8.185292482376098633e-01 2.324109971523284912e+00 6.243879795074462891e-01
2.374089956283569336e+00 6.657382845878601074e-01 2.374089956283569336e+00 6.475162506103515625e-01
2.424069941043853760e+00 5.787107348442077637e-01 2.424069941043853760e+00 6.684764623641967773e-01
2.474049925804138184e+00 5.337073802947998047e-01 2.474049925804138184e+00 6.886119842529296875e-01
2.524029910564422607e+00 5.092624425888061523e-01 2.524029910564422607e+00 7.086094617843627930e-01
2.574009895324707031e+00 5.138031244277954102e-01 2.574009895324707031e+00 7.295920848846435547e-01
2.623989880084991455e+00 4.988162219524383545e-01 2.623989880084991455e+00 7.507612705230712891e-01
2.673969864845275879e+00 5.220000147819519043e-01 2.673969864845275879e+00 7.737663984298706055e-01
2.723949551582336426e+00 5.041624903678894043e-01 2.723949551582336426e+00 7.968237400054931641e-01
2.773929834365844727e+00 5.387128591537475586e-01 2.773929834365844727e+00 8.223737478256225586e-01
2.823910117149353027e+00 5.666580200195312500e-01 2.823910117149353027e+00 8.502261638641357422e-01
2.873889803886413574e+00 6.012175679206848145e-01 2.873889803886413574e+00 8.808324933052062988e-01
2.923870086669921875e+00 6.328192949295043945e-01 2.923870086669921875e+00 9.141777753829956055e-01
2.973849773406982422e+00 6.531422734260559082e-01 2.973849773406982422e+00 9.497806429862976074e-01
3.023830056190490723e+00 6.578180193901062012e-01 3.023830056190490723e+00 9.868537783622741699e-01
3.073809742927551270e+00 6.794680953025817871e-01 3.073809742927551270e+00 1.026423335075378418e+00
3.123790025711059570e+00 7.067891955375671387e-01 3.123790025711059570e+00 1.068933367729187012e+00
3.173769712448120117e+00 7.446259260177612305e-01 3.173769712448120117e+00 1.115163683891296387e+00
3.223749995231628418e+00 7.511380314826965332e-01 3.223749995231628418e+00 1.163278460502624512e+00
3.273729681968688965e+00 7.567337751388549805e-01 3.273729681968688965e+00 1.213266491889953613e+00
3.323709964752197266e+00 7.682358622550964355e-01 3.323709964752197266e+00 1.265575528144836426e+00
3.373689651489257812e+00 8.113359212875366211e-01 3.373689651489257812e+00 1.322493076324462891e+00
3.423669934272766113e+00 8.433411717414855957e-01 3.423669934272766113e+00 1.383422136306762695e+00
3.473649621009826660e+00 8.666660785675048828e-01 3.473649621009826660e+00 1.447877526283264160e+00
3.523629903793334961e+00 9.223681092262268066e-01 3.523629903793334961e+00 1.518463850021362305e+00
3.573609590530395508e+00 9.804677367210388184e-01 3.573609590530395508e+00 1.595640063285827637e+00
3.623589873313903809e+00 1.034159064292907715e+00 3.623589873313903809e+00 1.679335355758666992e+00
3.673569560050964355e+00 1.111639499664306641e+00 3.673569560050964355e+00 1.771799802780151367e+00
3.723549842834472656e+00 1.178017973899841309e+00 3.723549842834472656e+00 1.872470021247863770e+00
3.773529529571533203e+00 1.231967210769653320e+00 3.773529529571533203e+00 1.980595827102661133e+00
3.823509812355041504e+00 1.299514174461364746e+00 3.823509812355041504e+00 2.097692489624023438e+00
3.873490095138549805e+00 1.363455414772033691e+00 3.873490095138549805e+00 2.223782062530517578e+00
3.923469781875610352e+00 1.405983209609985352e+00 3.923469781875610352e+00 2.357181787490844727e+00
3.973450064659118652e+00 1.443575978279113770e+00 3.973450064659118652e+00 2.497660398483276367e+00
4.023429751396179199e+00 1.471851944923400879e+00 4.023429751396179199e+00 2.644516229629516602e+00
4.073410034179687500e+00 1.525536060333251953e+00 4.073410034179687500e+00 2.800533056259155273e+00
4.123389720916748047e+00 1.564754843711853027e+00 4.123389720916748047e+00 2.964513063430786133e+00
4.173370003700256348e+00 1.600020527839660645e+00 4.173370003700256348e+00 3.136276960372924805e+00
4.223349690437316895e+00 1.617224693298339844e+00 4.223349690437316895e+00 3.314071178436279297e+00
4.273329973220825195e+00 1.618568301200866699e+00 4.273329973220825195e+00 3.496249914169311523e+00
4.323309659957885742e+00 1.621789097785949707e+00 4.323309659957885742e+00 3.683085680007934570e+00
4.373289942741394043e+00 1.607060074806213379e+00 4.373289942741394043e+00 3.872529745101928711e+00
4.423269629478454590e+00 1.582392573356628418e+00 4.423269629478454590e+00 4.063354492187500000e+00
4.473249912261962891e+00 1.538185000419616699e+00 4.473249912261962891e+00 4.253063678741455078e+00
4.523229598999023438e+00 1.515539526939392090e+00 4.523229598999023438e+00 4.444179534912109375e+00
4.573209881782531738e+00 1.446060538291931152e+00 4.573209881782531738e+00 4.630586147308349609e+00
4.623189568519592285e+00 1.348962664604187012e+00 4.623189568519592285e+00 4.808298110961914062e+00
4.673169851303100586e+00 1.292766451835632324e+00 4.673169851303100586e+00 4.982308387756347656e+00
4.723149538040161133e+00 1.221149325370788574e+00 4.723149538040161133e+00 5.150213718414306641e+00
4.773129820823669434e+00 1.185108661651611328e+00 4.773129820823669434e+00 5.316630363464355469e+00
4.823109507560729980e+00 1.139903783798217773e+00 4.823109507560729980e+00 5.480069160461425781e+00
4.873089790344238281e+00 1.091150641441345215e+00 4.873089790344238281e+00 5.639776229858398438e+00
4.923069775104522705e+00 1.077642917633056641e+00 4.923069775104522705e+00 5.800759792327880859e+00
4.973049759864807129e+00 1.052520751953125000e+00 4.973049759864807129e+00 5.961198329925537109e+00
5.023030042648315430e+00 1.021962285041809082e+00 5.023030042648315430e+00 6.120125770568847656e+00
5.073009729385375977e+00 1.008272051811218262e+00 5.073009729385375977e+00 6.280060768127441406e+00
5.122990012168884277e+00 1.003537893295288086e+00 5.122990012168884277e+00 6.442395210266113281e+00
5.172969698905944824e+00 9.777953028678894043e-01 5.172969698905944824e+00 6.603665828704833984e+00
5.222949981689453125e+00 9.725407361984252930e-01 5.222949981689453125e+00 6.767186641693115234e+00
5.272929668426513672e+00 9.694175720214843750e-01 5.272929668426513672e+00 6.933315753936767578e+00
5.322909355163574219e+00 9.530035853385925293e-01 5.322909355163574219e+00 7.099743843078613281e+00
5.372889637947082520e+00 9.312764406204223633e-01 5.372889637947082520e+00 7.265443801879882812e+00
5.422869920730590820e+00 9.282801747322082520e-01 5.422869920730590820e+00 7.433700084686279297e+00
5.472849607467651367e+00 9.251264929771423340e-01 5.472849607467651367e+00 7.604490280151367188e+00
5.522829890251159668e+00 9.330625534057617188e-01 5.522829890251159668e+00 7.779903888702392578e+00
5.572810173034667969e+00 9.470935463905334473e-01 5.572810173034667969e+00 7.961194515228271484e+00
5.622789859771728516e+00 9.596593976020812988e-01 5.622789859771728516e+00 8.148198127746582031e+00
5.672769546508789062e+00 9.729373455047607422e-01 5.672769546508789062e+00 8.341176033020019531e+00
5.722749829292297363e+00 9.866364002227783203e-01 5.722749829292297363e+00 8.540333747863769531e+00
5.772730112075805664e+00 9.953613281250000000e-01 5.772730112075805664e+00 8.744778633117675781e+00
5.822709798812866211e+00 1.022306680679321289e+00 5.822709798812866211e+00 8.958407402038574219e+00
5.872689485549926758e+00 1.041319608688354492e+00 5.872689485549926758e+00 9.179763793945312500e+00
5.922669768333435059e+00 1.056571960449218750e+00 5.922669768333435059e+00 9.408199310302734375e+00
5.972650051116943359e+00 1.065855383872985840e+00 5.972650051116943359e+00 9.642549514770507812e+00
6.022629737854003906e+00 1.075402617454528809e+00 6.022629737854003906e+00 9.882970809936523438e+00
6.072609424591064453e+00 1.090990781784057617e+00 6.072609424591064453e+00 1.013094425201416016e+01
6.122589707374572754e+00 1.098364472389221191e+00 6.122589707374572754e+00 1.038471698760986328e+01
6.172569990158081055e+00 1.106264233589172363e+00 6.172569990158081055e+00 1.064450836181640625e+01
6.222549676895141602e+00 1.096163988113403320e+00 6.222549676895141602e+00 1.090610980987548828e+01
6.272529363632202148e+00 1.092187285423278809e+00 6.272529363632202148e+00 1.117096900939941406e+01
6.322509646415710449e+00 1.094915628433227539e+00 6.322509646415710449e+00 1.144073486328125000e+01
6.372489929199218750e+00 1.096933484077453613e+00 6.372489929199218750e+00 1.171529197692871094e+01
6.422469615936279297e+00 1.096031785011291504e+00 6.422469615936279297e+00 1.199393939971923828e+01
6.472449302673339844e+00 1.099904894828796387e+00 6.472449302673339844e+00 1.227794551849365234e+01
6.522430181503295898e+00 1.092727422714233398e+00 6.522430181503295898e+00 1.256447029113769531e+01
6.572409868240356445e+00 1.093919038772583008e+00 6.572409868240356445e+00 1.285571861267089844e+01
6.622389554977416992e+00 1.102395772933959961e+00 6.622389554977416992e+00 1.315370655059814453e+01
6.672369837760925293e+00 1.090521693229675293e+00 6.672369837760925293e+00 1.345294857025146484e+01
6.722350120544433594e+00 1.072785377502441406e+00 6.722350120544433594e+00 1.375175380706787109e+01
6.772329807281494141e+00 1.063673257827758789e+00 6.772329807281494141e+00 1.405243968963623047e+01
6.822309494018554688e+00 1.054013490676879883e+00 6.822309494018554688e+00 1.435481262207031250e+01
6.872289776802062988e+00 1.032878637313842773e+00 6.872289776802062988e+00 1.465547561645507812e+01
6.922270059585571289e+00 1.016933917999267578e+00 6.922270059585571289e+00 1.495582199096679688e+01
6.972249746322631836e+00 9.945971369743347168e-01 6.972249746322631836e+00 1.525382518768310547e+01
7.022229433059692383e+00 9.798516035079956055e-01 7.022229433059692383e+00 1.555163764953613281e+01
7.072209715843200684e+00 9.615966677665710449e-01 7.072209715843200684e+00 1.584807300567626953e+01
7.122189998626708984e+00 9.461290836334228516e-01 7.122189998626708984e+00 1.614388084411621094e+01
7.172169685363769531e+00 9.327891469001770020e-01 7.172169685363769531e+00 1.643962287902832031e+01
7.222149372100830078e+00 9.201086163520812988e-01 7.222149372100830078e+00 1.673542785644531250e+01
7.272129654884338379e+00 9.138401746749877930e-01 7.272129654884338379e+00 1.703329277038574219e+01
7.322109937667846680e+00 9.049389958381652832e-01 7.322109937667846680e+00 1.733232879638671875e+01
7.372089624404907227e+00 9.018213748931884766e-01 7.372089624404907227e+00 1.763441467285156250e+01
7.422069311141967773e+00 8.843078613281250000e-01 7.422069311141967773e+00 1.793466758728027344e+01
7.472049593925476074e+00 8.841009140014648438e-01 7.472049593925476074e+00 1.823890304565429688e+01
7.522029876708984375e+00 8.781901001930236816e-01 7.522029876708984375e+00 1.854516410827636719e+01
7.572009563446044922e+00 8.836690783500671387e-01 7.572009563446044922e+00 1.885744476318359375e+01
