# distance (\AA)	RDF	distance (\AA)	cdf
1.249899994581937790e-01 0.000000000000000000e+00 1.249899994581937790e-01 0.000000000000000000e+00
1.749699935317039490e-01 0.000000000000000000e+00 1.749699935317039490e-01 0.000000000000000000e+00
2.249499782919883728e-01 0.000000000000000000e+00 2.249499782919883728e-01 0.000000000000000000e+00
2.749300003051757812e-01 0.000000000000000000e+00 2.749300003051757812e-01 0.000000000000000000e+00
3.249099850654602051e-01 0.000000000000000000e+00 3.249099850654602051e-01 0.000000000000000000e+00
3.748899698257446289e-01 0.000000000000000000e+00 3.748899698257446289e-01 0.000000000000000000e+00
4.248699918389320374e-01 0.000000000000000000e+00 4.248699918389320374e-01 0.000000000000000000e+00
4.748500138521194458e-01 0.000000000000000000e+00 4.748500138521194458e-01 0.000000000000000000e+00
5.248299986124038696e-01 0.000000000000000000e+00 5.248299986124038696e-01 0.000000000000000000e+00
5.748099833726882935e-01 0.000000000000000000e+00 5.748099833726882935e-01 0.000000000000000000e+00
6.247899681329727173e-01 0.000000000000000000e+00 6.247899681329727173e-01 0.000000000000000000e+00
6.747699528932571411e-01 0.000000000000000000e+00 6.747699528932571411e-01 0.000000000000000000e+00
7.247499376535415649e-01 0.000000000000000000e+00 7.247499376535415649e-01 0.000000000000000000e+00
7.747299969196319580e-01 0.000000000000000000e+00 7.747299969196319580e-01 0.000000000000000000e+00
8.247099816799163818e-01 0.000000000000000000e+00 8.247099816799163818e-01 0.000000000000000000e+00
8.746899664402008057e-01 0.000000000000000000e+00 8.746899664402008057e-01 0.000000000000000000e+00
9.246699512004852295e-01 0.000000000000000000e+00 9.246699512004852295e-01 0.000000000000000000e+00
9.746499359607696533e-01 0.000000000000000000e+00 9.746499359607696533e-01 0.000000000000000000e+00
1.024629920721054077e+00 0.000000000000000000e+00 1.024629920721054077e+00 0.000000000000000000e+00
1.074609979987144470e+00 0.000000000000000000e+00 1.074609979987144470e+00 0.000000000000000000e+00
1.124589964747428894e+00 0.000000000000000000e+00 1.124589964747428894e+00 0.000000000000000000e+00
1.174569949507713318e+00 0.000000000000000000e+00 1.174569949507713318e+00 0.000000000000000000e+00
1.224549934267997742e+00 0.000000000000000000e+00 1.224549934267997742e+00 0.000000000000000000e+00
1.274529993534088135e+00 0.000000000000000000e+00 1.274529993534088135e+00 0.000000000000000000e+00
1.324509978294372559e+00 0.000000000000000000e+00 1.324509978294372559e+00 0.000000000000000000e+00
1.374489963054656982e+00 0.000000000000000000e+00 1.374489963054656982e+00 0.000000000000000000e+00
1.424469947814941406e+00 0.000000000000000000e+00 1.424469947814941406e+00 0.000000000000000000e+00
1.474450081586837769e+00 0.000000000000000000e+00 1.474450081586837769e+00 0.000000000000000000e+00
1.524430066347122192e+00 0.000000000000000000e+00 1.524430066347122192e+00 0.000000000000000000e+00
1.574410051107406616e+00 0.000000000000000000e+00 1.574410051107406616e+00 0.000000000000000000e+00
1.624390035867691040e+00 0.000000000000000000e+00 1.624390035867691040e+00 0.000000000000000000e+00
1.674370020627975464e+00 0.000000000000000000e+00 1.674370020627975464e+00 0.000000000000000000e+00
1.724350005388259888e+00 0.000000000000000000e+00 1.724350005388259888e+00 0.000000000000000000e+00
1.774329990148544312e+00 0.000000000000000000e+00 1.774329990148544312e+00 0.000000000000000000e+00
1.824309974908828735e+00 0.000000000000000000e+00 1.824309974908828735e+00 0.000000000000000000e+00
1.874289959669113159e+00 0.000000000000000000e+00 1.874289959669113159e+00 0.000000000000000000e+00
1.924269944429397583e+00 0.000000000000000000e+00 1.924269944429397583e+00 0.000000000000000000e+00
1.974250078201293945e+00 0.000000000000000000e+00 1.974250078201293945e+00 0.000000000000000000e+00
2.024230062961578369e+00 0.000000000000000000e+00 2.024230062961578369e+00 0.000000000000000000e+00
2.074210047721862793e+00 0.000000000000000000e+00 2.074210047721862793e+00 0.000000000000000000e+00
2.124190032482147217e+00 0.000000000000000000e+00 2.124190032482147217e+00 0.000000000000000000e+00
2.174170017242431641e+00 0.000000000000000000e+00 2.174170017242431641e+00 0.000000000000000000e+00
2.224150002002716064e+00 0.000000000000000000e+00 2.224150002002716064e+00 0.000000000000000000e+00
2.274129986763000488e+00 0.000000000000000000e+00 2.274129986763000488e+00 0.000000000000000000e+00
2.324109971523284912e+00 0.000000000000000000e+00 2.324109971523284912e+00 0.000000000000000000e+00
2.374089956283569336e+00 5.568227497860789299e-04 2.374089956283569336e+00 2.686727566469926387e-05
2.424069941043853760e+00 9.987658821046352386e-03 2.424069941043853760e+00 5.292853456921875477e-04
2.474049925804138184e+00 7.152706384658813477e-02 2.474049925804138184e+00 4.277270287275314331e-03
2.524029910564422607e+00 3.029935061931610107e-01 2.524029910564422607e+00 2.080198936164379120e-02
2.574009895324707031e+00 8.306853771209716797e-01 2.574009895324707031e+00 6.791778653860092163e-02
2.623989880084991455e+00 1.698998212814331055e+00 2.623989880084991455e+00 1.680615246295928955e-01
2.673969864845275879e+00 2.702437639236450195e+00 2.673969864845275879e+00 3.334773182868957520e-01
2.723949551582336426e+00 3.534051656723022461e+00 2.723949551582336426e+00 5.579581260681152344e-01
2.773929834365844727e+00 4.039873123168945312e+00 2.773929834365844727e+00 8.240731358528137207e-01
2.823910117149353027e+00 4.120212554931640625e+00 2.823910117149353027e+00 1.105346679687500000e+00
2.873889803886413574e+00 3.956004858016967773e+00 2.873889803886413574e+00 1.385053873062133789e+00
2.923870086669921875e+00 3.723724842071533203e+00 2.923870086669921875e+00 1.657574653625488281e+00
2.973849773406982422e+00 3.450131177902221680e+00 2.973849773406982422e+00 1.918779015541076660e+00
3.023830056190490723e+00 3.209313392639160156e+00 3.023830056190490723e+00 2.169986724853515625e+00
3.073809742927551270e+00 3.029650211334228516e+00 3.073809742927551270e+00 2.415035009384155273e+00
3.123790025711059570e+00 2.825790405273437500e+00 3.123790025711059570e+00 2.651087522506713867e+00
3.173769712448120117e+00 2.635210514068603516e+00 3.173769712448120117e+00 2.878320932388305664e+00
3.223749995231628418e+00 2.413672447204589844e+00 3.223749995231628418e+00 3.093056917190551758e+00
3.273729681968688965e+00 2.226790428161621094e+00 3.273729681968688965e+00 3.297357797622680664e+00
3.323709964752197266e+00 2.046951055526733398e+00 3.323709964752197266e+00 3.490936517715454102e+00
3.373689651489257812e+00 1.880923748016357422e+00 3.373689651489257812e+00 3.674203634262084961e+00
3.423669934272766113e+00 1.723971486091613770e+00 3.423669934272766113e+00 3.847192525863647461e+00
3.473649621009826660e+00 1.571815609931945801e+00 3.473649621009826660e+00 4.009551525115966797e+00
3.523629903793334961e+00 1.447232127189636230e+00 3.523629903793334961e+00 4.163374900817871094e+00
3.573609590530395508e+00 1.355644345283508301e+00 3.573609590530395508e+00 4.311580181121826172e+00
3.623589873313903809e+00 1.279008150100708008e+00 3.623589873313903809e+00 4.455345630645751953e+00
3.673569560050964355e+00 1.210840225219726562e+00 3.673569560050964355e+00 4.595228672027587891e+00
3.723549842834472656e+00 1.164755463600158691e+00 3.723549842834472656e+00 4.733474254608154297e+00
3.773529529571533203e+00 1.117794871330261230e+00 3.773529529571533203e+00 4.869731426239013672e+00
3.823509812355041504e+00 1.098564267158508301e+00 3.823509812355041504e+00 5.007216453552246094e+00
3.873490095138549805e+00 1.069405913352966309e+00 3.873490095138549805e+00 5.144572734832763672e+00
3.923469781875610352e+00 1.050854206085205078e+00 3.923469781875610352e+00 5.283051967620849609e+00
3.973450064659118652e+00 1.036847829818725586e+00 3.973450064659118652e+00 5.423189163208007812e+00
4.023429751396179199e+00 1.030569791793823242e+00 4.023429751396179199e+00 5.566003322601318359e+00
4.073410034179687500e+00 1.030500888824462891e+00 4.073410034179687500e+00 5.712377548217773438e+00
4.123389720916748047e+00 1.029217600822448730e+00 4.123389720916748047e+00 5.862180233001708984e+00
4.173370003700256348e+00 1.032623767852783203e+00 4.173370003700256348e+00 6.016143321990966797e+00
4.223349690437316895e+00 1.035063862800598145e+00 4.223349690437316895e+00 6.174188613891601562e+00
4.273329973220825195e+00 1.037201166152954102e+00 4.273329973220825195e+00 6.336331367492675781e+00
4.323309659957885742e+00 1.042040705680847168e+00 4.323309659957885742e+00 6.503063201904296875e+00
4.373289942741394043e+00 1.044180989265441895e+00 4.373289942741394043e+00 6.674022197723388672e+00
4.423269629478454590e+00 1.043821573257446289e+00 4.423269629478454590e+00 6.848851680755615234e+00
4.473249912261962891e+00 1.028117179870605469e+00 4.473249912261962891e+00 7.024963855743408203e+00
4.523229598999023438e+00 1.039019465446472168e+00 4.523229598999023438e+00 7.206942558288574219e+00
4.573209881782531738e+00 1.023184776306152344e+00 4.573209881782531738e+00 7.390130519866943359e+00
4.623189568519592285e+00 1.026428341865539551e+00 4.623189568519592285e+00 7.577938079833984375e+00
4.673169851303100586e+00 1.029521346092224121e+00 4.673169851303100586e+00 7.770405769348144531e+00
4.723149538040161133e+00 1.024053454399108887e+00 4.723149538040161133e+00 7.965968608856201172e+00
4.773129820823669434e+00 1.017378807067871094e+00 4.773129820823669434e+00 8.164390563964843750e+00
4.823109507560729980e+00 1.021482229232788086e+00 4.823109507560729980e+00 8.367806434631347656e+00
4.873089790344238281e+00 1.018218159675598145e+00 4.873089790344238281e+00 8.574795722961425781e+00
4.923069775104522705e+00 1.014501333236694336e+00 4.923069775104522705e+00 8.785283088684082031e+00
4.973049759864807129e+00 1.017090439796447754e+00 4.973049759864807129e+00 9.000613212585449219e+00
5.023030042648315430e+00 1.022899627685546875e+00 5.023030042648315430e+00 9.221548080444335938e+00
5.073009729385375977e+00 1.020357847213745117e+00 5.073009729385375977e+00 9.446342468261718750e+00
5.122990012168884277e+00 1.029143333435058594e+00 5.122990012168884277e+00 9.677559852600097656e+00
5.172969698905944824e+00 1.041302323341369629e+00 5.172969698905944824e+00 9.916094779968261719e+00
5.222949981689453125e+00 1.043472647666931152e+00 5.222949981689453125e+00 1.015977191925048828e+01
5.272929668426513672e+00 1.050173878669738770e+00 5.272929668426513672e+00 1.040972805023193359e+01
5.322909355163574219e+00 1.055167913436889648e+00 5.322909355163574219e+00 1.066565799713134766e+01
5.372889637947082520e+00 1.066709041595458984e+00 5.372889637947082520e+00 1.092926597595214844e+01
5.422869920730590820e+00 1.076745390892028809e+00 5.422869920730590820e+00 1.120033073425292969e+01
5.472849607467651367e+00 1.089983224868774414e+00 5.472849607467651367e+00 1.147980976104736328e+01
5.522829890251159668e+00 1.084838509559631348e+00 5.522829890251159668e+00 1.176306915283203125e+01
5.572810173034667969e+00 1.091438651084899902e+00 5.572810173034667969e+00 1.205323696136474609e+01
5.622789859771728516e+00 1.092387199401855469e+00 5.622789859771728516e+00 1.234888648986816406e+01
5.672769546508789062e+00 1.085399150848388672e+00 5.672769546508789062e+00 1.264789199829101562e+01
5.722749829292297363e+00 1.071366786956787109e+00 5.722749829292297363e+00 1.294825363159179688e+01
5.772730112075805664e+00 1.056785941123962402e+00 5.772730112075805664e+00 1.324972820281982422e+01
5.822709798812866211e+00 1.044829130172729492e+00 5.822709798812866211e+00 1.355297088623046875e+01
5.872689485549926758e+00 1.029070734977722168e+00 5.872689485549926758e+00 1.385679435729980469e+01
5.922669768333435059e+00 1.008289217948913574e+00 5.922669768333435059e+00 1.415956687927246094e+01
5.972650051116943359e+00 9.917348623275756836e-01 5.972650051116943359e+00 1.446241855621337891e+01
6.022629737854003906e+00 9.781404733657836914e-01 6.022629737854003906e+00 1.476613616943359375e+01
6.072609424591064453e+00 9.596332907676696777e-01 6.072609424591064453e+00 1.506907653808593750e+01
6.122589707374572754e+00 9.462532401084899902e-01 6.122589707374572754e+00 1.537272644042968750e+01
6.172569990158081055e+00 9.359347224235534668e-01 6.172569990158081055e+00 1.567799282073974609e+01
6.222549676895141602e+00 9.315274357795715332e-01 6.222549676895141602e+00 1.598675727844238281e+01
6.272529363632202148e+00 9.187921881675720215e-01 6.272529363632202148e+00 1.629621505737304688e+01
6.322509646415710449e+00 9.119684100151062012e-01 6.322509646415710449e+00 1.660828590393066406e+01
6.372489929199218750e+00 9.078913331031799316e-01 6.372489929199218750e+00 1.692389869689941406e+01
6.422469615936279297e+00 9.062521457672119141e-01 6.422469615936279297e+00 1.724389648437500000e+01
6.472449302673339844e+00 9.028381109237670898e-01 6.472449302673339844e+00 1.756767654418945312e+01
6.522430181503295898e+00 9.032779335975646973e-01 6.522430181503295898e+00 1.789663314819335938e+01
6.572409868240356445e+00 8.991771936416625977e-01 6.572409868240356445e+00 1.822913360595703125e+01
6.622389554977416992e+00 9.024192094802856445e-01 6.622389554977416992e+00 1.856792831420898438e+01
6.672369837760925293e+00 9.038512110710144043e-01 6.672369837760925293e+00 1.891239929199218750e+01
6.722350120544433594e+00 9.058178663253784180e-01 6.722350120544433594e+00 1.926281547546386719e+01
6.772329807281494141e+00 9.068700671195983887e-01 6.772329807281494141e+00 1.961886978149414062e+01
6.822309494018554688e+00 9.102619886398315430e-01 6.822309494018554688e+00 1.998155593872070312e+01
6.872289776802062988e+00 9.124891161918640137e-01 6.872289776802062988e+00 2.035047149658203125e+01
6.922270059585571289e+00 9.110511541366577148e-01 6.922270059585571289e+00 2.072418594360351562e+01
6.972249746322631836e+00 9.131192564964294434e-01 6.972249746322631836e+00 2.110417175292968750e+01
7.022229433059692383e+00 9.060994982719421387e-01 7.022229433059692383e+00 2.148666763305664062e+01
7.072209715843200684e+00 9.128441214561462402e-01 7.072209715843200684e+00 2.187751007080078125e+01
7.122189998626708984e+00 9.113681912422180176e-01 7.122189998626708984e+00 2.227326011657714844e+01
7.172169685363769531e+00 9.120875597000122070e-01 7.172169685363769531e+00 2.267489624023437500e+01
7.222149372100830078e+00 9.135740399360656738e-01 7.222149372100830078e+00 2.308281898498535156e+01
7.272129654884338379e+00 9.162523746490478516e-01 7.272129654884338379e+00 2.349761199951171875e+01
7.322109937667846680e+00 9.154379963874816895e-01 7.322109937667846680e+00 2.391775894165039062e+01
7.372089624404907227e+00 9.146474003791809082e-01 7.372089624404907227e+00 2.434328842163085938e+01
7.422069311141967773e+00 9.237370491027832031e-01 7.422069311141967773e+00 2.477890014648437500e+01
7.472049593925476074e+00 9.289215207099914551e-01 7.472049593925476074e+00 2.522286987304687500e+01
7.522029876708984375e+00 9.321072697639465332e-01 7.522029876708984375e+00 2.567434692382812500e+01
7.572009563446044922e+00 9.385108947753906250e-01 7.572009563446044922e+00 2.613498687744140625e+01
