# distance (\AA)	RDF	distance (\AA)	cdf
1.249899994581937790e-01 0.000000000000000000e+00 1.249899994581937790e-01 0.000000000000000000e+00
1.749699935317039490e-01 0.000000000000000000e+00 1.749699935317039490e-01 0.000000000000000000e+00
2.249499782919883728e-01 0.000000000000000000e+00 2.249499782919883728e-01 0.000000000000000000e+00
2.749300003051757812e-01 0.000000000000000000e+00 2.749300003051757812e-01 0.000000000000000000e+00
3.249099850654602051e-01 0.000000000000000000e+00 3.249099850654602051e-01 0.000000000000000000e+00
3.748899698257446289e-01 0.000000000000000000e+00 3.748899698257446289e-01 0.000000000000000000e+00
4.248699918389320374e-01 0.000000000000000000e+00 4.248699918389320374e-01 0.000000000000000000e+00
4.748500138521194458e-01 0.000000000000000000e+00 4.748500138521194458e-01 0.000000000000000000e+00
5.248299986124038696e-01 0.000000000000000000e+00 5.248299986124038696e-01 0.000000000000000000e+00
5.748099833726882935e-01 0.000000000000000000e+00 5.748099833726882935e-01 0.000000000000000000e+00
6.247899681329727173e-01 0.000000000000000000e+00 6.247899681329727173e-01 0.000000000000000000e+00
6.747699528932571411e-01 0.000000000000000000e+00 6.747699528932571411e-01 0.000000000000000000e+00
7.247499376535415649e-01 0.000000000000000000e+00 7.247499376535415649e-01 0.000000000000000000e+00
7.747299969196319580e-01 0.000000000000000000e+00 7.747299969196319580e-01 0.000000000000000000e+00
8.247099816799163818e-01 0.000000000000000000e+00 8.247099816799163818e-01 0.000000000000000000e+00
8.746899664402008057e-01 0.000000000000000000e+00 8.746899664402008057e-01 0.000000000000000000e+00
9.246699512004852295e-01 0.000000000000000000e+00 9.246699512004852295e-01 0.000000000000000000e+00
9.746499359607696533e-01 0.000000000000000000e+00 9.746499359607696533e-01 0.000000000000000000e+00
1.024629920721054077e+00 0.000000000000000000e+00 1.024629920721054077e+00 0.000000000000000000e+00
1.074609979987144470e+00 0.000000000000000000e+00 1.074609979987144470e+00 0.000000000000000000e+00
1.124589964747428894e+00 0.000000000000000000e+00 1.124589964747428894e+00 0.000000000000000000e+00
1.174569949507713318e+00 0.000000000000000000e+00 1.174569949507713318e+00 0.000000000000000000e+00
1.224549934267997742e+00 0.000000000000000000e+00 1.224549934267997742e+00 0.000000000000000000e+00
1.274529993534088135e+00 0.000000000000000000e+00 1.274529993534088135e+00 0.000000000000000000e+00
1.324509978294372559e+00 0.000000000000000000e+00 1.324509978294372559e+00 0.000000000000000000e+00
1.374489963054656982e+00 0.000000000000000000e+00 1.374489963054656982e+00 0.000000000000000000e+00
1.424469947814941406e+00 0.000000000000000000e+00 1.424469947814941406e+00 0.000000000000000000e+00
1.474450081586837769e+00 0.000000000000000000e+00 1.474450081586837769e+00 0.000000000000000000e+00
1.524430066347122192e+00 0.000000000000000000e+00 1.524430066347122192e+00 0.000000000000000000e+00
1.574410051107406616e+00 0.000000000000000000e+00 1.574410051107406616e+00 0.000000000000000000e+00
1.624390035867691040e+00 0.000000000000000000e+00 1.624390035867691040e+00 0.000000000000000000e+00
1.674370020627975464e+00 0.000000000000000000e+00 1.674370020627975464e+00 0.000000000000000000e+00
1.724350005388259888e+00 0.000000000000000000e+00 1.724350005388259888e+00 0.000000000000000000e+00
1.774329990148544312e+00 0.000000000000000000e+00 1.774329990148544312e+00 0.000000000000000000e+00
1.824309974908828735e+00 0.000000000000000000e+00 1.824309974908828735e+00 0.000000000000000000e+00
1.874289959669113159e+00 0.000000000000000000e+00 1.874289959669113159e+00 0.000000000000000000e+00
1.924269944429397583e+00 0.000000000000000000e+00 1.924269944429397583e+00 0.000000000000000000e+00
1.974250078201293945e+00 0.000000000000000000e+00 1.974250078201293945e+00 0.000000000000000000e+00
2.024230062961578369e+00 0.000000000000000000e+00 2.024230062961578369e+00 0.000000000000000000e+00
2.074210047721862793e+00 0.000000000000000000e+00 2.074210047721862793e+00 0.000000000000000000e+00
2.124190032482147217e+00 0.000000000000000000e+00 2.124190032482147217e+00 0.000000000000000000e+00
2.174170017242431641e+00 0.000000000000000000e+00 2.174170017242431641e+00 0.000000000000000000e+00
2.224150002002716064e+00 0.000000000000000000e+00 2.224150002002716064e+00 0.000000000000000000e+00
2.274129986763000488e+00 0.000000000000000000e+00 2.274129986763000488e+00 0.000000000000000000e+00
2.324109971523284912e+00 0.000000000000000000e+00 2.324109971523284912e+00 0.000000000000000000e+00
2.374089956283569336e+00 0.000000000000000000e+00 2.374089956283569336e+00 0.000000000000000000e+00
2.424069941043853760e+00 0.000000000000000000e+00 2.424069941043853760e+00 0.000000000000000000e+00
2.474049925804138184e+00 0.000000000000000000e+00 2.474049925804138184e+00 0.000000000000000000e+00
2.524029910564422607e+00 0.000000000000000000e+00 2.524029910564422607e+00 0.000000000000000000e+00
2.574009895324707031e+00 0.000000000000000000e+00 2.574009895324707031e+00 0.000000000000000000e+00
2.623989880084991455e+00 0.000000000000000000e+00 2.623989880084991455e+00 0.000000000000000000e+00
2.673969864845275879e+00 0.000000000000000000e+00 2.673969864845275879e+00 0.000000000000000000e+00
2.723949551582336426e+00 0.000000000000000000e+00 2.723949551582336426e+00 0.000000000000000000e+00
2.773929834365844727e+00 0.000000000000000000e+00 2.773929834365844727e+00 0.000000000000000000e+00
2.823910117149353027e+00 0.000000000000000000e+00 2.823910117149353027e+00 0.000000000000000000e+00
2.873889803886413574e+00 0.000000000000000000e+00 2.873889803886413574e+00 0.000000000000000000e+00
2.923870086669921875e+00 0.000000000000000000e+00 2.923870086669921875e+00 0.000000000000000000e+00
2.973849773406982422e+00 0.000000000000000000e+00 2.973849773406982422e+00 0.000000000000000000e+00
3.023830056190490723e+00 0.000000000000000000e+00 3.023830056190490723e+00 0.000000000000000000e+00
3.073809742927551270e+00 0.000000000000000000e+00 3.073809742927551270e+00 0.000000000000000000e+00
3.123790025711059570e+00 0.000000000000000000e+00 3.123790025711059570e+00 0.000000000000000000e+00
3.173769712448120117e+00 0.000000000000000000e+00 3.173769712448120117e+00 0.000000000000000000e+00
3.223749995231628418e+00 0.000000000000000000e+00 3.223749995231628418e+00 0.000000000000000000e+00
3.273729681968688965e+00 0.000000000000000000e+00 3.273729681968688965e+00 0.000000000000000000e+00
3.323709964752197266e+00 0.000000000000000000e+00 3.323709964752197266e+00 0.000000000000000000e+00
3.373689651489257812e+00 0.000000000000000000e+00 3.373689651489257812e+00 0.000000000000000000e+00
3.423669934272766113e+00 0.000000000000000000e+00 3.423669934272766113e+00 0.000000000000000000e+00
3.473649621009826660e+00 0.000000000000000000e+00 3.473649621009826660e+00 0.000000000000000000e+00
3.523629903793334961e+00 0.000000000000000000e+00 3.523629903793334961e+00 0.000000000000000000e+00
3.573609590530395508e+00 0.000000000000000000e+00 3.573609590530395508e+00 0.000000000000000000e+00
3.623589873313903809e+00 0.000000000000000000e+00 3.623589873313903809e+00 0.000000000000000000e+00
3.673569560050964355e+00 0.000000000000000000e+00 3.673569560050964355e+00 0.000000000000000000e+00
3.723549842834472656e+00 0.000000000000000000e+00 3.723549842834472656e+00 0.000000000000000000e+00
3.773529529571533203e+00 0.000000000000000000e+00 3.773529529571533203e+00 0.000000000000000000e+00
3.823509812355041504e+00 0.000000000000000000e+00 3.823509812355041504e+00 0.000000000000000000e+00
3.873490095138549805e+00 0.000000000000000000e+00 3.873490095138549805e+00 0.000000000000000000e+00
3.923469781875610352e+00 0.000000000000000000e+00 3.923469781875610352e+00 0.000000000000000000e+00
3.973450064659118652e+00 0.000000000000000000e+00 3.973450064659118652e+00 0.000000000000000000e+00
4.023429751396179199e+00 0.000000000000000000e+00 4.023429751396179199e+00 0.000000000000000000e+00
4.073410034179687500e+00 0.000000000000000000e+00 4.073410034179687500e+00 0.000000000000000000e+00
4.123389720916748047e+00 0.000000000000000000e+00 4.123389720916748047e+00 0.000000000000000000e+00
4.173370003700256348e+00 0.000000000000000000e+00 4.173370003700256348e+00 0.000000000000000000e+00
4.223349690437316895e+00 0.000000000000000000e+00 4.223349690437316895e+00 0.000000000000000000e+00
4.273329973220825195e+00 0.000000000000000000e+00 4.273329973220825195e+00 0.000000000000000000e+00
4.323309659957885742e+00 0.000000000000000000e+00 4.323309659957885742e+00 0.000000000000000000e+00
4.373289942741394043e+00 0.000000000000000000e+00 4.373289942741394043e+00 0.000000000000000000e+00
4.423269629478454590e+00 0.000000000000000000e+00 4.423269629478454590e+00 0.000000000000000000e+00
4.473249912261962891e+00 0.000000000000000000e+00 4.473249912261962891e+00 0.000000000000000000e+00
4.523229598999023438e+00 0.000000000000000000e+00 4.523229598999023438e+00 0.000000000000000000e+00
4.573209881782531738e+00 0.000000000000000000e+00 4.573209881782531738e+00 0.000000000000000000e+00
4.623189568519592285e+00 0.000000000000000000e+00 4.623189568519592285e+00 0.000000000000000000e+00
4.673169851303100586e+00 0.000000000000000000e+00 4.673169851303100586e+00 0.000000000000000000e+00
4.723149538040161133e+00 0.000000000000000000e+00 4.723149538040161133e+00 0.000000000000000000e+00
4.773129820823669434e+00 0.000000000000000000e+00 4.773129820823669434e+00 0.000000000000000000e+00
4.823109507560729980e+00 0.000000000000000000e+00 4.823109507560729980e+00 0.000000000000000000e+00
4.873089790344238281e+00 3.467288799583911896e-03 4.873089790344238281e+00 1.268732448806986213e-04
4.923069775104522705e+00 1.798527780920267105e-03 4.923069775104522705e+00 1.940414367709308863e-04
4.973049759864807129e+00 1.370884128846228123e-03 4.973049759864807129e+00 2.462833654135465622e-04
5.023030042648315430e+00 4.607108421623706818e-03 5.023030042648315430e+00 4.253985243849456310e-04
5.073009729385375977e+00 1.806703209877014160e-02 5.073009729385375977e+00 1.141859218478202820e-03
5.122990012168884277e+00 2.786643989384174347e-02 5.122990012168884277e+00 2.268792130053043365e-03
5.172969698905944824e+00 6.733117252588272095e-02 5.172969698905944824e+00 5.045077297836542130e-03
5.222949981689453125e+00 8.895149081945419312e-02 5.222949981689453125e+00 8.784106001257896423e-03
5.272929668426513672e+00 1.153197512030601501e-01 5.272929668426513672e+00 1.372469961643218994e-02
5.322909355163574219e+00 1.789766401052474976e-01 5.322909355163574219e+00 2.153859846293926239e-02
5.372889637947082520e+00 2.486479580402374268e-01 5.372889637947082520e+00 3.259896114468574524e-02
5.422869920730590820e+00 2.445768117904663086e-01 5.422869920730590820e+00 4.368171095848083496e-02
5.472849607467651367e+00 3.124113082885742188e-01 5.472849607467651367e+00 5.810048431158065796e-02
5.522829890251159668e+00 3.890407085418701172e-01 5.522829890251159668e+00 7.638515532016754150e-02
5.572810173034667969e+00 4.198301434516906738e-01 5.572810173034667969e+00 9.647590667009353638e-02
5.622789859771728516e+00 5.090710520744323730e-01 5.622789859771728516e+00 1.212758943438529968e-01
5.672769546508789062e+00 5.681660771369934082e-01 5.672769546508789062e+00 1.494492143392562866e-01
5.722749829292297363e+00 5.800285935401916504e-01 5.722749829292297363e+00 1.787196099758148193e-01
5.772730112075805664e+00 6.721977591514587402e-01 5.772730112075805664e+00 2.132366001605987549e-01
5.822709798812866211e+00 6.584305763244628906e-01 5.822709798812866211e+00 2.476341724395751953e-01
5.872689485549926758e+00 7.247809767723083496e-01 5.872689485549926758e+00 2.861514091491699219e-01
5.922669768333435059e+00 8.059474825859069824e-01 5.922669768333435059e+00 3.297137022018432617e-01
5.972650051116943359e+00 8.688141107559204102e-01 5.972650051116943359e+00 3.774702847003936768e-01
6.022629737854003906e+00 8.760920166969299316e-01 6.022629737854003906e+00 4.264358878135681152e-01
6.072609424591064453e+00 8.673682212829589844e-01 6.072609424591064453e+00 4.757224023342132568e-01
6.122589707374572754e+00 8.316993117332458496e-01 6.122589707374572754e+00 5.237625837326049805e-01
6.172569990158081055e+00 8.215783834457397461e-01 6.172569990158081055e+00 5.719968080520629883e-01
6.222549676895141602e+00 8.106968998908996582e-01 6.222549676895141602e+00 6.203653812408447266e-01
6.272529363632202148e+00 9.258463978767395020e-01 6.272529363632202148e+00 6.764956116676330566e-01
6.322509646415710449e+00 9.895481467247009277e-01 6.322509646415710449e+00 7.374470233917236328e-01
6.372489929199218750e+00 1.008420825004577637e+00 6.372489929199218750e+00 8.005478382110595703e-01
6.422469615936279297e+00 1.107876777648925781e+00 6.422469615936279297e+00 8.709625005722045898e-01
6.472449302673339844e+00 1.058327317237854004e+00 6.472449302673339844e+00 9.392800331115722656e-01
6.522430181503295898e+00 1.097053647041320801e+00 6.522430181503295898e+00 1.011194825172424316e+00
6.572409868240356445e+00 1.110821843147277832e+00 6.572409868240356445e+00 1.085132122039794922e+00
6.622389554977416992e+00 1.207533121109008789e+00 6.622389554977416992e+00 1.166733980178833008e+00
6.672369837760925293e+00 1.241088628768920898e+00 6.672369837760925293e+00 1.251873373985290527e+00
6.722350120544433594e+00 1.260949850082397461e+00 6.722350120544433594e+00 1.339677095413208008e+00
6.772329807281494141e+00 1.314651966094970703e+00 6.772329807281494141e+00 1.432585597038269043e+00
6.822309494018554688e+00 1.456947922706604004e+00 6.822309494018554688e+00 1.537076950073242188e+00
6.872289776802062988e+00 1.538094758987426758e+00 6.872289776802062988e+00 1.649008989334106445e+00
6.922270059585571289e+00 1.541926860809326172e+00 6.922270059585571289e+00 1.762859106063842773e+00
6.972249746322631836e+00 1.552597761154174805e+00 6.972249746322631836e+00 1.879157066345214844e+00
7.022229433059692383e+00 1.631526827812194824e+00 7.022229433059692383e+00 2.003127098083496094e+00
7.072209715843200684e+00 1.668316960334777832e+00 7.072209715843200684e+00 2.131701946258544922e+00
7.122189998626708984e+00 1.651739478111267090e+00 7.122189998626708984e+00 2.260806560516357422e+00
7.172169685363769531e+00 1.587203383445739746e+00 7.172169685363769531e+00 2.386612653732299805e+00
7.222149372100830078e+00 1.548576593399047852e+00 7.222149372100830078e+00 2.511075258255004883e+00
7.272129654884338379e+00 1.552760124206542969e+00 7.272129654884338379e+00 2.637605190277099609e+00
7.322109937667846680e+00 1.523209095001220703e+00 7.322109937667846680e+00 2.763441085815429688e+00
7.372089624404907227e+00 1.486778736114501953e+00 7.372089624404907227e+00 2.887948513031005859e+00
7.422069311141967773e+00 1.423016548156738281e+00 7.422069311141967773e+00 3.008739233016967773e+00
7.472049593925476074e+00 1.381249070167541504e+00 7.472049593925476074e+00 3.127567291259765625e+00
7.522029876708984375e+00 1.374664545059204102e+00 7.522029876708984375e+00 3.247417688369750977e+00
7.572009563446044922e+00 1.392059087753295898e+00 7.572009563446044922e+00 3.370402574539184570e+00
