# distance (\AA)	RDF	distance (\AA)	cdf
1.249899994581937790e-01 0.000000000000000000e+00 1.249899994581937790e-01 0.000000000000000000e+00
1.749699935317039490e-01 0.000000000000000000e+00 1.749699935317039490e-01 0.000000000000000000e+00
2.249499782919883728e-01 0.000000000000000000e+00 2.249499782919883728e-01 0.000000000000000000e+00
2.749300003051757812e-01 0.000000000000000000e+00 2.749300003051757812e-01 0.000000000000000000e+00
3.249099850654602051e-01 0.000000000000000000e+00 3.249099850654602051e-01 0.000000000000000000e+00
3.748899698257446289e-01 0.000000000000000000e+00 3.748899698257446289e-01 0.000000000000000000e+00
4.248699918389320374e-01 0.000000000000000000e+00 4.248699918389320374e-01 0.000000000000000000e+00
4.748500138521194458e-01 0.000000000000000000e+00 4.748500138521194458e-01 0.000000000000000000e+00
5.248299986124038696e-01 0.000000000000000000e+00 5.248299986124038696e-01 0.000000000000000000e+00
5.748099833726882935e-01 0.000000000000000000e+00 5.748099833726882935e-01 0.000000000000000000e+00
6.247899681329727173e-01 0.000000000000000000e+00 6.247899681329727173e-01 0.000000000000000000e+00
6.747699528932571411e-01 0.000000000000000000e+00 6.747699528932571411e-01 0.000000000000000000e+00
7.247499376535415649e-01 0.000000000000000000e+00 7.247499376535415649e-01 0.000000000000000000e+00
7.747299969196319580e-01 0.000000000000000000e+00 7.747299969196319580e-01 0.000000000000000000e+00
8.247099816799163818e-01 0.000000000000000000e+00 8.247099816799163818e-01 0.000000000000000000e+00
8.746899664402008057e-01 0.000000000000000000e+00 8.746899664402008057e-01 0.000000000000000000e+00
9.246699512004852295e-01 0.000000000000000000e+00 9.246699512004852295e-01 0.000000000000000000e+00
9.746499359607696533e-01 0.000000000000000000e+00 9.746499359607696533e-01 0.000000000000000000e+00
1.024629920721054077e+00 0.000000000000000000e+00 1.024629920721054077e+00 0.000000000000000000e+00
1.074609979987144470e+00 0.000000000000000000e+00 1.074609979987144470e+00 0.000000000000000000e+00
1.124589964747428894e+00 0.000000000000000000e+00 1.124589964747428894e+00 0.000000000000000000e+00
1.174569949507713318e+00 0.000000000000000000e+00 1.174569949507713318e+00 0.000000000000000000e+00
1.224549934267997742e+00 0.000000000000000000e+00 1.224549934267997742e+00 0.000000000000000000e+00
1.274529993534088135e+00 0.000000000000000000e+00 1.274529993534088135e+00 0.000000000000000000e+00
1.324509978294372559e+00 0.000000000000000000e+00 1.324509978294372559e+00 0.000000000000000000e+00
1.374489963054656982e+00 0.000000000000000000e+00 1.374489963054656982e+00 0.000000000000000000e+00
1.424469947814941406e+00 0.000000000000000000e+00 1.424469947814941406e+00 0.000000000000000000e+00
1.474450081586837769e+00 0.000000000000000000e+00 1.474450081586837769e+00 0.000000000000000000e+00
1.524430066347122192e+00 0.000000000000000000e+00 1.524430066347122192e+00 0.000000000000000000e+00
1.574410051107406616e+00 0.000000000000000000e+00 1.574410051107406616e+00 0.000000000000000000e+00
1.624390035867691040e+00 0.000000000000000000e+00 1.624390035867691040e+00 0.000000000000000000e+00
1.674370020627975464e+00 0.000000000000000000e+00 1.674370020627975464e+00 0.000000000000000000e+00
1.724350005388259888e+00 0.000000000000000000e+00 1.724350005388259888e+00 0.000000000000000000e+00
1.774329990148544312e+00 0.000000000000000000e+00 1.774329990148544312e+00 0.000000000000000000e+00
1.824309974908828735e+00 0.000000000000000000e+00 1.824309974908828735e+00 0.000000000000000000e+00
1.874289959669113159e+00 0.000000000000000000e+00 1.874289959669113159e+00 0.000000000000000000e+00
1.924269944429397583e+00 0.000000000000000000e+00 1.924269944429397583e+00 0.000000000000000000e+00
1.974250078201293945e+00 0.000000000000000000e+00 1.974250078201293945e+00 0.000000000000000000e+00
2.024230062961578369e+00 0.000000000000000000e+00 2.024230062961578369e+00 0.000000000000000000e+00
2.074210047721862793e+00 0.000000000000000000e+00 2.074210047721862793e+00 0.000000000000000000e+00
2.124190032482147217e+00 0.000000000000000000e+00 2.124190032482147217e+00 0.000000000000000000e+00
2.174170017242431641e+00 0.000000000000000000e+00 2.174170017242431641e+00 0.000000000000000000e+00
2.224150002002716064e+00 0.000000000000000000e+00 2.224150002002716064e+00 0.000000000000000000e+00
2.274129986763000488e+00 0.000000000000000000e+00 2.274129986763000488e+00 0.000000000000000000e+00
2.324109971523284912e+00 0.000000000000000000e+00 2.324109971523284912e+00 0.000000000000000000e+00
2.374089956283569336e+00 0.000000000000000000e+00 2.374089956283569336e+00 0.000000000000000000e+00
2.424069941043853760e+00 0.000000000000000000e+00 2.424069941043853760e+00 0.000000000000000000e+00
2.474049925804138184e+00 0.000000000000000000e+00 2.474049925804138184e+00 0.000000000000000000e+00
2.524029910564422607e+00 0.000000000000000000e+00 2.524029910564422607e+00 0.000000000000000000e+00
2.574009895324707031e+00 0.000000000000000000e+00 2.574009895324707031e+00 0.000000000000000000e+00
2.623989880084991455e+00 0.000000000000000000e+00 2.623989880084991455e+00 0.000000000000000000e+00
2.673969864845275879e+00 0.000000000000000000e+00 2.673969864845275879e+00 0.000000000000000000e+00
2.723949551582336426e+00 0.000000000000000000e+00 2.723949551582336426e+00 0.000000000000000000e+00
2.773929834365844727e+00 0.000000000000000000e+00 2.773929834365844727e+00 0.000000000000000000e+00
2.823910117149353027e+00 0.000000000000000000e+00 2.823910117149353027e+00 0.000000000000000000e+00
2.873889803886413574e+00 0.000000000000000000e+00 2.873889803886413574e+00 0.000000000000000000e+00
2.923870086669921875e+00 9.687744895927608013e-04 2.923870086669921875e+00 7.089975406415760517e-05
2.973849773406982422e+00 1.872966531664133072e-03 2.973849773406982422e+00 2.126992621924728155e-04
3.023830056190490723e+00 3.670803504064679146e-03 3.023830056190490723e+00 5.000298842787742615e-04
3.073809742927551270e+00 9.227028116583824158e-03 3.073809742927551270e+00 1.246343133971095085e-03
3.123790025711059570e+00 1.643880642950534821e-02 3.123790025711059570e+00 2.619559410959482193e-03
3.173769712448120117e+00 2.959991991519927979e-02 3.173769712448120117e+00 5.171950906515121460e-03
3.223749995231628418e+00 4.018186405301094055e-02 3.223749995231628418e+00 8.746791630983352661e-03
3.273729681968688965e+00 6.759764254093170166e-02 3.273729681968688965e+00 1.494865491986274719e-02
3.323709964752197266e+00 9.371402859687805176e-02 3.323709964752197266e+00 2.381112426519393921e-02
3.373689651489257812e+00 1.414351165294647217e-01 3.373689651489257812e+00 3.759179636836051941e-02
3.423669934272766113e+00 1.934519708156585693e-01 3.423669934272766113e+00 5.700340121984481812e-02
3.473649621009826660e+00 2.508931457996368408e-01 3.473649621009826660e+00 8.291912823915481567e-02
3.523629903793334961e+00 3.386879563331604004e-01 3.523629903793334961e+00 1.189175471663475037e-01
3.573609590530395508e+00 4.204491674900054932e-01 3.573609590530395508e+00 1.648829728364944458e-01
3.623589873313903809e+00 5.132719874382019043e-01 3.623589873313903809e+00 2.225767076015472412e-01
3.673569560050964355e+00 6.087077260017395020e-01 3.673569560050964355e+00 2.928980588912963867e-01
3.723549842834472656e+00 6.839963197708129883e-01 3.723549842834472656e+00 3.740819990634918213e-01
3.773529529571533203e+00 7.589966058731079102e-01 3.773529529571533203e+00 4.666024446487426758e-01
3.823509812355041504e+00 8.489728569984436035e-01 3.823509812355041504e+00 5.728513002395629883e-01
3.873490095138549805e+00 9.023162722587585449e-01 3.873490095138549805e+00 6.887462735176086426e-01
3.923469781875610352e+00 9.551640748977661133e-01 3.923469781875610352e+00 8.146157264709472656e-01
3.973450064659118652e+00 1.034322261810302734e+00 3.973450064659118652e+00 9.544113874435424805e-01
4.023429751396179199e+00 1.067919373512268066e+00 4.023429751396179199e+00 1.102401614189147949e+00
4.073410034179687500e+00 1.110733270645141602e+00 4.073410034179687500e+00 1.260172247886657715e+00
4.123389720916748047e+00 1.145774960517883301e+00 4.123389720916748047e+00 1.426939725875854492e+00
4.173370003700256348e+00 1.178468942642211914e+00 4.173370003700256348e+00 1.602648019790649414e+00
4.223349690437316895e+00 1.201548576354980469e+00 4.223349690437316895e+00 1.786114215850830078e+00
4.273329973220825195e+00 1.220103621482849121e+00 4.273329973220825195e+00 1.976849436759948730e+00
4.323309659957885742e+00 1.223846554756164551e+00 4.323309659957885742e+00 2.172670841217041016e+00
4.373289942741394043e+00 1.213355660438537598e+00 4.373289942741394043e+00 2.371328115463256836e+00
4.423269629478454590e+00 1.230512142181396484e+00 4.423269629478454590e+00 2.577426195144653320e+00
4.473249912261962891e+00 1.218636870384216309e+00 4.473249912261962891e+00 2.786173820495605469e+00
4.523229598999023438e+00 1.202659487724304199e+00 4.523229598999023438e+00 2.996813297271728516e+00
4.573209881782531738e+00 1.210612773895263672e+00 4.573209881782531738e+00 3.213557481765747070e+00
4.623189568519592285e+00 1.216228246688842773e+00 4.623189568519592285e+00 3.436093091964721680e+00
4.673169851303100586e+00 1.258141875267028809e+00 4.673169851303100586e+00 3.671301126480102539e+00
4.723149538040161133e+00 1.279233455657958984e+00 4.723149538040161133e+00 3.915595531463623047e+00
4.773129820823669434e+00 1.294812560081481934e+00 4.773129820823669434e+00 4.168125629425048828e+00
4.823109507560729980e+00 1.312412261962890625e+00 4.823109507560729980e+00 4.429477214813232422e+00
4.873089790344238281e+00 1.329064846038818359e+00 4.873089790344238281e+00 4.699657440185546875e+00
4.923069775104522705e+00 1.377420544624328613e+00 4.923069775104522705e+00 4.985443115234375000e+00
4.973049759864807129e+00 1.417913436889648438e+00 4.973049759864807129e+00 5.285632610321044922e+00
5.023030042648315430e+00 1.447438359260559082e+00 5.023030042648315430e+00 5.598263263702392578e+00
5.073009729385375977e+00 1.484584927558898926e+00 5.073009729385375977e+00 5.925331115722656250e+00
5.122990012168884277e+00 1.528356194496154785e+00 5.122990012168884277e+00 6.268706321716308594e+00
5.172969698905944824e+00 1.545446038246154785e+00 5.172969698905944824e+00 6.622727394104003906e+00
5.222949981689453125e+00 1.561082839965820312e+00 5.222949981689453125e+00 6.987278938293457031e+00
5.272929668426513672e+00 1.558164954185485840e+00 5.272929668426513672e+00 7.358144283294677734e+00
5.322909355163574219e+00 1.573743224143981934e+00 5.322909355163574219e+00 7.739853858947753906e+00
5.372889637947082520e+00 1.551110386848449707e+00 5.372889637947082520e+00 8.123167991638183594e+00
5.422869920730590820e+00 1.513545155525207520e+00 5.422869920730590820e+00 8.504194259643554688e+00
5.472849607467651367e+00 1.478166460990905762e+00 5.472849607467651367e+00 8.883205413818359375e+00
5.522829890251159668e+00 1.443963646888732910e+00 5.522829890251159668e+00 9.260235786437988281e+00
5.572810173034667969e+00 1.404968142509460449e+00 5.572810173034667969e+00 9.633758544921875000e+00
5.622789859771728516e+00 1.352569460868835449e+00 5.622789859771728516e+00 9.999825477600097656e+00
5.672769546508789062e+00 1.325485587120056152e+00 5.672769546508789062e+00 1.036497020721435547e+01
5.722749829292297363e+00 1.262032508850097656e+00 5.722749829292297363e+00 1.071878623962402344e+01
5.772730112075805664e+00 1.231918334960937500e+00 5.772730112075805664e+00 1.107022094726562500e+01
5.822709798812866211e+00 1.200629472732543945e+00 5.822709798812866211e+00 1.141868209838867188e+01
5.872689485549926758e+00 1.154655814170837402e+00 5.872689485549926758e+00 1.175958347320556641e+01
5.922669768333435059e+00 1.120786190032958984e+00 5.922669768333435059e+00 1.209613704681396484e+01
5.972650051116943359e+00 1.084416985511779785e+00 5.972650051116943359e+00 1.242729091644287109e+01
6.022629737854003906e+00 1.057475566864013672e+00 6.022629737854003906e+00 1.275564289093017578e+01
6.072609424591064453e+00 1.049667954444885254e+00 6.072609424591064453e+00 1.308700561523437500e+01
6.122589707374572754e+00 1.027312159538269043e+00 6.122589707374572754e+00 1.341666698455810547e+01
6.172569990158081055e+00 1.012936353683471680e+00 6.172569990158081055e+00 1.374704837799072266e+01
6.222549676895141602e+00 1.001788020133972168e+00 6.222549676895141602e+00 1.407910156250000000e+01
6.272529363632202148e+00 9.961693882942199707e-01 6.272529363632202148e+00 1.441462135314941406e+01
6.322509646415710449e+00 9.792819619178771973e-01 6.322509646415710449e+00 1.474972724914550781e+01
6.372489929199218750e+00 9.725638031959533691e-01 6.372489929199218750e+00 1.508782196044921875e+01
6.422469615936279297e+00 9.664207696914672852e-01 6.422469615936279297e+00 1.542906665802001953e+01
6.472449302673339844e+00 9.763954281806945801e-01 6.472449302673339844e+00 1.577922534942626953e+01
6.522430181503295898e+00 9.721528887748718262e-01 6.522430181503295898e+00 1.613326454162597656e+01
6.572409868240356445e+00 9.733511209487915039e-01 6.572409868240356445e+00 1.649319267272949219e+01
6.622389554977416992e+00 9.682518243789672852e-01 6.622389554977416992e+00 1.685670280456542969e+01
6.672369837760925293e+00 9.751151204109191895e-01 6.672369837760925293e+00 1.722833251953125000e+01
6.722350120544433594e+00 9.680944681167602539e-01 6.722350120544433594e+00 1.760284042358398438e+01
6.772329807281494141e+00 9.629349112510681152e-01 6.772329807281494141e+00 1.798090744018554688e+01
6.822309494018554688e+00 9.489797949790954590e-01 6.822309494018554688e+00 1.835902023315429688e+01
6.872289776802062988e+00 9.413564801216125488e-01 6.872289776802062988e+00 1.873960685729980469e+01
6.922270059585571289e+00 9.402388334274291992e-01 6.922270059585571289e+00 1.912529373168945312e+01
6.972249746322631836e+00 9.333103299140930176e-01 6.972249746322631836e+00 1.951368331909179688e+01
7.022229433059692383e+00 9.389603734016418457e-01 7.022229433059692383e+00 1.991004943847656250e+01
7.072209715843200684e+00 9.229846596717834473e-01 7.072209715843200684e+00 2.030523300170898438e+01
7.122189998626708984e+00 9.253589510917663574e-01 7.122189998626708984e+00 2.070705986022949219e+01
7.172169685363769531e+00 9.247727394104003906e-01 7.172169685363769531e+00 2.111428260803222656e+01
7.222149372100830078e+00 9.303494095802307129e-01 7.222149372100830078e+00 2.152969551086425781e+01
7.272129654884338379e+00 9.331178665161132812e-01 7.272129654884338379e+00 2.195212364196777344e+01
7.322109937667846680e+00 9.312543272972106934e-01 7.322109937667846680e+00 2.237952995300292969e+01
7.372089624404907227e+00 9.255217909812927246e-01 7.372089624404907227e+00 2.281011962890625000e+01
7.422069311141967773e+00 9.314996004104614258e-01 7.422069311141967773e+00 2.324939155578613281e+01
7.472049593925476074e+00 9.297353625297546387e-01 7.472049593925476074e+00 2.369375038146972656e+01
7.522029876708984375e+00 9.330332875251770020e-01 7.522029876708984375e+00 2.414567565917968750e+01
7.572009563446044922e+00 9.501963257789611816e-01 7.572009563446044922e+00 2.461205101013183594e+01
