# distance (\AA)	RDF	distance (\AA)	cdf
1.256553269922733307e-01 0.000000000000000000e+00 1.256553269922733307e-01 0.000000000000000000e+00
1.769660040736198425e-01 0.000000000000000000e+00 1.769660040736198425e-01 0.000000000000000000e+00
2.282766625285148621e-01 0.000000000000000000e+00 2.282766625285148621e-01 0.000000000000000000e+00
2.795873209834098816e-01 0.000000000000000000e+00 2.795873209834098816e-01 0.000000000000000000e+00
3.308980166912078857e-01 0.000000000000000000e+00 3.308980166912078857e-01 0.000000000000000000e+00
3.822086751461029053e-01 0.000000000000000000e+00 3.822086751461029053e-01 0.000000000000000000e+00
4.335193336009979248e-01 0.000000000000000000e+00 4.335193336009979248e-01 0.000000000000000000e+00
4.848299920558929443e-01 0.000000000000000000e+00 4.848299920558929443e-01 0.000000000000000000e+00
5.361406505107879639e-01 0.000000000000000000e+00 5.361406505107879639e-01 0.000000000000000000e+00
5.874513089656829834e-01 0.000000000000000000e+00 5.874513089656829834e-01 0.000000000000000000e+00
6.387619674205780029e-01 0.000000000000000000e+00 6.387619674205780029e-01 0.000000000000000000e+00
6.900727003812789917e-01 0.000000000000000000e+00 6.900727003812789917e-01 0.000000000000000000e+00
7.413833588361740112e-01 0.000000000000000000e+00 7.413833588361740112e-01 0.000000000000000000e+00
7.926940172910690308e-01 0.000000000000000000e+00 7.926940172910690308e-01 0.000000000000000000e+00
8.440046757459640503e-01 0.000000000000000000e+00 8.440046757459640503e-01 0.000000000000000000e+00
8.953153342008590698e-01 0.000000000000000000e+00 8.953153342008590698e-01 0.000000000000000000e+00
9.466259926557540894e-01 0.000000000000000000e+00 9.466259926557540894e-01 0.000000000000000000e+00
9.979366511106491089e-01 0.000000000000000000e+00 9.979366511106491089e-01 0.000000000000000000e+00
1.049247309565544128e+00 0.000000000000000000e+00 1.049247309565544128e+00 0.000000000000000000e+00
1.100557968020439148e+00 0.000000000000000000e+00 1.100557968020439148e+00 0.000000000000000000e+00
1.151868700981140137e+00 0.000000000000000000e+00 1.151868700981140137e+00 0.000000000000000000e+00
1.203179359436035156e+00 0.000000000000000000e+00 1.203179359436035156e+00 0.000000000000000000e+00
1.254490017890930176e+00 0.000000000000000000e+00 1.254490017890930176e+00 0.000000000000000000e+00
1.305800676345825195e+00 0.000000000000000000e+00 1.305800676345825195e+00 0.000000000000000000e+00
1.357111334800720215e+00 0.000000000000000000e+00 1.357111334800720215e+00 0.000000000000000000e+00
1.408422142267227173e+00 0.000000000000000000e+00 1.408422142267227173e+00 0.000000000000000000e+00
1.459732800722122192e+00 0.000000000000000000e+00 1.459732800722122192e+00 0.000000000000000000e+00
1.511043459177017212e+00 0.000000000000000000e+00 1.511043459177017212e+00 0.000000000000000000e+00
1.562354117631912231e+00 0.000000000000000000e+00 1.562354117631912231e+00 0.000000000000000000e+00
1.613664776086807251e+00 0.000000000000000000e+00 1.613664776086807251e+00 0.000000000000000000e+00
1.664975434541702271e+00 0.000000000000000000e+00 1.664975434541702271e+00 0.000000000000000000e+00
1.716286092996597290e+00 0.000000000000000000e+00 1.716286092996597290e+00 0.000000000000000000e+00
1.767596751451492310e+00 0.000000000000000000e+00 1.767596751451492310e+00 0.000000000000000000e+00
1.818907409906387329e+00 0.000000000000000000e+00 1.818907409906387329e+00 0.000000000000000000e+00
1.870218068361282349e+00 0.000000000000000000e+00 1.870218068361282349e+00 0.000000000000000000e+00
1.921528726816177368e+00 0.000000000000000000e+00 1.921528726816177368e+00 0.000000000000000000e+00
1.972839385271072388e+00 0.000000000000000000e+00 1.972839385271072388e+00 0.000000000000000000e+00
2.024150043725967407e+00 0.000000000000000000e+00 2.024150043725967407e+00 0.000000000000000000e+00
2.075460702180862427e+00 0.000000000000000000e+00 2.075460702180862427e+00 0.000000000000000000e+00
2.126771360635757446e+00 0.000000000000000000e+00 2.126771360635757446e+00 0.000000000000000000e+00
2.178082168102264404e+00 0.000000000000000000e+00 2.178082168102264404e+00 0.000000000000000000e+00
2.229392826557159424e+00 0.000000000000000000e+00 2.229392826557159424e+00 0.000000000000000000e+00
2.280703485012054443e+00 0.000000000000000000e+00 2.280703485012054443e+00 0.000000000000000000e+00
2.332014143466949463e+00 0.000000000000000000e+00 2.332014143466949463e+00 0.000000000000000000e+00
2.383324801921844482e+00 0.000000000000000000e+00 2.383324801921844482e+00 0.000000000000000000e+00
2.434635460376739502e+00 0.000000000000000000e+00 2.434635460376739502e+00 0.000000000000000000e+00
2.485946118831634521e+00 0.000000000000000000e+00 2.485946118831634521e+00 0.000000000000000000e+00
2.537256777286529541e+00 0.000000000000000000e+00 2.537256777286529541e+00 0.000000000000000000e+00
2.588567435741424561e+00 0.000000000000000000e+00 2.588567435741424561e+00 0.000000000000000000e+00
2.639878094196319580e+00 0.000000000000000000e+00 2.639878094196319580e+00 0.000000000000000000e+00
2.691188752651214600e+00 0.000000000000000000e+00 2.691188752651214600e+00 0.000000000000000000e+00
2.742499411106109619e+00 0.000000000000000000e+00 2.742499411106109619e+00 0.000000000000000000e+00
2.793810069561004639e+00 0.000000000000000000e+00 2.793810069561004639e+00 0.000000000000000000e+00
2.845120728015899658e+00 0.000000000000000000e+00 2.845120728015899658e+00 0.000000000000000000e+00
2.896431386470794678e+00 0.000000000000000000e+00 2.896431386470794678e+00 0.000000000000000000e+00
2.947742044925689697e+00 0.000000000000000000e+00 2.947742044925689697e+00 0.000000000000000000e+00
2.999052703380584717e+00 0.000000000000000000e+00 2.999052703380584717e+00 0.000000000000000000e+00
3.050363361835479736e+00 0.000000000000000000e+00 3.050363361835479736e+00 0.000000000000000000e+00
3.101674020290374756e+00 0.000000000000000000e+00 3.101674020290374756e+00 0.000000000000000000e+00
3.152984678745269775e+00 0.000000000000000000e+00 3.152984678745269775e+00 0.000000000000000000e+00
3.204295337200164795e+00 0.000000000000000000e+00 3.204295337200164795e+00 0.000000000000000000e+00
3.255605995655059814e+00 0.000000000000000000e+00 3.255605995655059814e+00 0.000000000000000000e+00
3.306916654109954834e+00 0.000000000000000000e+00 3.306916654109954834e+00 0.000000000000000000e+00
3.358227312564849854e+00 0.000000000000000000e+00 3.358227312564849854e+00 0.000000000000000000e+00
3.409537971019744873e+00 4.054981400258839130e-05 3.409537971019744873e+00 1.388888904330087826e-06
3.460848629474639893e+00 1.574250054545700550e-04 3.460848629474639893e+00 6.944444521650439128e-06
3.512159287929534912e+00 3.821488935500383377e-04 3.512159287929534912e+00 2.083333311020396650e-05
3.563469946384429932e+00 1.336399931460618973e-03 3.563469946384429932e+00 7.083333912305533886e-05
3.614780604839324951e+00 3.427207237109541893e-03 3.614780604839324951e+00 2.027777809416875243e-04
3.666091263294219971e+00 6.874328479170799255e-03 3.666091263294219971e+00 4.750000080093741417e-04
3.717401921749114990e+00 1.378109306097030640e-02 3.717401921749114990e+00 1.036111149005591869e-03
3.768712580204010010e+00 2.781241759657859802e-02 3.768712580204010010e+00 2.199999988079071045e-03
3.820023238658905029e+00 4.829379171133041382e-02 3.820023238658905029e+00 4.276388790458440781e-03
3.871333897113800049e+00 8.530008047819137573e-02 3.871333897113800049e+00 8.043055422604084015e-03
3.922644555568695068e+00 1.452425122261047363e-01 3.922644555568695068e+00 1.462777704000473022e-02
3.973955214023590088e+00 2.243487387895584106e-01 3.973955214023590088e+00 2.506666630506515503e-02
4.025265872478485107e+00 3.321572840213775635e-01 4.025265872478485107e+00 4.092361032962799072e-02
4.076576530933380127e+00 4.555219709873199463e-01 4.076576530933380127e+00 6.322777271270751953e-02
4.127887189388275146e+00 6.147667169570922852e-01 4.127887189388275146e+00 9.409166127443313599e-02
4.179197847843170166e+00 7.792030572891235352e-01 4.179197847843170166e+00 1.341895759105682373e-01
4.230508804321289062e+00 9.486027359962463379e-01 4.230508804321289062e+00 1.842111051082611084e-01
4.281819462776184082e+00 1.111786961555480957e+00 4.281819462776184082e+00 2.442680448293685913e-01
4.333130121231079102e+00 1.265977263450622559e+00 4.333130121231079102e+00 3.143027722835540771e-01
4.384440779685974121e+00 1.403288125991821289e+00 4.384440779685974121e+00 3.937833309173583984e-01
4.435751438140869141e+00 1.515793204307556152e+00 4.435751438140869141e+00 4.816569387912750244e-01
4.487062096595764160e+00 1.616325139999389648e+00 4.487062096595764160e+00 5.775389075279235840e-01
4.538372755050659180e+00 1.693886399269104004e+00 4.538372755050659180e+00 6.803333759307861328e-01
4.589683413505554199e+00 1.753149509429931641e+00 4.589683413505554199e+00 7.891430854797363281e-01
4.640994071960449219e+00 1.805685043334960938e+00 4.640994071960449219e+00 9.037333726882934570e-01
4.692304730415344238e+00 1.841020584106445312e+00 4.692304730415344238e+00 1.023163914680480957e+00
4.743615388870239258e+00 1.850932121276855469e+00 4.743615388870239258e+00 1.145877838134765625e+00
4.794926047325134277e+00 1.866256594657897949e+00 4.794926047325134277e+00 1.272298693656921387e+00
4.846236705780029297e+00 1.857393860816955566e+00 4.846236705780029297e+00 1.400826454162597656e+00
4.897547364234924316e+00 1.860580325126647949e+00 4.897547364234924316e+00 1.532315373420715332e+00
4.948858022689819336e+00 1.846235990524291992e+00 4.948858022689819336e+00 1.665539026260375977e+00
5.000168681144714355e+00 1.859850406646728516e+00 5.000168681144714355e+00 1.802543163299560547e+00
5.051479339599609375e+00 1.922531604766845703e+00 5.051479339599609375e+00 1.947084784507751465e+00
5.102790594100952148e+00 2.027022600173950195e+00 5.102790594100952148e+00 2.102594614028930664e+00
5.154100656509399414e+00 2.146664381027221680e+00 5.154100656509399414e+00 2.270611286163330078e+00
5.205411911010742188e+00 2.236658573150634766e+00 5.205411911010742188e+00 2.449175119400024414e+00
5.256721973419189453e+00 2.245591163635253906e+00 5.256721973419189453e+00 2.632003545761108398e+00
5.308033227920532227e+00 2.126110315322875977e+00 5.308033227920532227e+00 2.808500051498413086e+00
5.359343290328979492e+00 1.945191383361816406e+00 5.359343290328979492e+00 2.973114728927612305e+00
5.410654544830322266e+00 1.713655948638916016e+00 5.410654544830322266e+00 3.120925188064575195e+00
5.461964607238769531e+00 1.531545400619506836e+00 5.461964607238769531e+00 3.255546092987060547e+00
5.513275861740112305e+00 1.364362597465515137e+00 5.513275861740112305e+00 3.377734899520874023e+00
5.564585924148559570e+00 1.246376156806945801e+00 5.564585924148559570e+00 3.491444587707519531e+00
5.615897178649902344e+00 1.150156259536743164e+00 5.615897178649902344e+00 3.598319530487060547e+00
5.667207241058349609e+00 1.091753602027893066e+00 5.667207241058349609e+00 3.701630592346191406e+00
5.718518495559692383e+00 1.019536852836608887e+00 5.718518495559692383e+00 3.799862623214721680e+00
5.769828557968139648e+00 9.641174674034118652e-01 5.769828557968139648e+00 3.894429206848144531e+00
5.821139812469482422e+00 9.181625247001647949e-01 5.821139812469482422e+00 3.986097335815429688e+00
5.872449874877929688e+00 8.875347375869750977e-01 5.872449874877929688e+00 4.076276302337646484e+00
5.923761129379272461e+00 8.576899766921997070e-01 5.923761129379272461e+00 4.164952754974365234e+00
5.975071191787719727e+00 8.345610499382019043e-01 5.975071191787719727e+00 4.252738952636718750e+00
6.026382446289062500e+00 8.208501338958740234e-01 6.026382446289062500e+00 4.340572357177734375e+00
6.077692508697509766e+00 8.036663532257080078e-01 6.077692508697509766e+00 4.428037643432617188e+00
6.129003763198852539e+00 7.943578362464904785e-01 6.129003763198852539e+00 4.515955924987792969e+00
6.180313825607299805e+00 7.882953882217407227e-01 6.180313825607299805e+00 4.604670047760009766e+00
6.231625080108642578e+00 7.786670923233032227e-01 6.231625080108642578e+00 4.693761825561523438e+00
6.282935142517089844e+00 7.672076225280761719e-01 6.282935142517089844e+00 4.782993793487548828e+00
6.334246397018432617e+00 7.618303298950195312e-01 6.334246397018432617e+00 4.873053550720214844e+00
6.385556459426879883e+00 7.513973712921142578e-01 6.385556459426879883e+00 4.963324546813964844e+00
6.436867713928222656e+00 7.499188780784606934e-01 6.436867713928222656e+00 5.054871559143066406e+00
6.488177776336669922e+00 7.379012107849121094e-01 6.488177776336669922e+00 5.146393775939941406e+00
6.539489030838012695e+00 7.314620018005371094e-01 6.539489030838012695e+00 5.238557815551757812e+00
6.590799093246459961e+00 7.202360630035400391e-01 6.590799093246459961e+00 5.330737113952636719e+00
6.642110347747802734e+00 7.188000679016113281e-01 6.642110347747802734e+00 5.424170494079589844e+00
6.693420410156250000e+00 7.118915915489196777e-01 6.693420410156250000e+00 5.518141269683837891e+00
6.744731664657592773e+00 7.083748579025268555e-01 6.744731664657592773e+00 5.613086223602294922e+00
6.796041727066040039e+00 7.091254591941833496e-01 6.796041727066040039e+00 5.709584236145019531e+00
6.847352981567382812e+00 7.026873230934143066e-01 6.847352981567382812e+00 5.806654930114746094e+00
6.898663043975830078e+00 7.013366818428039551e-01 6.898663043975830078e+00 5.904996395111083984e+00
6.949974298477172852e+00 7.005909681320190430e-01 6.949974298477172852e+00 6.004700660705566406e+00
7.001284360885620117e+00 7.038147449493408203e-01 7.001284360885620117e+00 6.106348037719726562e+00
7.052595615386962891e+00 7.049950361251831055e-01 7.052595615386962891e+00 6.209663391113281250e+00
7.103905677795410156e+00 7.055398821830749512e-01 7.103905677795410156e+00 6.314568996429443359e+00
7.155216932296752930e+00 7.056802511215209961e-01 7.155216932296752930e+00 6.421016216278076172e+00
7.206526994705200195e+00 7.148671150207519531e-01 7.206526994705200195e+00 6.530401706695556641e+00
7.257838249206542969e+00 7.225266098976135254e-01 7.257838249206542969e+00 6.642538547515869141e+00
7.309148311614990234e+00 7.272867560386657715e-01 7.309148311614990234e+00 6.757016181945800781e+00
7.360459566116333008e+00 7.329654097557067871e-01 7.360459566116333008e+00 6.874013423919677734e+00
7.411769628524780273e+00 7.459207773208618164e-01 7.411769628524780273e+00 6.994743824005126953e+00
7.463080883026123047e+00 7.518117427825927734e-01 7.463080883026123047e+00 7.118118762969970703e+00
7.514390945434570312e+00 7.588506340980529785e-01 7.514390945434570312e+00 7.244367599487304688e+00
7.565702199935913086e+00 7.707691192626953125e-01 7.565702199935913086e+00 7.374355316162109375e+00
7.617012262344360352e+00 7.849959731101989746e-01 7.617012262344360352e+00 7.508544921875000000e+00
7.668323516845703125e+00 7.899616956710815430e-01 7.668323516845703125e+00 7.645408630371093750e+00
7.719633579254150391e+00 8.048324584960937500e-01 7.719633579254150391e+00 7.786721229553222656e+00
7.770944833755493164e+00 8.179031610488891602e-01 7.770944833755493164e+00 7.932243347167968750e+00
