# distance (\AA)	RDF	distance (\AA)	cdf
1.256553269922733307e-01 0.000000000000000000e+00 1.256553269922733307e-01 0.000000000000000000e+00
1.769660040736198425e-01 0.000000000000000000e+00 1.769660040736198425e-01 0.000000000000000000e+00
2.282766625285148621e-01 0.000000000000000000e+00 2.282766625285148621e-01 0.000000000000000000e+00
2.795873209834098816e-01 0.000000000000000000e+00 2.795873209834098816e-01 0.000000000000000000e+00
3.308980166912078857e-01 0.000000000000000000e+00 3.308980166912078857e-01 0.000000000000000000e+00
3.822086751461029053e-01 0.000000000000000000e+00 3.822086751461029053e-01 0.000000000000000000e+00
4.335193336009979248e-01 0.000000000000000000e+00 4.335193336009979248e-01 0.000000000000000000e+00
4.848299920558929443e-01 0.000000000000000000e+00 4.848299920558929443e-01 0.000000000000000000e+00
5.361406505107879639e-01 0.000000000000000000e+00 5.361406505107879639e-01 0.000000000000000000e+00
5.874513089656829834e-01 0.000000000000000000e+00 5.874513089656829834e-01 0.000000000000000000e+00
6.387619674205780029e-01 0.000000000000000000e+00 6.387619674205780029e-01 0.000000000000000000e+00
6.900727003812789917e-01 0.000000000000000000e+00 6.900727003812789917e-01 0.000000000000000000e+00
7.413833588361740112e-01 0.000000000000000000e+00 7.413833588361740112e-01 0.000000000000000000e+00
7.926940172910690308e-01 0.000000000000000000e+00 7.926940172910690308e-01 0.000000000000000000e+00
8.440046757459640503e-01 0.000000000000000000e+00 8.440046757459640503e-01 0.000000000000000000e+00
8.953153342008590698e-01 0.000000000000000000e+00 8.953153342008590698e-01 0.000000000000000000e+00
9.466259926557540894e-01 0.000000000000000000e+00 9.466259926557540894e-01 0.000000000000000000e+00
9.979366511106491089e-01 0.000000000000000000e+00 9.979366511106491089e-01 0.000000000000000000e+00
1.049247309565544128e+00 0.000000000000000000e+00 1.049247309565544128e+00 0.000000000000000000e+00
1.100557968020439148e+00 0.000000000000000000e+00 1.100557968020439148e+00 0.000000000000000000e+00
1.151868700981140137e+00 0.000000000000000000e+00 1.151868700981140137e+00 0.000000000000000000e+00
1.203179359436035156e+00 0.000000000000000000e+00 1.203179359436035156e+00 0.000000000000000000e+00
1.254490017890930176e+00 0.000000000000000000e+00 1.254490017890930176e+00 0.000000000000000000e+00
1.305800676345825195e+00 0.000000000000000000e+00 1.305800676345825195e+00 0.000000000000000000e+00
1.357111334800720215e+00 0.000000000000000000e+00 1.357111334800720215e+00 0.000000000000000000e+00
1.408422142267227173e+00 0.000000000000000000e+00 1.408422142267227173e+00 0.000000000000000000e+00
1.459732800722122192e+00 0.000000000000000000e+00 1.459732800722122192e+00 0.000000000000000000e+00
1.511043459177017212e+00 0.000000000000000000e+00 1.511043459177017212e+00 0.000000000000000000e+00
1.562354117631912231e+00 0.000000000000000000e+00 1.562354117631912231e+00 0.000000000000000000e+00
1.613664776086807251e+00 0.000000000000000000e+00 1.613664776086807251e+00 0.000000000000000000e+00
1.664975434541702271e+00 0.000000000000000000e+00 1.664975434541702271e+00 0.000000000000000000e+00
1.716286092996597290e+00 0.000000000000000000e+00 1.716286092996597290e+00 0.000000000000000000e+00
1.767596751451492310e+00 0.000000000000000000e+00 1.767596751451492310e+00 0.000000000000000000e+00
1.818907409906387329e+00 1.692600781098008156e-03 1.818907409906387329e+00 4.583333429764024913e-05
1.870218068361282349e+00 7.922546565532684326e-02 1.870218068361282349e+00 2.313889097422361374e-03
1.921528726816177368e+00 1.071489453315734863e+00 1.921528726816177368e+00 3.469444438815116882e-02
1.972839385271072388e+00 5.218742847442626953e+00 1.972839385271072388e+00 2.009402811527252197e-01
2.024150043725967407e+00 1.181009864807128906e+01 2.024150043725967407e+00 5.969805717468261719e-01
2.075460702180862427e+00 1.613655281066894531e+01 2.075460702180862427e+00 1.165884733200073242e+00
2.126771360635757446e+00 1.574043178558349609e+01 2.126771360635757446e+00 1.748600006103515625e+00
2.178082168102264404e+00 1.243707942962646484e+01 2.178082168102264404e+00 2.231509685516357422e+00
2.229392826557159424e+00 8.730980873107910156e+00 2.229392826557159424e+00 2.586676359176635742e+00
2.280703485012054443e+00 5.744102001190185547e+00 2.280703485012054443e+00 2.831219434738159180e+00
2.332014143466949463e+00 3.670685768127441406e+00 2.332014143466949463e+00 2.994601488113403320e+00
2.383324801921844482e+00 2.397703647613525391e+00 2.383324801921844482e+00 3.106070995330810547e+00
2.434635460376739502e+00 1.585847377777099609e+00 2.434635460376739502e+00 3.183005809783935547e+00
2.485946118831634521e+00 1.109278321266174316e+00 2.485946118831634521e+00 3.239112854003906250e+00
2.537256777286529541e+00 7.961018085479736328e-01 2.537256777286529541e+00 3.281058788299560547e+00
2.588567435741424561e+00 6.061142683029174805e-01 2.588567435741424561e+00 3.314299106597900391e+00
2.639878094196319580e+00 4.797302782535552979e-01 2.639878094196319580e+00 3.341661691665649414e+00
2.691188752651214600e+00 4.017927944660186768e-01 2.691188752651214600e+00 3.365478277206420898e+00
2.742499411106109619e+00 3.467157185077667236e-01 2.742499411106109619e+00 3.386821269989013672e+00
2.793810069561004639e+00 3.081825375556945801e-01 2.793810069561004639e+00 3.406508684158325195e+00
2.845120728015899658e+00 2.931203544139862061e-01 2.845120728015899658e+00 3.425928115844726562e+00
2.896431386470794678e+00 2.828072309494018555e-01 2.896431386470794678e+00 3.445346117019653320e+00
2.947742044925689697e+00 2.820707261562347412e-01 2.947742044925689697e+00 3.465405941009521484e+00
2.999052703380584717e+00 2.869543433189392090e-01 2.999052703380584717e+00 3.486529588699340820e+00
3.050363361835479736e+00 2.954006791114807129e-01 3.050363361835479736e+00 3.509025335311889648e+00
3.101674020290374756e+00 3.202116191387176514e-01 3.101674020290374756e+00 3.534237861633300781e+00
3.152984678745269775e+00 3.455841839313507080e-01 3.152984678745269775e+00 3.562355995178222656e+00
3.204295337200164795e+00 3.769345283508300781e-01 3.204295337200164795e+00 3.594031095504760742e+00
3.255605995655059814e+00 4.068869054317474365e-01 3.255605995655059814e+00 3.629326820373535156e+00
3.306916654109954834e+00 4.592079520225524902e-01 3.306916654109954834e+00 3.670426845550537109e+00
3.358227312564849854e+00 5.027192831039428711e-01 3.358227312564849854e+00 3.716828346252441406e+00
3.409537971019744873e+00 5.548529028892517090e-01 3.409537971019744873e+00 3.769618511199951172e+00
3.460848629474639893e+00 6.220287680625915527e-01 3.460848629474639893e+00 3.830595016479492188e+00
3.512159287929534912e+00 6.857907176017761230e-01 3.512159287929534912e+00 3.899829626083374023e+00
3.563469946384429932e+00 7.528876662254333496e-01 3.563469946384429932e+00 3.978075504302978516e+00
3.614780604839324951e+00 8.274866342544555664e-01 3.614780604839324951e+00 4.066568374633789062e+00
3.666091263294219971e+00 8.993094563484191895e-01 3.666091263294219971e+00 4.165492057800292969e+00
3.717401921749114990e+00 9.679116010665893555e-01 3.717401921749114990e+00 4.274962902069091797e+00
3.768712580204010010e+00 1.043053269386291504e+00 3.768712580204010010e+00 4.396211624145507812e+00
3.820023238658905029e+00 1.112130761146545410e+00 3.820023238658905029e+00 4.529033660888671875e+00
3.871333897113800049e+00 1.171026706695556641e+00 3.871333897113800049e+00 4.672672748565673828e+00
3.922644555568695068e+00 1.228470444679260254e+00 3.922644555568695068e+00 4.827378273010253906e+00
3.973955214023590088e+00 1.270606756210327148e+00 3.973955214023590088e+00 4.991603374481201172e+00
4.025265872478485107e+00 1.310189843177795410e+00 4.025265872478485107e+00 5.165346622467041016e+00
4.076576530933380127e+00 1.350594997406005859e+00 4.076576530933380127e+00 5.349042415618896484e+00
4.127887189388275146e+00 1.373001933097839355e+00 4.127887189388275146e+00 5.540515899658203125e+00
4.179197847843170166e+00 1.394243478775024414e+00 4.179197847843170166e+00 5.739815711975097656e+00
4.230508804321289062e+00 1.405176877975463867e+00 4.230508804321289062e+00 5.945641994476318359e+00
4.281819462776184082e+00 1.403077602386474609e+00 4.281819462776184082e+00 6.156175136566162109e+00
4.333130121231079102e+00 1.403914332389831543e+00 4.333130121231079102e+00 6.371912479400634766e+00
4.384440779685974121e+00 1.393117547035217285e+00 4.384440779685974121e+00 6.591091632843017578e+00
4.435751438140869141e+00 1.382123470306396484e+00 4.435751438140869141e+00 6.813659667968750000e+00
4.487062096595764160e+00 1.356712937355041504e+00 4.487062096595764160e+00 7.037219524383544922e+00
4.538372755050659180e+00 1.336578369140625000e+00 4.538372755050659180e+00 7.262527942657470703e+00
4.589683413505554199e+00 1.298374891281127930e+00 4.589683413505554199e+00 7.486372470855712891e+00
4.640994071960449219e+00 1.258248686790466309e+00 4.640994071960449219e+00 7.708176612854003906e+00
4.692304730415344238e+00 1.219811081886291504e+00 4.692304730415344238e+00 7.927986145019531250e+00
4.743615388870239258e+00 1.171905636787414551e+00 4.743615388870239258e+00 8.143807411193847656e+00
4.794926047325134277e+00 1.127423048019409180e+00 4.794926047325134277e+00 8.355952262878417969e+00
4.846236705780029297e+00 1.080018281936645508e+00 4.846236705780029297e+00 8.563549041748046875e+00
4.897547364234924316e+00 1.041772603988647461e+00 4.897547364234924316e+00 8.768057823181152344e+00
4.948858022689819336e+00 1.001599669456481934e+00 4.948858022689819336e+00 8.968821525573730469e+00
5.000168681144714355e+00 9.612554907798767090e-01 5.000168681144714355e+00 9.165515899658203125e+00
5.051479339599609375e+00 9.330102801322937012e-01 5.051479339599609375e+00 9.360366821289062500e+00
5.102790594100952148e+00 9.030571579933166504e-01 5.102790594100952148e+00 9.552814483642578125e+00
5.154100656509399414e+00 8.778731226921081543e-01 5.154100656509399414e+00 9.743675231933593750e+00
5.205411911010742188e+00 8.575174212455749512e-01 5.205411911010742188e+00 9.933841705322265625e+00
5.256721973419189453e+00 8.360208868980407715e-01 5.256721973419189453e+00 1.012291431427001953e+01
5.308033227920532227e+00 8.233207464218139648e-01 5.308033227920532227e+00 1.031276702880859375e+01
5.359343290328979492e+00 8.042523860931396484e-01 5.359343290328979492e+00 1.050182533264160156e+01
5.410654544830322266e+00 7.985155582427978516e-01 5.410654544830322266e+00 1.069314575195312500e+01
5.461964607238769531e+00 7.905579209327697754e-01 5.461964607238769531e+00 1.088617038726806641e+01
5.513275861740112305e+00 7.848255038261413574e-01 5.513275861740112305e+00 1.108141231536865234e+01
5.564585924148559570e+00 7.798941135406494141e-01 5.564585924148559570e+00 1.127905559539794922e+01
5.615897178649902344e+00 7.765585780143737793e-01 5.615897178649902344e+00 1.147949886322021484e+01
5.667207241058349609e+00 7.764936685562133789e-01 5.667207241058349609e+00 1.168360614776611328e+01
5.718518495559692383e+00 7.792665362358093262e-01 5.718518495559692383e+00 1.189216709136962891e+01
5.769828557968139648e+00 7.803847193717956543e-01 5.769828557968139648e+00 1.210479164123535156e+01
5.821139812469482422e+00 7.830238938331604004e-01 5.821139812469482422e+00 1.232194709777832031e+01
5.872449874877929688e+00 7.874114513397216797e-01 5.872449874877929688e+00 1.254418563842773438e+01
5.923761129379272461e+00 7.912676930427551270e-01 5.923761129379272461e+00 1.277143287658691406e+01
5.975071191787719727e+00 7.937142848968505859e-01 5.975071191787719727e+00 1.300334835052490234e+01
6.026382446289062500e+00 7.979270815849304199e-01 6.026382446289062500e+00 1.324051666259765625e+01
6.077692508697509766e+00 8.062227964401245117e-01 6.077692508697509766e+00 1.348424816131591797e+01
6.129003763198852539e+00 8.143657445907592773e-01 6.129003763198852539e+00 1.373461627960205078e+01
6.180313825607299805e+00 8.207562565803527832e-01 6.180313825607299805e+00 1.399119091033935547e+01
6.231625080108642578e+00 8.235371708869934082e-01 6.231625080108642578e+00 1.425292873382568359e+01
6.282935142517089844e+00 8.315892815589904785e-01 6.282935142517089844e+00 1.452159500122070312e+01
6.334246397018432617e+00 8.403379917144775391e-01 6.334246397018432617e+00 1.479754066467285156e+01
6.385556459426879883e+00 8.494408130645751953e-01 6.385556459426879883e+00 1.508101177215576172e+01
6.436867713928222656e+00 8.553184866905212402e-01 6.436867713928222656e+00 1.537105083465576172e+01
6.488177776336669922e+00 8.628244400024414062e-01 6.488177776336669922e+00 1.566831874847412109e+01
6.539489030838012695e+00 8.699871301651000977e-01 6.539489030838012695e+00 1.597281360626220703e+01
6.590799093246459961e+00 8.748197555541992188e-01 6.590799093246459961e+00 1.628382301330566406e+01
6.642110347747802734e+00 8.801082372665405273e-01 6.642110347747802734e+00 1.660160446166992188e+01
6.693420410156250000e+00 8.811711072921752930e-01 6.693420410156250000e+00 1.692470359802246094e+01
6.744731664657592773e+00 8.956682682037353516e-01 6.744731664657592773e+00 1.725817108154296875e+01
6.796041727066040039e+00 8.996571898460388184e-01 6.796041727066040039e+00 1.759824180603027344e+01
6.847352981567382812e+00 9.007344245910644531e-01 6.847352981567382812e+00 1.794388008117675781e+01
6.898663043975830078e+00 9.059527516365051270e-01 6.898663043975830078e+00 1.829674911499023438e+01
6.949974298477172852e+00 9.049366712570190430e-01 6.949974298477172852e+00 1.865448570251464844e+01
7.001284360885620117e+00 9.069626331329345703e-01 7.001284360885620117e+00 1.901833724975585938e+01
7.052595615386962891e+00 9.070368409156799316e-01 7.052595615386962891e+00 1.938757133483886719e+01
7.103905677795410156e+00 9.123815894126892090e-01 7.103905677795410156e+00 1.976440620422363281e+01
7.155216932296752930e+00 9.107457995414733887e-01 7.155216932296752930e+00 2.014601707458496094e+01
7.206526994705200195e+00 9.084270596504211426e-01 7.206526994705200195e+00 2.053213691711425781e+01
7.257838249206542969e+00 9.104745984077453613e-01 7.257838249206542969e+00 2.092465591430664062e+01
7.309148311614990234e+00 9.125440716743469238e-01 7.309148311614990234e+00 2.132365036010742188e+01
7.360459566116333008e+00 9.079840779304504395e-01 7.360459566116333008e+00 2.172624397277832031e+01
7.411769628524780273e+00 9.082114100456237793e-01 7.411769628524780273e+00 2.213457107543945312e+01
7.463080883026123047e+00 9.092244505882263184e-01 7.463080883026123047e+00 2.254903411865234375e+01
7.514390945434570312e+00 9.035081267356872559e-01 7.514390945434570312e+00 2.296657562255859375e+01
7.565702199935913086e+00 9.032770991325378418e-01 7.565702199935913086e+00 2.338972663879394531e+01
7.617012262344360352e+00 9.049857258796691895e-01 7.617012262344360352e+00 2.381945228576660156e+01
7.668323516845703125e+00 8.990365266799926758e-01 7.668323516845703125e+00 2.425212287902832031e+01
7.719633579254150391e+00 8.976134657859802246e-01 7.719633579254150391e+00 2.468990898132324219e+01
7.770944833755493164e+00 9.018100500106811523e-01 7.770944833755493164e+00 2.513560676574707031e+01
