# distance (\AA)	RDF	distance (\AA)	cdf
1.256553269922733307e-01 0.000000000000000000e+00 1.256553269922733307e-01 0.000000000000000000e+00
1.769660040736198425e-01 0.000000000000000000e+00 1.769660040736198425e-01 0.000000000000000000e+00
2.282766625285148621e-01 0.000000000000000000e+00 2.282766625285148621e-01 0.000000000000000000e+00
2.795873209834098816e-01 0.000000000000000000e+00 2.795873209834098816e-01 0.000000000000000000e+00
3.308980166912078857e-01 0.000000000000000000e+00 3.308980166912078857e-01 0.000000000000000000e+00
3.822086751461029053e-01 0.000000000000000000e+00 3.822086751461029053e-01 0.000000000000000000e+00
4.335193336009979248e-01 0.000000000000000000e+00 4.335193336009979248e-01 0.000000000000000000e+00
4.848299920558929443e-01 0.000000000000000000e+00 4.848299920558929443e-01 0.000000000000000000e+00
5.361406505107879639e-01 0.000000000000000000e+00 5.361406505107879639e-01 0.000000000000000000e+00
5.874513089656829834e-01 0.000000000000000000e+00 5.874513089656829834e-01 0.000000000000000000e+00
6.387619674205780029e-01 0.000000000000000000e+00 6.387619674205780029e-01 0.000000000000000000e+00
6.900727003812789917e-01 0.000000000000000000e+00 6.900727003812789917e-01 0.000000000000000000e+00
7.413833588361740112e-01 0.000000000000000000e+00 7.413833588361740112e-01 0.000000000000000000e+00
7.926940172910690308e-01 0.000000000000000000e+00 7.926940172910690308e-01 0.000000000000000000e+00
8.440046757459640503e-01 0.000000000000000000e+00 8.440046757459640503e-01 0.000000000000000000e+00
8.953153342008590698e-01 0.000000000000000000e+00 8.953153342008590698e-01 0.000000000000000000e+00
9.466259926557540894e-01 0.000000000000000000e+00 9.466259926557540894e-01 0.000000000000000000e+00
9.979366511106491089e-01 0.000000000000000000e+00 9.979366511106491089e-01 0.000000000000000000e+00
1.049247309565544128e+00 0.000000000000000000e+00 1.049247309565544128e+00 0.000000000000000000e+00
1.100557968020439148e+00 0.000000000000000000e+00 1.100557968020439148e+00 0.000000000000000000e+00
1.151868700981140137e+00 0.000000000000000000e+00 1.151868700981140137e+00 0.000000000000000000e+00
1.203179359436035156e+00 0.000000000000000000e+00 1.203179359436035156e+00 0.000000000000000000e+00
1.254490017890930176e+00 0.000000000000000000e+00 1.254490017890930176e+00 0.000000000000000000e+00
1.305800676345825195e+00 0.000000000000000000e+00 1.305800676345825195e+00 0.000000000000000000e+00
1.357111334800720215e+00 0.000000000000000000e+00 1.357111334800720215e+00 0.000000000000000000e+00
1.408422142267227173e+00 0.000000000000000000e+00 1.408422142267227173e+00 0.000000000000000000e+00
1.459732800722122192e+00 0.000000000000000000e+00 1.459732800722122192e+00 0.000000000000000000e+00
1.511043459177017212e+00 0.000000000000000000e+00 1.511043459177017212e+00 0.000000000000000000e+00
1.562354117631912231e+00 0.000000000000000000e+00 1.562354117631912231e+00 0.000000000000000000e+00
1.613664776086807251e+00 0.000000000000000000e+00 1.613664776086807251e+00 0.000000000000000000e+00
1.664975434541702271e+00 0.000000000000000000e+00 1.664975434541702271e+00 0.000000000000000000e+00
1.716286092996597290e+00 0.000000000000000000e+00 1.716286092996597290e+00 0.000000000000000000e+00
1.767596751451492310e+00 0.000000000000000000e+00 1.767596751451492310e+00 0.000000000000000000e+00
1.818907409906387329e+00 9.260862134397029877e-04 1.818907409906387329e+00 1.805555621103849262e-05
1.870218068361282349e+00 2.843534760177135468e-02 1.870218068361282349e+00 6.041666492819786072e-04
1.921528726816177368e+00 2.585835158824920654e-01 1.921528726816177368e+00 6.230555474758148193e-03
1.972839385271072388e+00 1.003033280372619629e+00 1.972839385271072388e+00 2.923611178994178772e-02
2.024150043725967407e+00 2.151513099670410156e+00 2.024150043725967407e+00 8.118332922458648682e-02
2.075460702180862427e+00 3.229937553405761719e+00 2.075460702180862427e+00 1.631722152233123779e-01
2.126771360635757446e+00 3.661395549774169922e+00 2.126771360635757446e+00 2.607652544975280762e-01
2.178082168102264404e+00 3.564290046691894531e+00 2.178082168102264404e+00 3.604097068309783936e-01
2.229392826557159424e+00 3.082235336303710938e+00 2.229392826557159424e+00 4.506847262382507324e-01
2.280703485012054443e+00 2.546558141708374023e+00 2.280703485012054443e+00 5.287430286407470703e-01
2.332014143466949463e+00 2.017903804779052734e+00 2.332014143466949463e+00 5.934110879898071289e-01
2.383324801921844482e+00 1.586857795715332031e+00 2.383324801921844482e+00 6.465277671813964844e-01
2.434635460376739502e+00 1.262380719184875488e+00 2.434635460376739502e+00 6.906222105026245117e-01
2.485946118831634521e+00 1.002421379089355469e+00 2.485946118831634521e+00 7.271277904510498047e-01
2.537256777286529541e+00 8.254742622375488281e-01 2.537256777286529541e+00 7.584430575370788574e-01
2.588567435741424561e+00 6.858627200126647949e-01 2.588567435741424561e+00 7.855250239372253418e-01
2.639878094196319580e+00 5.885055065155029297e-01 2.639878094196319580e+00 8.096930980682373047e-01
2.691188752651214600e+00 5.093288421630859375e-01 2.691188752651214600e+00 8.314306139945983887e-01
2.742499411106109619e+00 4.561982452869415283e-01 2.742499411106109619e+00 8.516500592231750488e-01
2.793810069561004639e+00 4.097928106784820557e-01 2.793810069561004639e+00 8.704986572265625000e-01
2.845120728015899658e+00 3.875450193881988525e-01 2.845120728015899658e+00 8.889847397804260254e-01
2.896431386470794678e+00 3.687109053134918213e-01 2.896431386470794678e+00 9.072124958038330078e-01
2.947742044925689697e+00 3.551462292671203613e-01 2.947742044925689697e+00 9.253972172737121582e-01
2.999052703380584717e+00 3.542092740535736084e-01 2.999052703380584717e+00 9.441708326339721680e-01
3.050363361835479736e+00 3.587563931941986084e-01 3.050363361835479736e+00 9.638416767120361328e-01
3.101674020290374756e+00 3.617832660675048828e-01 3.101674020290374756e+00 9.843513965606689453e-01
3.152984678745269775e+00 3.736692667007446289e-01 3.152984678745269775e+00 1.006241679191589355e+00
3.204295337200164795e+00 3.987577259540557861e-01 3.204295337200164795e+00 1.030368089675903320e+00
3.255605995655059814e+00 4.139948785305023193e-01 3.255605995655059814e+00 1.056225061416625977e+00
3.306916654109954834e+00 4.447624087333679199e-01 3.306916654109954834e+00 1.084886193275451660e+00
3.358227312564849854e+00 4.801380634307861328e-01 3.358227312564849854e+00 1.116794586181640625e+00
3.409537971019744873e+00 5.233156085014343262e-01 3.409537971019744873e+00 1.152643203735351562e+00
3.460848629474639893e+00 5.658642053604125977e-01 3.460848629474639893e+00 1.192582130432128906e+00
3.512159287929534912e+00 6.132534742355346680e-01 3.512159287929534912e+00 1.237158536911010742e+00
3.563469946384429932e+00 6.687197089195251465e-01 3.563469946384429932e+00 1.287197470664978027e+00
3.614780604839324951e+00 7.299410700798034668e-01 3.614780604839324951e+00 1.343401670455932617e+00
3.666091263294219971e+00 7.993510961532592773e-01 3.666091263294219971e+00 1.406710028648376465e+00
3.717401921749114990e+00 8.644906282424926758e-01 3.717401921749114990e+00 1.477107286453247070e+00
3.768712580204010010e+00 9.336741566658020020e-01 3.768712580204010010e+00 1.555251717567443848e+00
3.820023238658905029e+00 1.006432890892028809e+00 3.820023238658905029e+00 1.641794800758361816e+00
3.871333897113800049e+00 1.081961750984191895e+00 3.871333897113800049e+00 1.737348914146423340e+00
3.922644555568695068e+00 1.135333299636840820e+00 3.922644555568695068e+00 1.840291976928710938e+00
3.973955214023590088e+00 1.205173015594482422e+00 3.973955214023590088e+00 1.952444791793823242e+00
4.025265872478485107e+00 1.263416647911071777e+00 4.025265872478485107e+00 2.073073863983154297e+00
4.076576530933380127e+00 1.316741824150085449e+00 4.076576530933380127e+00 2.202019691467285156e+00
4.127887189388275146e+00 1.363154292106628418e+00 4.127887189388275146e+00 2.338891983032226562e+00
4.179197847843170166e+00 1.416616201400756836e+00 4.179197847843170166e+00 2.484690666198730469e+00
4.230508804321289062e+00 1.448564767837524414e+00 4.230508804321289062e+00 2.637461423873901367e+00
4.281819462776184082e+00 1.484088063240051270e+00 4.281819462776184082e+00 2.797797441482543945e+00
4.333130121231079102e+00 1.512845873832702637e+00 4.333130121231079102e+00 2.965180873870849609e+00
4.384440779685974121e+00 1.544264316558837891e+00 4.384440779685974121e+00 3.140111446380615234e+00
4.435751438140869141e+00 1.558857679367065430e+00 4.435751438140869141e+00 3.320851802825927734e+00
4.487062096595764160e+00 1.573291778564453125e+00 4.487062096595764160e+00 3.507510185241699219e+00
4.538372755050659180e+00 1.573983311653137207e+00 4.538372755050659180e+00 3.698546409606933594e+00
4.589683413505554199e+00 1.557645320892333984e+00 4.589683413505554199e+00 3.891897678375244141e+00
4.640994071960449219e+00 1.518314003944396973e+00 4.640994071960449219e+00 4.084604740142822266e+00
4.692304730415344238e+00 1.460248947143554688e+00 4.692304730415344238e+00 4.274063110351562500e+00
4.743615388870239258e+00 1.405503034591674805e+00 4.743615388870239258e+00 4.460428237915039062e+00
4.794926047325134277e+00 1.340822815895080566e+00 4.794926047325134277e+00 4.642083644866943359e+00
4.846236705780029297e+00 1.286366701126098633e+00 4.846236705780029297e+00 4.820111274719238281e+00
4.897547364234924316e+00 1.223708152770996094e+00 4.897547364234924316e+00 4.993072509765625000e+00
4.948858022689819336e+00 1.174999952316284180e+00 4.948858022689819336e+00 5.162647724151611328e+00
5.000168681144714355e+00 1.115338921546936035e+00 5.000168681144714355e+00 5.326968669891357422e+00
5.051479339599609375e+00 1.079468131065368652e+00 5.051479339599609375e+00 5.489284038543701172e+00
5.102790594100952148e+00 1.031234979629516602e+00 5.102790594100952148e+00 5.647513389587402344e+00
5.154100656509399414e+00 1.004001975059509277e+00 5.154100656509399414e+00 5.804677486419677734e+00
5.205411911010742188e+00 9.765961766242980957e-01 5.205411911010742188e+00 5.960610866546630859e+00
5.256721973419189453e+00 9.454797506332397461e-01 5.256721973419189453e+00 6.114566326141357422e+00
5.308033227920532227e+00 9.285100698471069336e-01 5.308033227920532227e+00 6.268724441528320312e+00
5.359343290328979492e+00 9.207952618598937988e-01 5.359343290328979492e+00 6.424571514129638672e+00
5.410654544830322266e+00 9.095104932785034180e-01 5.410654544830322266e+00 6.581470012664794922e+00
5.461964607238769531e+00 8.993149995803833008e-01 5.461964607238769531e+00 6.739567279815673828e+00
5.513275861740112305e+00 8.929086923599243164e-01 5.513275861740112305e+00 6.899500846862792969e+00
5.564585924148559570e+00 9.035013318061828613e-01 5.564585924148559570e+00 7.064357757568359375e+00
5.615897178649902344e+00 9.031603932380676270e-01 5.615897178649902344e+00 7.232204914093017578e+00
5.667207241058349609e+00 9.128671288490295410e-01 5.667207241058349609e+00 7.404971599578857422e+00
5.718518495559692383e+00 9.204474687576293945e-01 5.718518495559692383e+00 7.582341194152832031e+00
5.769828557968139648e+00 9.347074627876281738e-01 5.769828557968139648e+00 7.765705108642578125e+00
5.821139812469482422e+00 9.512854218482971191e-01 5.821139812469482422e+00 7.955655097961425781e+00
5.872449874877929688e+00 9.667347073554992676e-01 5.872449874877929688e+00 8.152108192443847656e+00
5.923761129379272461e+00 9.800425171852111816e-01 5.923761129379272461e+00 8.354761123657226562e+00
5.975071191787719727e+00 9.981366395950317383e-01 5.975071191787719727e+00 8.564745903015136719e+00
6.026382446289062500e+00 1.015841007232666016e+00 6.026382446289062500e+00 8.782141685485839844e+00
6.077692508697509766e+00 1.032527923583984375e+00 6.077692508697509766e+00 9.006887435913085938e+00
6.129003763198852539e+00 1.043302774429321289e+00 6.129003763198852539e+00 9.237829208374023438e+00
6.180313825607299805e+00 1.058140397071838379e+00 6.180313825607299805e+00 9.475993156433105469e+00
6.231625080108642578e+00 1.071896433830261230e+00 6.231625080108642578e+00 9.721276283264160156e+00
6.282935142517089844e+00 1.086327195167541504e+00 6.282935142517089844e+00 9.973972320556640625e+00
6.334246397018432617e+00 1.097911953926086426e+00 6.334246397018432617e+00 1.023355102539062500e+01
6.385556459426879883e+00 1.101072549819946289e+00 6.385556459426879883e+00 1.049811077117919922e+01
6.436867713928222656e+00 1.111083507537841797e+00 6.436867713928222656e+00 1.076938438415527344e+01
6.488177776336669922e+00 1.109371423721313477e+00 6.488177776336669922e+00 1.104457569122314453e+01
6.539489030838012695e+00 1.115777611732482910e+00 6.539489030838012695e+00 1.132575035095214844e+01
6.590799093246459961e+00 1.115026235580444336e+00 6.590799093246459961e+00 1.161116313934326172e+01
6.642110347747802734e+00 1.108144879341125488e+00 6.642110347747802734e+00 1.189924812316894531e+01
6.693420410156250000e+00 1.099734067916870117e+00 6.693420410156250000e+00 1.218958187103271484e+01
6.744731664657592773e+00 1.095916152000427246e+00 6.744731664657592773e+00 1.248335838317871094e+01
6.796041727066040039e+00 1.090079426765441895e+00 6.796041727066040039e+00 1.278003501892089844e+01
6.847352981567382812e+00 1.077869176864624023e+00 6.847352981567382812e+00 1.307783317565917969e+01
6.898663043975830078e+00 1.074806451797485352e+00 6.898663043975830078e+00 1.337925243377685547e+01
6.949974298477172852e+00 1.060138225555419922e+00 6.949974298477172852e+00 1.368099784851074219e+01
7.001284360885620117e+00 1.057558894157409668e+00 7.001284360885620117e+00 1.398647022247314453e+01
7.052595615386962891e+00 1.044309377670288086e+00 7.052595615386962891e+00 1.429255199432373047e+01
7.103905677795410156e+00 1.034934163093566895e+00 7.103905677795410156e+00 1.460031700134277344e+01
7.155216932296752930e+00 1.022224545478820801e+00 7.155216932296752930e+00 1.490870857238769531e+01
7.206526994705200195e+00 1.011125087738037109e+00 7.206526994705200195e+00 1.521814346313476562e+01
7.257838249206542969e+00 1.004750370979309082e+00 7.257838249206542969e+00 1.553001976013183594e+01
7.309148311614990234e+00 9.922676086425781250e-01 7.309148311614990234e+00 1.584239292144775391e+01
7.360459566116333008e+00 9.867990612983703613e-01 7.360459566116333008e+00 1.615742301940917969e+01
7.411769628524780273e+00 9.796613454818725586e-01 7.411769628524780273e+00 1.647454833984375000e+01
7.463080883026123047e+00 9.699665307998657227e-01 7.463080883026123047e+00 1.679289817810058594e+01
7.514390945434570312e+00 9.622357487678527832e-01 7.514390945434570312e+00 1.711306953430175781e+01
7.565702199935913086e+00 9.540832042694091797e-01 7.565702199935913086e+00 1.743487548828125000e+01
7.617012262344360352e+00 9.502759575843811035e-01 7.617012262344360352e+00 1.775976181030273438e+01
7.668323516845703125e+00 9.477584958076477051e-01 7.668323516845703125e+00 1.808816719055175781e+01
7.719633579254150391e+00 9.422341585159301758e-01 7.719633579254150391e+00 1.841904258728027344e+01
7.770944833755493164e+00 9.413740038871765137e-01 7.770944833755493164e+00 1.875402259826660156e+01
