# distance (\AA)	RDF	distance (\AA)	cdf
1.256553269922733307e-01 0.000000000000000000e+00 1.256553269922733307e-01 0.000000000000000000e+00
1.769660040736198425e-01 0.000000000000000000e+00 1.769660040736198425e-01 0.000000000000000000e+00
2.282766625285148621e-01 0.000000000000000000e+00 2.282766625285148621e-01 0.000000000000000000e+00
2.795873209834098816e-01 0.000000000000000000e+00 2.795873209834098816e-01 0.000000000000000000e+00
3.308980166912078857e-01 0.000000000000000000e+00 3.308980166912078857e-01 0.000000000000000000e+00
3.822086751461029053e-01 0.000000000000000000e+00 3.822086751461029053e-01 0.000000000000000000e+00
4.335193336009979248e-01 0.000000000000000000e+00 4.335193336009979248e-01 0.000000000000000000e+00
4.848299920558929443e-01 0.000000000000000000e+00 4.848299920558929443e-01 0.000000000000000000e+00
5.361406505107879639e-01 0.000000000000000000e+00 5.361406505107879639e-01 0.000000000000000000e+00
5.874513089656829834e-01 0.000000000000000000e+00 5.874513089656829834e-01 0.000000000000000000e+00
6.387619674205780029e-01 0.000000000000000000e+00 6.387619674205780029e-01 0.000000000000000000e+00
6.900727003812789917e-01 0.000000000000000000e+00 6.900727003812789917e-01 0.000000000000000000e+00
7.413833588361740112e-01 0.000000000000000000e+00 7.413833588361740112e-01 0.000000000000000000e+00
7.926940172910690308e-01 0.000000000000000000e+00 7.926940172910690308e-01 0.000000000000000000e+00
8.440046757459640503e-01 0.000000000000000000e+00 8.440046757459640503e-01 0.000000000000000000e+00
8.953153342008590698e-01 0.000000000000000000e+00 8.953153342008590698e-01 0.000000000000000000e+00
9.466259926557540894e-01 0.000000000000000000e+00 9.466259926557540894e-01 0.000000000000000000e+00
9.979366511106491089e-01 0.000000000000000000e+00 9.979366511106491089e-01 0.000000000000000000e+00
1.049247309565544128e+00 0.000000000000000000e+00 1.049247309565544128e+00 0.000000000000000000e+00
1.100557968020439148e+00 0.000000000000000000e+00 1.100557968020439148e+00 0.000000000000000000e+00
1.151868700981140137e+00 0.000000000000000000e+00 1.151868700981140137e+00 0.000000000000000000e+00
1.203179359436035156e+00 0.000000000000000000e+00 1.203179359436035156e+00 0.000000000000000000e+00
1.254490017890930176e+00 0.000000000000000000e+00 1.254490017890930176e+00 0.000000000000000000e+00
1.305800676345825195e+00 0.000000000000000000e+00 1.305800676345825195e+00 0.000000000000000000e+00
1.357111334800720215e+00 0.000000000000000000e+00 1.357111334800720215e+00 0.000000000000000000e+00
1.408422142267227173e+00 0.000000000000000000e+00 1.408422142267227173e+00 0.000000000000000000e+00
1.459732800722122192e+00 0.000000000000000000e+00 1.459732800722122192e+00 0.000000000000000000e+00
1.511043459177017212e+00 0.000000000000000000e+00 1.511043459177017212e+00 0.000000000000000000e+00
1.562354117631912231e+00 0.000000000000000000e+00 1.562354117631912231e+00 0.000000000000000000e+00
1.613664776086807251e+00 0.000000000000000000e+00 1.613664776086807251e+00 0.000000000000000000e+00
1.664975434541702271e+00 0.000000000000000000e+00 1.664975434541702271e+00 0.000000000000000000e+00
1.716286092996597290e+00 0.000000000000000000e+00 1.716286092996597290e+00 0.000000000000000000e+00
1.767596751451492310e+00 0.000000000000000000e+00 1.767596751451492310e+00 0.000000000000000000e+00
1.818907409906387329e+00 0.000000000000000000e+00 1.818907409906387329e+00 0.000000000000000000e+00
1.870218068361282349e+00 0.000000000000000000e+00 1.870218068361282349e+00 0.000000000000000000e+00
1.921528726816177368e+00 0.000000000000000000e+00 1.921528726816177368e+00 0.000000000000000000e+00
1.972839385271072388e+00 0.000000000000000000e+00 1.972839385271072388e+00 0.000000000000000000e+00
2.024150043725967407e+00 0.000000000000000000e+00 2.024150043725967407e+00 0.000000000000000000e+00
2.075460702180862427e+00 0.000000000000000000e+00 2.075460702180862427e+00 0.000000000000000000e+00
2.126771360635757446e+00 0.000000000000000000e+00 2.126771360635757446e+00 0.000000000000000000e+00
2.178082168102264404e+00 0.000000000000000000e+00 2.178082168102264404e+00 0.000000000000000000e+00
2.229392826557159424e+00 0.000000000000000000e+00 2.229392826557159424e+00 0.000000000000000000e+00
2.280703485012054443e+00 0.000000000000000000e+00 2.280703485012054443e+00 0.000000000000000000e+00
2.332014143466949463e+00 4.493379310588352382e-05 2.332014143466949463e+00 1.999999994950485416e-06
2.383324801921844482e+00 1.064743148162961006e-03 2.383324801921844482e+00 5.149999924469739199e-05
2.434635460376739502e+00 1.969562098383903503e-02 2.434635460376739502e+00 1.006999984383583069e-03
2.485946118831634521e+00 1.471341699361801147e-01 2.485946118831634521e+00 8.448999375104904175e-03
2.537256777286529541e+00 5.700331926345825195e-01 2.537256777286529541e+00 3.848350048065185547e-02
2.588567435741424561e+00 1.344430804252624512e+00 2.588567435741424561e+00 1.122142523527145386e-01
2.639878094196319580e+00 2.230559110641479492e+00 2.639878094196319580e+00 2.394392490386962891e-01
2.691188752651214600e+00 2.916251897811889648e+00 2.691188752651214600e+00 4.123030006885528564e-01
2.742499411106109619e+00 3.220213174819946289e+00 2.742499411106109619e+00 6.105322837829589844e-01
2.793810069561004639e+00 3.231040239334106445e+00 2.793810069561004639e+00 8.169395327568054199e-01
2.845120728015899658e+00 3.086907625198364258e+00 2.845120728015899658e+00 1.021449565887451172e+00
2.896431386470794678e+00 2.903214693069458008e+00 2.896431386470794678e+00 1.220789551734924316e+00
2.947742044925689697e+00 2.731574535369873047e+00 2.947742044925689697e+00 1.415048003196716309e+00
2.999052703380584717e+00 2.598958015441894531e+00 2.999052703380584717e+00 1.606365442276000977e+00
3.050363361835479736e+00 2.480594158172607422e+00 3.050363361835479736e+00 1.795271635055541992e+00
3.101674020290374756e+00 2.383034706115722656e+00 3.101674020290374756e+00 1.982904672622680664e+00
3.152984678745269775e+00 2.290019035339355469e+00 3.152984678745269775e+00 2.169229507446289062e+00
3.204295337200164795e+00 2.206622600555419922e+00 3.204295337200164795e+00 2.354659080505371094e+00
3.255605995655059814e+00 2.119352579116821289e+00 3.255605995655059814e+00 2.538504600524902344e+00
3.306916654109954834e+00 2.022651433944702148e+00 3.306916654109954834e+00 2.719535827636718750e+00
3.358227312564849854e+00 1.933783173561096191e+00 3.358227312564849854e+00 2.898025512695312500e+00
3.409537971019744873e+00 1.847422122955322266e+00 3.409537971019744873e+00 3.073794603347778320e+00
3.460848629474639893e+00 1.755373954772949219e+00 3.460848629474639893e+00 3.245870828628540039e+00
3.512159287929534912e+00 1.660742163658142090e+00 3.512159287929534912e+00 3.413532733917236328e+00
3.563469946384429932e+00 1.580707907676696777e+00 3.563469946384429932e+00 3.577811956405639648e+00
3.614780604839324951e+00 1.505580306053161621e+00 3.614780604839324951e+00 3.738821744918823242e+00
3.666091263294219971e+00 1.434776544570922852e+00 3.666091263294219971e+00 3.896646499633789062e+00
3.717401921749114990e+00 1.364796161651611328e+00 3.717401921749114990e+00 4.051004886627197266e+00
3.768712580204010010e+00 1.307440161705017090e+00 3.768712580204010010e+00 4.202986717224121094e+00
3.820023238658905029e+00 1.248752236366271973e+00 3.820023238658905029e+00 4.352125644683837891e+00
3.871333897113800049e+00 1.197511076927185059e+00 3.871333897113800049e+00 4.499012947082519531e+00
3.922644555568695068e+00 1.158051848411560059e+00 3.922644555568695068e+00 4.644850254058837891e+00
3.973955214023590088e+00 1.119182109832763672e+00 3.973955214023590088e+00 4.789503574371337891e+00
4.025265872478485107e+00 1.088847041130065918e+00 4.025265872478485107e+00 4.933894634246826172e+00
4.076576530933380127e+00 1.057994842529296875e+00 4.076576530933380127e+00 5.077793598175048828e+00
4.127887189388275146e+00 1.033374547958374023e+00 4.127887189388275146e+00 5.221904277801513672e+00
4.179197847843170166e+00 1.012332201004028320e+00 4.179197847843170166e+00 5.366611957550048828e+00
4.230508804321289062e+00 9.927397370338439941e-01 4.230508804321289062e+00 5.512025833129882812e+00
4.281819462776184082e+00 9.727952480316162109e-01 4.281819462776184082e+00 5.657994747161865234e+00
4.333130121231079102e+00 9.595358371734619141e-01 4.333130121231079102e+00 5.805445194244384766e+00
4.384440779685974121e+00 9.479803442955017090e-01 4.384440779685974121e+00 5.954590797424316406e+00
4.435751438140869141e+00 9.370414018630981445e-01 4.435751438140869141e+00 6.105485916137695312e+00
4.487062096595764160e+00 9.285917878150939941e-01 4.487062096595764160e+00 6.258499622344970703e+00
4.538372755050659180e+00 9.255980849266052246e-01 4.538372755050659180e+00 6.414528846740722656e+00
4.589683413505554199e+00 9.199809432029724121e-01 4.589683413505554199e+00 6.573136806488037109e+00
4.640994071960449219e+00 9.159116148948669434e-01 4.640994071960449219e+00 6.734593868255615234e+00
4.692304730415344238e+00 9.160039424896240234e-01 4.692304730415344238e+00 6.899657726287841797e+00
4.743615388870239258e+00 9.118763208389282227e-01 4.743615388870239258e+00 7.067591190338134766e+00
4.794926047325134277e+00 9.147484302520751953e-01 4.794926047325134277e+00 7.239717006683349609e+00
4.846236705780029297e+00 9.169455766677856445e-01 4.846236705780029297e+00 7.415968894958496094e+00
4.897547364234924316e+00 9.171400666236877441e-01 4.897547364234924316e+00 7.596010684967041016e+00
4.948858022689819336e+00 9.200869202613830566e-01 4.948858022689819336e+00 7.780436038970947266e+00
5.000168681144714355e+00 9.230999946594238281e-01 5.000168681144714355e+00 7.969323158264160156e+00
5.051479339599609375e+00 9.283624887466430664e-01 5.051479339599609375e+00 8.163204193115234375e+00
5.102790594100952148e+00 9.344511032104492188e-01 5.102790594100952148e+00 8.362341880798339844e+00
5.154100656509399414e+00 9.417325258255004883e-01 5.154100656509399414e+00 8.567087173461914062e+00
5.205411911010742188e+00 9.471670389175415039e-01 5.205411911010742188e+00 8.777134895324707031e+00
5.256721973419189453e+00 9.537575840950012207e-01 5.256721973419189453e+00 8.992834091186523438e+00
5.308033227920532227e+00 9.649927616119384766e-01 5.308033227920532227e+00 9.215355873107910156e+00
5.359343290328979492e+00 9.698799848556518555e-01 5.359343290328979492e+00 9.443348884582519531e+00
5.410654544830322266e+00 9.784077405929565430e-01 5.410654544830322266e+00 9.677771568298339844e+00
5.461964607238769531e+00 9.855842590332031250e-01 5.461964607238769531e+00 9.918415069580078125e+00
5.513275861740112305e+00 9.941388964653015137e-01 5.513275861740112305e+00 1.016572761535644531e+01
5.564585924148559570e+00 9.968048334121704102e-01 5.564585924148559570e+00 1.041834068298339844e+01
5.615897178649902344e+00 1.000752091407775879e+00 5.615897178649902344e+00 1.067665195465087891e+01
5.667207241058349609e+00 1.003376483917236328e+00 5.667207241058349609e+00 1.094039630889892578e+01
5.718518495559692383e+00 1.003800868988037109e+00 5.718518495559692383e+00 1.120905113220214844e+01
5.769828557968139648e+00 1.003093838691711426e+00 5.769828557968139648e+00 1.148235607147216797e+01
5.821139812469482422e+00 1.000596046447753906e+00 5.821139812469482422e+00 1.175985050201416016e+01
5.872449874877929688e+00 9.959577322006225586e-01 5.872449874877929688e+00 1.204094982147216797e+01
5.923761129379272461e+00 9.862317442893981934e-01 5.923761129379272461e+00 1.232418918609619141e+01
5.975071191787719727e+00 9.767859578132629395e-01 5.975071191787719727e+00 1.260959625244140625e+01
6.026382446289062500e+00 9.695715308189392090e-01 6.026382446289062500e+00 1.289778232574462891e+01
6.077692508697509766e+00 9.620570540428161621e-01 6.077692508697509766e+00 1.318862533569335938e+01
6.129003763198852539e+00 9.494197964668273926e-01 6.129003763198852539e+00 1.348051452636718750e+01
6.180313825607299805e+00 9.383090734481811523e-01 6.180313825607299805e+00 1.377383708953857422e+01
6.231625080108642578e+00 9.303542971611022949e-01 6.231625080108642578e+00 1.406952285766601562e+01
6.282935142517089844e+00 9.176844954490661621e-01 6.282935142517089844e+00 1.436600494384765625e+01
6.334246397018432617e+00 9.099714756011962891e-01 6.334246397018432617e+00 1.466481685638427734e+01
6.385556459426879883e+00 9.020519852638244629e-01 6.385556459426879883e+00 1.496584510803222656e+01
6.436867713928222656e+00 8.917422890663146973e-01 6.436867713928222656e+00 1.526823520660400391e+01
6.488177776336669922e+00 8.847787976264953613e-01 6.488177776336669922e+00 1.557306766510009766e+01
6.539489030838012695e+00 8.777329325675964355e-01 6.539489030838012695e+00 1.588027286529541016e+01
6.590799093246459961e+00 8.735954165458679199e-01 6.590799093246459961e+00 1.619084739685058594e+01
6.642110347747802734e+00 8.696550726890563965e-01 6.642110347747802734e+00 1.650485420227050781e+01
6.693420410156250000e+00 8.657764196395874023e-01 6.693420410156250000e+00 1.682230949401855469e+01
6.744731664657592773e+00 8.607409596443176270e-01 6.744731664657592773e+00 1.714277458190917969e+01
6.796041727066040039e+00 8.599287271499633789e-01 6.796041727066040039e+00 1.746782875061035156e+01
6.847352981567382812e+00 8.553988933563232422e-01 6.847352981567382812e+00 1.779607009887695312e+01
6.898663043975830078e+00 8.574157357215881348e-01 6.898663043975830078e+00 1.813003349304199219e+01
6.949974298477172852e+00 8.592657446861267090e-01 6.949974298477172852e+00 1.846971702575683594e+01
7.001284360885620117e+00 8.565061092376708984e-01 7.001284360885620117e+00 1.881332588195800781e+01
7.052595615386962891e+00 8.598402142524719238e-01 7.052595615386962891e+00 1.916334724426269531e+01
7.103905677795410156e+00 8.613038659095764160e-01 7.103905677795410156e+00 1.951908493041992188e+01
7.155216932296752930e+00 8.648031353950500488e-01 7.155216932296752930e+00 1.988144493103027344e+01
7.206526994705200195e+00 8.675716519355773926e-01 7.206526994705200195e+00 2.025019836425781250e+01
7.257838249206542969e+00 8.736290931701660156e-01 7.257838249206542969e+00 2.062683105468750000e+01
7.309148311614990234e+00 8.760738372802734375e-01 7.309148311614990234e+00 2.100988006591796875e+01
7.360459566116333008e+00 8.795979022979736328e-01 7.360459566116333008e+00 2.139988899230957031e+01
7.411769628524780273e+00 8.861141800880432129e-01 7.411769628524780273e+00 2.179828262329101562e+01
7.463080883026123047e+00 8.934341669082641602e-01 7.463080883026123047e+00 2.220554924011230469e+01
7.514390945434570312e+00 8.979827165603637695e-01 7.514390945434570312e+00 2.262053680419921875e+01
7.565702199935913086e+00 9.051210880279541016e-01 7.565702199935913086e+00 2.304455184936523438e+01
7.617012262344360352e+00 9.127424955368041992e-01 7.617012262344360352e+00 2.347796058654785156e+01
7.668323516845703125e+00 9.157834053039550781e-01 7.668323516845703125e+00 2.391869163513183594e+01
7.719633579254150391e+00 9.209830760955810547e-01 7.719633579254150391e+00 2.436787605285644531e+01
7.770944833755493164e+00 9.298169612884521484e-01 7.770944833755493164e+00 2.482741546630859375e+01
