# distance (\AA)	RDF	distance (\AA)	cdf
1.256553269922733307e-01 0.000000000000000000e+00 1.256553269922733307e-01 0.000000000000000000e+00
1.769660040736198425e-01 0.000000000000000000e+00 1.769660040736198425e-01 0.000000000000000000e+00
2.282766625285148621e-01 0.000000000000000000e+00 2.282766625285148621e-01 0.000000000000000000e+00
2.795873209834098816e-01 0.000000000000000000e+00 2.795873209834098816e-01 0.000000000000000000e+00
3.308980166912078857e-01 0.000000000000000000e+00 3.308980166912078857e-01 0.000000000000000000e+00
3.822086751461029053e-01 0.000000000000000000e+00 3.822086751461029053e-01 0.000000000000000000e+00
4.335193336009979248e-01 0.000000000000000000e+00 4.335193336009979248e-01 0.000000000000000000e+00
4.848299920558929443e-01 0.000000000000000000e+00 4.848299920558929443e-01 0.000000000000000000e+00
5.361406505107879639e-01 0.000000000000000000e+00 5.361406505107879639e-01 0.000000000000000000e+00
5.874513089656829834e-01 0.000000000000000000e+00 5.874513089656829834e-01 0.000000000000000000e+00
6.387619674205780029e-01 0.000000000000000000e+00 6.387619674205780029e-01 0.000000000000000000e+00
6.900727003812789917e-01 0.000000000000000000e+00 6.900727003812789917e-01 0.000000000000000000e+00
7.413833588361740112e-01 0.000000000000000000e+00 7.413833588361740112e-01 0.000000000000000000e+00
7.926940172910690308e-01 0.000000000000000000e+00 7.926940172910690308e-01 0.000000000000000000e+00
8.440046757459640503e-01 0.000000000000000000e+00 8.440046757459640503e-01 0.000000000000000000e+00
8.953153342008590698e-01 0.000000000000000000e+00 8.953153342008590698e-01 0.000000000000000000e+00
9.466259926557540894e-01 0.000000000000000000e+00 9.466259926557540894e-01 0.000000000000000000e+00
9.979366511106491089e-01 0.000000000000000000e+00 9.979366511106491089e-01 0.000000000000000000e+00
1.049247309565544128e+00 0.000000000000000000e+00 1.049247309565544128e+00 0.000000000000000000e+00
1.100557968020439148e+00 0.000000000000000000e+00 1.100557968020439148e+00 0.000000000000000000e+00
1.151868700981140137e+00 0.000000000000000000e+00 1.151868700981140137e+00 0.000000000000000000e+00
1.203179359436035156e+00 0.000000000000000000e+00 1.203179359436035156e+00 0.000000000000000000e+00
1.254490017890930176e+00 0.000000000000000000e+00 1.254490017890930176e+00 0.000000000000000000e+00
1.305800676345825195e+00 0.000000000000000000e+00 1.305800676345825195e+00 0.000000000000000000e+00
1.357111334800720215e+00 0.000000000000000000e+00 1.357111334800720215e+00 0.000000000000000000e+00
1.408422142267227173e+00 0.000000000000000000e+00 1.408422142267227173e+00 0.000000000000000000e+00
1.459732800722122192e+00 0.000000000000000000e+00 1.459732800722122192e+00 0.000000000000000000e+00
1.511043459177017212e+00 0.000000000000000000e+00 1.511043459177017212e+00 0.000000000000000000e+00
1.562354117631912231e+00 0.000000000000000000e+00 1.562354117631912231e+00 0.000000000000000000e+00
1.613664776086807251e+00 0.000000000000000000e+00 1.613664776086807251e+00 0.000000000000000000e+00
1.664975434541702271e+00 0.000000000000000000e+00 1.664975434541702271e+00 0.000000000000000000e+00
1.716286092996597290e+00 0.000000000000000000e+00 1.716286092996597290e+00 0.000000000000000000e+00
1.767596751451492310e+00 0.000000000000000000e+00 1.767596751451492310e+00 0.000000000000000000e+00
1.818907409906387329e+00 0.000000000000000000e+00 1.818907409906387329e+00 0.000000000000000000e+00
1.870218068361282349e+00 0.000000000000000000e+00 1.870218068361282349e+00 0.000000000000000000e+00
1.921528726816177368e+00 0.000000000000000000e+00 1.921528726816177368e+00 0.000000000000000000e+00
1.972839385271072388e+00 0.000000000000000000e+00 1.972839385271072388e+00 0.000000000000000000e+00
2.024150043725967407e+00 0.000000000000000000e+00 2.024150043725967407e+00 0.000000000000000000e+00
2.075460702180862427e+00 0.000000000000000000e+00 2.075460702180862427e+00 0.000000000000000000e+00
2.126771360635757446e+00 0.000000000000000000e+00 2.126771360635757446e+00 0.000000000000000000e+00
2.178082168102264404e+00 0.000000000000000000e+00 2.178082168102264404e+00 0.000000000000000000e+00
2.229392826557159424e+00 0.000000000000000000e+00 2.229392826557159424e+00 0.000000000000000000e+00
2.280703485012054443e+00 0.000000000000000000e+00 2.280703485012054443e+00 0.000000000000000000e+00
2.332014143466949463e+00 0.000000000000000000e+00 2.332014143466949463e+00 0.000000000000000000e+00
2.383324801921844482e+00 0.000000000000000000e+00 2.383324801921844482e+00 0.000000000000000000e+00
2.434635460376739502e+00 0.000000000000000000e+00 2.434635460376739502e+00 0.000000000000000000e+00
2.485946118831634521e+00 0.000000000000000000e+00 2.485946118831634521e+00 0.000000000000000000e+00
2.537256777286529541e+00 0.000000000000000000e+00 2.537256777286529541e+00 0.000000000000000000e+00
2.588567435741424561e+00 0.000000000000000000e+00 2.588567435741424561e+00 0.000000000000000000e+00
2.639878094196319580e+00 7.305166218429803848e-05 2.639878094196319580e+00 4.166666712990263477e-06
2.691188752651214600e+00 7.029265543678775430e-05 2.691188752651214600e+00 8.333333425980526954e-06
2.742499411106109619e+00 4.512471059570088983e-05 2.742499411106109619e+00 1.111111123464070261e-05
2.793810069561004639e+00 4.130841989535838366e-04 2.793810069561004639e+00 3.750000178115442395e-05
2.845120728015899658e+00 6.498877191916108131e-04 2.845120728015899658e+00 8.055556099861860275e-05
2.896431386470794678e+00 1.577781513333320618e-03 2.896431386470794678e+00 1.888888946268707514e-04
2.947742044925689697e+00 2.909958595409989357e-03 2.947742044925689697e+00 3.958333400078117847e-04
2.999052703380584717e+00 5.509281996637582779e-03 2.999052703380584717e+00 8.013888727873563766e-04
3.050363361835479736e+00 1.034093927592039108e-02 3.050363361835479736e+00 1.588888932019472122e-03
3.101674020290374756e+00 1.506421621888875961e-02 3.101674020290374756e+00 2.774999942630529404e-03
3.152984678745269775e+00 2.301049605011940002e-02 3.152984678745269775e+00 4.647222347557544708e-03
3.204295337200164795e+00 3.636130690574645996e-02 3.204295337200164795e+00 7.702778093516826630e-03
3.255605995655059814e+00 5.518982931971549988e-02 3.255605995655059814e+00 1.249027810990810394e-02
3.306916654109954834e+00 8.126763254404067993e-02 3.306916654109954834e+00 1.976388879120349884e-02
3.358227312564849854e+00 1.130964085459709167e-01 3.358227312564849854e+00 3.020277805626392365e-02
3.409537971019744873e+00 1.576722860336303711e-01 3.409537971019744873e+00 4.520416632294654846e-02
3.460848629474639893e+00 2.168309092521667480e-01 3.460848629474639893e+00 6.645972281694412231e-02
3.512159287929534912e+00 2.795358300209045410e-01 3.512159287929534912e+00 9.468055516481399536e-02
3.563469946384429932e+00 3.668284416198730469e-01 3.563469946384429932e+00 1.328041702508926392e-01
3.614780604839324951e+00 4.609716534614562988e-01 3.614780604839324951e+00 1.821013987064361572e-01
3.666091263294219971e+00 5.679822564125061035e-01 3.666091263294219971e+00 2.445791810750961304e-01
3.717401921749114990e+00 6.784800291061401367e-01 3.717401921749114990e+00 3.213152885437011719e-01
3.768712580204010010e+00 7.989186644554138184e-01 3.768712580204010010e+00 4.141847491264343262e-01
3.820023238658905029e+00 9.026991724967956543e-01 3.820023238658905029e+00 5.219944715499877930e-01
3.871333897113800049e+00 1.010704040527343750e+00 3.871333897113800049e+00 6.459680795669555664e-01
3.922644555568695068e+00 1.101728081703186035e+00 3.922644555568695068e+00 7.847125530242919922e-01
3.973955214023590088e+00 1.191603422164916992e+00 3.973955214023590088e+00 9.387264251708984375e-01
4.025265872478485107e+00 1.263226509094238281e+00 4.025265872478485107e+00 1.106241703033447266e+00
4.076576530933380127e+00 1.318173170089721680e+00 4.076576530933380127e+00 1.285527825355529785e+00
4.127887189388275146e+00 1.355224490165710449e+00 4.127887189388275146e+00 1.474522233009338379e+00
4.179197847843170166e+00 1.376657128334045410e+00 4.179197847843170166e+00 1.671308398246765137e+00
4.230508804321289062e+00 1.385558724403381348e+00 4.230508804321289062e+00 1.874261140823364258e+00
4.281819462776184082e+00 1.377854824066162109e+00 4.281819462776184082e+00 2.081009864807128906e+00
4.333130121231079102e+00 1.365221858024597168e+00 4.333130121231079102e+00 2.290801525115966797e+00
4.384440779685974121e+00 1.349172472953796387e+00 4.384440779685974121e+00 2.503066778182983398e+00
4.435751438140869141e+00 1.330495119094848633e+00 4.435751438140869141e+00 2.717320919036865234e+00
4.487062096595764160e+00 1.313625335693359375e+00 4.487062096595764160e+00 2.933780670166015625e+00
4.538372755050659180e+00 1.295794248580932617e+00 4.538372755050659180e+00 3.152214050292968750e+00
4.589683413505554199e+00 1.280691862106323242e+00 4.589683413505554199e+00 3.373009920120239258e+00
4.640994071960449219e+00 1.263637781143188477e+00 4.640994071960449219e+00 3.595764160156250000e+00
4.692304730415344238e+00 1.263242840766906738e+00 4.692304730415344238e+00 3.823400259017944336e+00
4.743615388870239258e+00 1.255157947540283203e+00 4.743615388870239258e+00 4.054553031921386719e+00
4.794926047325134277e+00 1.259943842887878418e+00 4.794926047325134277e+00 4.291633605957031250e+00
4.846236705780029297e+00 1.255941152572631836e+00 4.846236705780029297e+00 4.533046245574951172e+00
4.897547364234924316e+00 1.261551856994628906e+00 4.897547364234924316e+00 4.780699253082275391e+00
4.948858022689819336e+00 1.270302653312683105e+00 4.948858022689819336e+00 5.035322666168212891e+00
5.000168681144714355e+00 1.280624151229858398e+00 5.000168681144714355e+00 5.297367095947265625e+00
5.051479339599609375e+00 1.295751929283142090e+00 5.051479339599609375e+00 5.567974090576171875e+00
5.102790594100952148e+00 1.305040836334228516e+00 5.102790594100952148e+00 5.846086502075195312e+00
5.154100656509399414e+00 1.315397858619689941e+00 5.154100656509399414e+00 6.132071018218994141e+00
5.205411911010742188e+00 1.326671838760375977e+00 5.205411911010742188e+00 6.426279544830322266e+00
5.256721973419189453e+00 1.330569744110107422e+00 5.256721973419189453e+00 6.727197647094726562e+00
5.308033227920532227e+00 1.332814216613769531e+00 5.308033227920532227e+00 7.034536361694335938e+00
5.359343290328979492e+00 1.330122351646423340e+00 5.359343290328979492e+00 7.347212791442871094e+00
5.410654544830322266e+00 1.332812786102294922e+00 5.410654544830322266e+00 7.666548728942871094e+00
5.461964607238769531e+00 1.321282625198364258e+00 5.461964607238769531e+00 7.989157199859619141e+00
5.513275861740112305e+00 1.310554862022399902e+00 5.513275861740112305e+00 8.315184593200683594e+00
5.564585924148559570e+00 1.297446727752685547e+00 5.564585924148559570e+00 8.643987655639648438e+00
5.615897178649902344e+00 1.279522657394409180e+00 5.615897178649902344e+00 8.974254608154296875e+00
5.667207241058349609e+00 1.256042242050170898e+00 5.667207241058349609e+00 9.304414749145507812e+00
5.718518495559692383e+00 1.237467885017395020e+00 5.718518495559692383e+00 9.635607719421386719e+00
5.769828557968139648e+00 1.223331570625305176e+00 5.769828557968139648e+00 9.968918800354003906e+00
5.821139812469482422e+00 1.200738072395324707e+00 5.821139812469482422e+00 1.030191898345947266e+01
5.872449874877929688e+00 1.183676123619079590e+00 5.872449874877929688e+00 1.063599967956542969e+01
5.923761129379272461e+00 1.171619534492492676e+00 5.923761129379272461e+00 1.097248172760009766e+01
5.975071191787719727e+00 1.156325697898864746e+00 5.975071191787719727e+00 1.131034851074218750e+01
6.026382446289062500e+00 1.148595213890075684e+00 6.026382446289062500e+00 1.165174579620361328e+01
6.077692508697509766e+00 1.137349963188171387e+00 6.077692508697509766e+00 1.199558162689208984e+01
6.129003763198852539e+00 1.127657055854797363e+00 6.129003763198852539e+00 1.234226799011230469e+01
6.180313825607299805e+00 1.117298245429992676e+00 6.180313825607299805e+00 1.269154453277587891e+01
6.231625080108642578e+00 1.117885231971740723e+00 6.231625080108642578e+00 1.304683208465576172e+01
6.282935142517089844e+00 1.106588959693908691e+00 6.282935142517089844e+00 1.340434455871582031e+01
6.334246397018432617e+00 1.102018117904663086e+00 6.334246397018432617e+00 1.376621913909912109e+01
6.385556459426879883e+00 1.098572492599487305e+00 6.385556459426879883e+00 1.413282871246337891e+01
6.436867713928222656e+00 1.094501137733459473e+00 6.436867713928222656e+00 1.450397491455078125e+01
6.488177776336669922e+00 1.090466022491455078e+00 6.488177776336669922e+00 1.487967205047607422e+01
6.539489030838012695e+00 1.085718035697937012e+00 6.539489030838012695e+00 1.525967216491699219e+01
6.590799093246459961e+00 1.081637501716613770e+00 6.590799093246459961e+00 1.564420795440673828e+01
6.642110347747802734e+00 1.079696416854858398e+00 6.642110347747802734e+00 1.603405380249023438e+01
6.693420410156250000e+00 1.071316480636596680e+00 6.693420410156250000e+00 1.642687416076660156e+01
6.744731664657592773e+00 1.066018939018249512e+00 6.744731664657592773e+00 1.682376670837402344e+01
6.796041727066040039e+00 1.060132503509521484e+00 6.796041727066040039e+00 1.722449684143066406e+01
6.847352981567382812e+00 1.057923913002014160e+00 6.847352981567382812e+00 1.763045310974121094e+01
6.898663043975830078e+00 1.053056955337524414e+00 6.898663043975830078e+00 1.804061889648437500e+01
6.949974298477172852e+00 1.049957156181335449e+00 6.949974298477172852e+00 1.845568466186523438e+01
7.001284360885620117e+00 1.039410233497619629e+00 7.001284360885620117e+00 1.887267112731933594e+01
7.052595615386962891e+00 1.042429804801940918e+00 7.052595615386962891e+00 1.929701995849609375e+01
7.103905677795410156e+00 1.032848358154296875e+00 7.103905677795410156e+00 1.972360992431640625e+01
7.155216932296752930e+00 1.022692918777465820e+00 7.155216932296752930e+00 2.015212821960449219e+01
7.206526994705200195e+00 1.022687077522277832e+00 7.206526994705200195e+00 2.058681297302246094e+01
7.257838249206542969e+00 1.014449477195739746e+00 7.257838249206542969e+00 2.102415657043457031e+01
7.309148311614990234e+00 1.007665634155273438e+00 7.309148311614990234e+00 2.146474075317382812e+01
7.360459566116333008e+00 1.002842664718627930e+00 7.360459566116333008e+00 2.190939521789550781e+01
7.411769628524780273e+00 9.974891543388366699e-01 7.411769628524780273e+00 2.235786247253417969e+01
7.463080883026123047e+00 9.905603528022766113e-01 7.463080883026123047e+00 2.280940246582031250e+01
7.514390945434570312e+00 9.847556352615356445e-01 7.514390945434570312e+00 2.326449203491210938e+01
7.565702199935913086e+00 9.798366427421569824e-01 7.565702199935913086e+00 2.372350883483886719e+01
7.617012262344360352e+00 9.727597832679748535e-01 7.617012262344360352e+00 2.418541526794433594e+01
7.668323516845703125e+00 9.676266312599182129e-01 7.668323516845703125e+00 2.465109634399414062e+01
7.719633579254150391e+00 9.660580754280090332e-01 7.719633579254150391e+00 2.512226486206054688e+01
7.770944833755493164e+00 9.591303467750549316e-01 7.770944833755493164e+00 2.559629058837890625e+01
