# distance (\AA)	RDF	distance (\AA)	cdf
1.256553269922733307e-01 0.000000000000000000e+00 1.256553269922733307e-01 0.000000000000000000e+00
1.769660040736198425e-01 0.000000000000000000e+00 1.769660040736198425e-01 0.000000000000000000e+00
2.282766625285148621e-01 0.000000000000000000e+00 2.282766625285148621e-01 0.000000000000000000e+00
2.795873209834098816e-01 0.000000000000000000e+00 2.795873209834098816e-01 0.000000000000000000e+00
3.308980166912078857e-01 0.000000000000000000e+00 3.308980166912078857e-01 0.000000000000000000e+00
3.822086751461029053e-01 0.000000000000000000e+00 3.822086751461029053e-01 0.000000000000000000e+00
4.335193336009979248e-01 0.000000000000000000e+00 4.335193336009979248e-01 0.000000000000000000e+00
4.848299920558929443e-01 0.000000000000000000e+00 4.848299920558929443e-01 0.000000000000000000e+00
5.361406505107879639e-01 0.000000000000000000e+00 5.361406505107879639e-01 0.000000000000000000e+00
5.874513089656829834e-01 0.000000000000000000e+00 5.874513089656829834e-01 0.000000000000000000e+00
6.387619674205780029e-01 0.000000000000000000e+00 6.387619674205780029e-01 0.000000000000000000e+00
6.900727003812789917e-01 0.000000000000000000e+00 6.900727003812789917e-01 0.000000000000000000e+00
7.413833588361740112e-01 0.000000000000000000e+00 7.413833588361740112e-01 0.000000000000000000e+00
7.926940172910690308e-01 0.000000000000000000e+00 7.926940172910690308e-01 0.000000000000000000e+00
8.440046757459640503e-01 0.000000000000000000e+00 8.440046757459640503e-01 0.000000000000000000e+00
8.953153342008590698e-01 0.000000000000000000e+00 8.953153342008590698e-01 0.000000000000000000e+00
9.466259926557540894e-01 0.000000000000000000e+00 9.466259926557540894e-01 0.000000000000000000e+00
9.979366511106491089e-01 0.000000000000000000e+00 9.979366511106491089e-01 0.000000000000000000e+00
1.049247309565544128e+00 0.000000000000000000e+00 1.049247309565544128e+00 0.000000000000000000e+00
1.100557968020439148e+00 0.000000000000000000e+00 1.100557968020439148e+00 0.000000000000000000e+00
1.151868700981140137e+00 0.000000000000000000e+00 1.151868700981140137e+00 0.000000000000000000e+00
1.203179359436035156e+00 0.000000000000000000e+00 1.203179359436035156e+00 0.000000000000000000e+00
1.254490017890930176e+00 0.000000000000000000e+00 1.254490017890930176e+00 0.000000000000000000e+00
1.305800676345825195e+00 0.000000000000000000e+00 1.305800676345825195e+00 0.000000000000000000e+00
1.357111334800720215e+00 0.000000000000000000e+00 1.357111334800720215e+00 0.000000000000000000e+00
1.408422142267227173e+00 0.000000000000000000e+00 1.408422142267227173e+00 0.000000000000000000e+00
1.459732800722122192e+00 0.000000000000000000e+00 1.459732800722122192e+00 0.000000000000000000e+00
1.511043459177017212e+00 0.000000000000000000e+00 1.511043459177017212e+00 0.000000000000000000e+00
1.562354117631912231e+00 0.000000000000000000e+00 1.562354117631912231e+00 0.000000000000000000e+00
1.613664776086807251e+00 0.000000000000000000e+00 1.613664776086807251e+00 0.000000000000000000e+00
1.664975434541702271e+00 0.000000000000000000e+00 1.664975434541702271e+00 0.000000000000000000e+00
1.716286092996597290e+00 0.000000000000000000e+00 1.716286092996597290e+00 0.000000000000000000e+00
1.767596751451492310e+00 0.000000000000000000e+00 1.767596751451492310e+00 0.000000000000000000e+00
1.818907409906387329e+00 0.000000000000000000e+00 1.818907409906387329e+00 0.000000000000000000e+00
1.870218068361282349e+00 0.000000000000000000e+00 1.870218068361282349e+00 0.000000000000000000e+00
1.921528726816177368e+00 0.000000000000000000e+00 1.921528726816177368e+00 0.000000000000000000e+00
1.972839385271072388e+00 0.000000000000000000e+00 1.972839385271072388e+00 0.000000000000000000e+00
2.024150043725967407e+00 0.000000000000000000e+00 2.024150043725967407e+00 0.000000000000000000e+00
2.075460702180862427e+00 0.000000000000000000e+00 2.075460702180862427e+00 0.000000000000000000e+00
2.126771360635757446e+00 0.000000000000000000e+00 2.126771360635757446e+00 0.000000000000000000e+00
2.178082168102264404e+00 0.000000000000000000e+00 2.178082168102264404e+00 0.000000000000000000e+00
2.229392826557159424e+00 0.000000000000000000e+00 2.229392826557159424e+00 0.000000000000000000e+00
2.280703485012054443e+00 0.000000000000000000e+00 2.280703485012054443e+00 0.000000000000000000e+00
2.332014143466949463e+00 0.000000000000000000e+00 2.332014143466949463e+00 0.000000000000000000e+00
2.383324801921844482e+00 0.000000000000000000e+00 2.383324801921844482e+00 0.000000000000000000e+00
2.434635460376739502e+00 0.000000000000000000e+00 2.434635460376739502e+00 0.000000000000000000e+00
2.485946118831634521e+00 0.000000000000000000e+00 2.485946118831634521e+00 0.000000000000000000e+00
2.537256777286529541e+00 0.000000000000000000e+00 2.537256777286529541e+00 0.000000000000000000e+00
2.588567435741424561e+00 0.000000000000000000e+00 2.588567435741424561e+00 0.000000000000000000e+00
2.639878094196319580e+00 0.000000000000000000e+00 2.639878094196319580e+00 0.000000000000000000e+00
2.691188752651214600e+00 0.000000000000000000e+00 2.691188752651214600e+00 0.000000000000000000e+00
2.742499411106109619e+00 0.000000000000000000e+00 2.742499411106109619e+00 0.000000000000000000e+00
2.793810069561004639e+00 0.000000000000000000e+00 2.793810069561004639e+00 0.000000000000000000e+00
2.845120728015899658e+00 0.000000000000000000e+00 2.845120728015899658e+00 0.000000000000000000e+00
2.896431386470794678e+00 0.000000000000000000e+00 2.896431386470794678e+00 0.000000000000000000e+00
2.947742044925689697e+00 0.000000000000000000e+00 2.947742044925689697e+00 0.000000000000000000e+00
2.999052703380584717e+00 0.000000000000000000e+00 2.999052703380584717e+00 0.000000000000000000e+00
3.050363361835479736e+00 0.000000000000000000e+00 3.050363361835479736e+00 0.000000000000000000e+00
3.101674020290374756e+00 0.000000000000000000e+00 3.101674020290374756e+00 0.000000000000000000e+00
3.152984678745269775e+00 0.000000000000000000e+00 3.152984678745269775e+00 0.000000000000000000e+00
3.204295337200164795e+00 0.000000000000000000e+00 3.204295337200164795e+00 0.000000000000000000e+00
3.255605995655059814e+00 0.000000000000000000e+00 3.255605995655059814e+00 0.000000000000000000e+00
3.306916654109954834e+00 0.000000000000000000e+00 3.306916654109954834e+00 0.000000000000000000e+00
3.358227312564849854e+00 0.000000000000000000e+00 3.358227312564849854e+00 0.000000000000000000e+00
3.409537971019744873e+00 0.000000000000000000e+00 3.409537971019744873e+00 0.000000000000000000e+00
3.460848629474639893e+00 0.000000000000000000e+00 3.460848629474639893e+00 0.000000000000000000e+00
3.512159287929534912e+00 0.000000000000000000e+00 3.512159287929534912e+00 0.000000000000000000e+00
3.563469946384429932e+00 0.000000000000000000e+00 3.563469946384429932e+00 0.000000000000000000e+00
3.614780604839324951e+00 0.000000000000000000e+00 3.614780604839324951e+00 0.000000000000000000e+00
3.666091263294219971e+00 0.000000000000000000e+00 3.666091263294219971e+00 0.000000000000000000e+00
3.717401921749114990e+00 0.000000000000000000e+00 3.717401921749114990e+00 0.000000000000000000e+00
3.768712580204010010e+00 0.000000000000000000e+00 3.768712580204010010e+00 0.000000000000000000e+00
3.820023238658905029e+00 0.000000000000000000e+00 3.820023238658905029e+00 0.000000000000000000e+00
3.871333897113800049e+00 0.000000000000000000e+00 3.871333897113800049e+00 0.000000000000000000e+00
3.922644555568695068e+00 0.000000000000000000e+00 3.922644555568695068e+00 0.000000000000000000e+00
3.973955214023590088e+00 0.000000000000000000e+00 3.973955214023590088e+00 0.000000000000000000e+00
4.025265872478485107e+00 1.163728738902136683e-04 4.025265872478485107e+00 2.777777808660175651e-06
4.076576530933380127e+00 1.134620979428291321e-04 4.076576530933380127e+00 5.555555617320351303e-06
4.127887189388275146e+00 0.000000000000000000e+00 4.127887189388275146e+00 5.555555617320351303e-06
4.179197847843170166e+00 1.079583671526052058e-04 4.179197847843170166e+00 8.333333425980526954e-06
4.230508804321289062e+00 3.160648630000650883e-04 4.230508804321289062e+00 1.666666685196105391e-05
4.281819462776184082e+00 3.085368953179568052e-04 4.281819462776184082e+00 2.500000118743628263e-05
4.333130121231079102e+00 6.025474285706877708e-04 4.333130121231079102e+00 4.166666622040793300e-05
4.384440779685974121e+00 9.808745235204696655e-04 4.384440779685974121e+00 6.944444612599909306e-05
4.435751438140869141e+00 9.583164937794208527e-04 4.435751438140869141e+00 9.722222603159025311e-05
4.487062096595764160e+00 2.060355152934789658e-03 4.487062096595764160e+00 1.583333360031247139e-04
4.538372755050659180e+00 2.380211139097809792e-03 4.538372755050659180e+00 2.305555681232362986e-04
4.589683413505554199e+00 3.311924869194626808e-03 4.589683413505554199e+00 3.333333297632634640e-04
4.640994071960449219e+00 3.851894522085785866e-03 4.640994071960449219e+00 4.555555642582476139e-04
4.692304730415344238e+00 6.422911770641803741e-03 4.692304730415344238e+00 6.638888735324144363e-04
4.743615388870239258e+00 1.013933960348367691e-02 4.743615388870239258e+00 9.999999310821294785e-04
4.794926047325134277e+00 1.271194219589233398e-02 4.794926047325134277e+00 1.430555479601025581e-03
4.846236705780029297e+00 1.790355890989303589e-02 4.846236705780029297e+00 2.050000010058283806e-03
4.897547364234924316e+00 2.727824077010154724e-02 4.897547364234924316e+00 3.013888839632272720e-03
4.948858022689819336e+00 3.541533276438713074e-02 4.948858022689819336e+00 4.291666671633720398e-03
5.000168681144714355e+00 4.592921584844589233e-02 5.000168681144714355e+00 5.983333103358745575e-03
5.051479339599609375e+00 5.837608873844146729e-02 5.051479339599609375e+00 8.177777752280235291e-03
5.102790594100952148e+00 7.393571734428405762e-02 5.102790594100952148e+00 1.101388875395059586e-02
5.154100656509399414e+00 9.624961018562316895e-02 5.154100656509399414e+00 1.478055492043495178e-02
5.205411911010742188e+00 1.196911409497261047e-01 5.205411911010742188e+00 1.955833286046981812e-02
5.256721973419189453e+00 1.467759162187576294e-01 5.256721973419189453e+00 2.553333342075347900e-02
5.308033227920532227e+00 1.642966121435165405e-01 5.308033227920532227e+00 3.235277906060218811e-02
5.359343290328979492e+00 1.925455778837203979e-01 5.359343290328979492e+00 4.050000011920928955e-02
5.410654544830322266e+00 2.216311395168304443e-01 5.410654544830322266e+00 5.005833506584167480e-02
5.461964607238769531e+00 2.573670148849487305e-01 5.461964607238769531e+00 6.136944517493247986e-02
5.513275861740112305e+00 2.846712470054626465e-01 5.513275861740112305e+00 7.411666959524154663e-02
5.564585924148559570e+00 3.164085447788238525e-01 5.564585924148559570e+00 8.855000138282775879e-02
5.615897178649902344e+00 3.534021377563476562e-01 5.615897178649902344e+00 1.049694418907165527e-01
5.667207241058349609e+00 3.915894031524658203e-01 5.667207241058349609e+00 1.234972178936004639e-01
5.718518495559692383e+00 4.241499006748199463e-01 5.718518495559692383e+00 1.439305543899536133e-01
5.769828557968139648e+00 4.503406584262847900e-01 5.769828557968139648e+00 1.660166680812835693e-01
5.821139812469482422e+00 4.935744106769561768e-01 5.821139812469482422e+00 1.906555593013763428e-01
5.872449874877929688e+00 5.160985589027404785e-01 5.872449874877929688e+00 2.168750017881393433e-01
5.923761129379272461e+00 5.600702762603759766e-01 5.923761129379272461e+00 2.458277791738510132e-01
5.975071191787719727e+00 5.959679484367370605e-01 5.975071191787719727e+00 2.771722078323364258e-01
6.026382446289062500e+00 6.280204057693481445e-01 6.026382446289062500e+00 3.107722103595733643e-01
6.077692508697509766e+00 6.774151325225830078e-01 6.077692508697509766e+00 3.476347029209136963e-01
6.129003763198852539e+00 7.037171125411987305e-01 6.129003763198852539e+00 3.865777552127838135e-01
6.180313825607299805e+00 7.630941867828369141e-01 6.180313825607299805e+00 4.295166432857513428e-01
6.231625080108642578e+00 7.808764576911926270e-01 6.231625080108642578e+00 4.741888642311096191e-01
6.282935142517089844e+00 8.170396685600280762e-01 6.282935142517089844e+00 5.217027664184570312e-01
6.334246397018432617e+00 8.515092730522155762e-01 6.334246397018432617e+00 5.720333456993103027e-01
6.385556459426879883e+00 9.057230949401855469e-01 6.385556459426879883e+00 6.264389157295227051e-01
6.436867713928222656e+00 9.335246682167053223e-01 6.436867713928222656e+00 6.834194660186767578e-01
6.488177776336669922e+00 9.979180097579956055e-01 6.488177776336669922e+00 7.453055977821350098e-01
6.539489030838012695e+00 1.007543087005615234e+00 6.539489030838012695e+00 8.087806105613708496e-01
6.590799093246459961e+00 1.052166104316711426e+00 6.590799093246459961e+00 8.761111497879028320e-01
6.642110347747802734e+00 1.086790919303894043e+00 6.642110347747802734e+00 9.467445015907287598e-01
6.693420410156250000e+00 1.127385258674621582e+00 6.693420410156250000e+00 1.021152853965759277e+00
6.744731664657592773e+00 1.159463167190551758e+00 6.744731664657592773e+00 1.098855614662170410e+00
6.796041727066040039e+00 1.197659969329833984e+00 6.796041727066040039e+00 1.180344462394714355e+00
6.847352981567382812e+00 1.225789427757263184e+00 6.847352981567382812e+00 1.265011072158813477e+00
6.898663043975830078e+00 1.255920052528381348e+00 6.898663043975830078e+00 1.353063821792602539e+00
6.949974298477172852e+00 1.282020807266235352e+00 6.949974298477172852e+00 1.444288849830627441e+00
7.001284360885620117e+00 1.320886015892028809e+00 7.001284360885620117e+00 1.539672136306762695e+00
7.052595615386962891e+00 1.341051459312438965e+00 7.052595615386962891e+00 1.637935996055603027e+00
7.103905677795410156e+00 1.350587844848632812e+00 7.103905677795410156e+00 1.738344311714172363e+00
7.155216932296752930e+00 1.369484782218933105e+00 7.155216932296752930e+00 1.841633200645446777e+00
7.206526994705200195e+00 1.397103071212768555e+00 7.206526994705200195e+00 1.948522090911865234e+00
7.257838249206542969e+00 1.418805837631225586e+00 7.257838249206542969e+00 2.058622121810913086e+00
7.309148311614990234e+00 1.434843659400939941e+00 7.309148311614990234e+00 2.171547174453735352e+00
7.360459566116333008e+00 1.463912129402160645e+00 7.360459566116333008e+00 2.288383245468139648e+00
7.411769628524780273e+00 1.469976902008056641e+00 7.411769628524780273e+00 2.407344341278076172e+00
7.463080883026123047e+00 1.476404786109924316e+00 7.463080883026123047e+00 2.528486013412475586e+00
7.514390945434570312e+00 1.469331383705139160e+00 7.514390945434570312e+00 2.650711059570312500e+00
7.565702199935913086e+00 1.493195891380310059e+00 7.565702199935913086e+00 2.776622295379638672e+00
7.617012262344360352e+00 1.504367351531982422e+00 7.617012262344360352e+00 2.905202865600585938e+00
7.668323516845703125e+00 1.493281126022338867e+00 7.668323516845703125e+00 3.034561157226562500e+00
7.719633579254150391e+00 1.503556132316589355e+00 7.719633579254150391e+00 3.166558265686035156e+00
7.770944833755493164e+00 1.500040888786315918e+00 7.770944833755493164e+00 3.300002813339233398e+00
