# distance (\AA)	RDF	distance (\AA)	cdf
1.275121606886386871e-01 0.000000000000000000e+00 1.275121606886386871e-01 0.000000000000000000e+00
1.825365051627159119e-01 0.000000000000000000e+00 1.825365051627159119e-01 0.000000000000000000e+00
2.375608310103416443e-01 0.000000000000000000e+00 2.375608310103416443e-01 0.000000000000000000e+00
2.925851941108703613e-01 0.000000000000000000e+00 2.925851941108703613e-01 0.000000000000000000e+00
3.476095199584960938e-01 0.000000000000000000e+00 3.476095199584960938e-01 0.000000000000000000e+00
4.026338458061218262e-01 0.000000000000000000e+00 4.026338458061218262e-01 0.000000000000000000e+00
4.576581716537475586e-01 0.000000000000000000e+00 4.576581716537475586e-01 0.000000000000000000e+00
5.126824975013732910e-01 0.000000000000000000e+00 5.126824975013732910e-01 0.000000000000000000e+00
5.677068233489990234e-01 0.000000000000000000e+00 5.677068233489990234e-01 0.000000000000000000e+00
6.227311491966247559e-01 0.000000000000000000e+00 6.227311491966247559e-01 0.000000000000000000e+00
6.777554750442504883e-01 0.000000000000000000e+00 6.777554750442504883e-01 0.000000000000000000e+00
7.327798753976821899e-01 0.000000000000000000e+00 7.327798753976821899e-01 0.000000000000000000e+00
7.878042012453079224e-01 0.000000000000000000e+00 7.878042012453079224e-01 0.000000000000000000e+00
8.428285270929336548e-01 0.000000000000000000e+00 8.428285270929336548e-01 0.000000000000000000e+00
8.978528529405593872e-01 0.000000000000000000e+00 8.978528529405593872e-01 0.000000000000000000e+00
9.528771787881851196e-01 0.000000000000000000e+00 9.528771787881851196e-01 0.000000000000000000e+00
1.007901504635810852e+00 0.000000000000000000e+00 1.007901504635810852e+00 0.000000000000000000e+00
1.062925830483436584e+00 0.000000000000000000e+00 1.062925830483436584e+00 0.000000000000000000e+00
1.117950156331062317e+00 0.000000000000000000e+00 1.117950156331062317e+00 0.000000000000000000e+00
1.172974482178688049e+00 0.000000000000000000e+00 1.172974482178688049e+00 0.000000000000000000e+00
1.227998882532119751e+00 0.000000000000000000e+00 1.227998882532119751e+00 0.000000000000000000e+00
1.283023208379745483e+00 0.000000000000000000e+00 1.283023208379745483e+00 0.000000000000000000e+00
1.338047534227371216e+00 0.000000000000000000e+00 1.338047534227371216e+00 0.000000000000000000e+00
1.393072009086608887e+00 0.000000000000000000e+00 1.393072009086608887e+00 0.000000000000000000e+00
1.448096334934234619e+00 0.000000000000000000e+00 1.448096334934234619e+00 0.000000000000000000e+00
1.503120660781860352e+00 0.000000000000000000e+00 1.503120660781860352e+00 0.000000000000000000e+00
1.558144986629486084e+00 0.000000000000000000e+00 1.558144986629486084e+00 0.000000000000000000e+00
1.613169312477111816e+00 0.000000000000000000e+00 1.613169312477111816e+00 0.000000000000000000e+00
1.668193638324737549e+00 0.000000000000000000e+00 1.668193638324737549e+00 0.000000000000000000e+00
1.723217964172363281e+00 0.000000000000000000e+00 1.723217964172363281e+00 0.000000000000000000e+00
1.778242290019989014e+00 0.000000000000000000e+00 1.778242290019989014e+00 0.000000000000000000e+00
1.833266615867614746e+00 0.000000000000000000e+00 1.833266615867614746e+00 0.000000000000000000e+00
1.888290941715240479e+00 0.000000000000000000e+00 1.888290941715240479e+00 0.000000000000000000e+00
1.943315267562866211e+00 0.000000000000000000e+00 1.943315267562866211e+00 0.000000000000000000e+00
1.998339593410491943e+00 0.000000000000000000e+00 1.998339593410491943e+00 0.000000000000000000e+00
2.053363919258117676e+00 0.000000000000000000e+00 2.053363919258117676e+00 0.000000000000000000e+00
2.108388245105743408e+00 0.000000000000000000e+00 2.108388245105743408e+00 0.000000000000000000e+00
2.163412570953369141e+00 0.000000000000000000e+00 2.163412570953369141e+00 0.000000000000000000e+00
2.218436896800994873e+00 0.000000000000000000e+00 2.218436896800994873e+00 0.000000000000000000e+00
2.273461222648620605e+00 0.000000000000000000e+00 2.273461222648620605e+00 0.000000000000000000e+00
2.328485548496246338e+00 0.000000000000000000e+00 2.328485548496246338e+00 0.000000000000000000e+00
2.383510023355484009e+00 0.000000000000000000e+00 2.383510023355484009e+00 0.000000000000000000e+00
2.438534349203109741e+00 0.000000000000000000e+00 2.438534349203109741e+00 0.000000000000000000e+00
2.493558675050735474e+00 0.000000000000000000e+00 2.493558675050735474e+00 0.000000000000000000e+00
2.548583149909973145e+00 0.000000000000000000e+00 2.548583149909973145e+00 0.000000000000000000e+00
2.603607177734375000e+00 0.000000000000000000e+00 2.603607177734375000e+00 0.000000000000000000e+00
2.658631205558776855e+00 0.000000000000000000e+00 2.658631205558776855e+00 0.000000000000000000e+00
2.713655829429626465e+00 0.000000000000000000e+00 2.713655829429626465e+00 0.000000000000000000e+00
2.768680453300476074e+00 0.000000000000000000e+00 2.768680453300476074e+00 0.000000000000000000e+00
2.823704481124877930e+00 0.000000000000000000e+00 2.823704481124877930e+00 0.000000000000000000e+00
2.878729104995727539e+00 0.000000000000000000e+00 2.878729104995727539e+00 0.000000000000000000e+00
2.933753132820129395e+00 0.000000000000000000e+00 2.933753132820129395e+00 0.000000000000000000e+00
2.988777756690979004e+00 0.000000000000000000e+00 2.988777756690979004e+00 0.000000000000000000e+00
3.043801784515380859e+00 0.000000000000000000e+00 3.043801784515380859e+00 0.000000000000000000e+00
3.098826408386230469e+00 0.000000000000000000e+00 3.098826408386230469e+00 0.000000000000000000e+00
3.153850436210632324e+00 0.000000000000000000e+00 3.153850436210632324e+00 0.000000000000000000e+00
3.208875060081481934e+00 0.000000000000000000e+00 3.208875060081481934e+00 0.000000000000000000e+00
3.263899087905883789e+00 0.000000000000000000e+00 3.263899087905883789e+00 0.000000000000000000e+00
3.318923711776733398e+00 0.000000000000000000e+00 3.318923711776733398e+00 0.000000000000000000e+00
3.373947739601135254e+00 1.239081175299361348e-04 3.373947739601135254e+00 5.638504262606147677e-06
3.428972363471984863e+00 1.999390078708529472e-04 3.428972363471984863e+00 1.503601106378482655e-05
3.483996391296386719e+00 6.197544862516224384e-04 3.483996391296386719e+00 4.510803410084918141e-05
3.539021015167236328e+00 2.402534475550055504e-03 3.539021015167236328e+00 1.653961226111277938e-04
3.594045042991638184e+00 7.643782068043947220e-03 3.594045042991638184e+00 5.600914009846746922e-04
3.649069666862487793e+00 1.931429095566272736e-02 3.649069666862487793e+00 1.588178565725684166e-03
3.704093694686889648e+00 3.731817007064819336e-02 3.704093694686889648e+00 3.634955501183867455e-03
3.759118318557739258e+00 7.369843870401382446e-02 3.759118318557739258e+00 7.798051461577415466e-03
3.814142346382141113e+00 1.280168741941452026e-01 3.814142346382141113e+00 1.524275634437799454e-02
3.869166970252990723e+00 2.105820029973983765e-01 3.869166970252990723e+00 2.784481272101402283e-02
3.924190998077392578e+00 3.167709112167358398e-01 3.924190998077392578e+00 4.734463989734649658e-02
3.979215621948242188e+00 4.346252083778381348e-01 3.979215621948242188e+00 7.485490292310714722e-02
4.034239649772644043e+00 5.655766129493713379e-01 4.034239649772644043e+00 1.116508394479751587e-01
4.089264273643493652e+00 7.065906524658203125e-01 4.089264273643493652e+00 1.588836461305618286e-01
4.144288301467895508e+00 8.347281217575073242e-01 4.144288301467895508e+00 2.161934077739715576e-01
4.199312925338745117e+00 9.643569588661193848e-01 4.199312925338745117e+00 2.841731011867523193e-01
4.254336953163146973e+00 1.068342447280883789e+00 4.254336953163146973e+00 3.614694774150848389e-01
4.309361577033996582e+00 1.171170353889465332e+00 4.309361577033996582e+00 4.484114646911621094e-01
4.364385604858398438e+00 1.256232976913452148e+00 4.364385604858398438e+00 5.440649390220642090e-01
4.419410228729248047e+00 1.318358063697814941e+00 4.419410228729248047e+00 6.469958424568176270e-01
4.474434256553649902e+00 1.379978895187377930e+00 4.474434256553649902e+00 7.574372291564941406e-01
4.529458880424499512e+00 1.430533528327941895e+00 4.529458880424499512e+00 8.747585415840148926e-01
4.584483504295349121e+00 1.466250538825988770e+00 4.584483504295349121e+00 9.979476332664489746e-01
4.639507532119750977e+00 1.500188946723937988e+00 4.639507532119750977e+00 1.127031803131103516e+00
4.694532155990600586e+00 1.520118355751037598e+00 4.694532155990600586e+00 1.260951876640319824e+00
4.749556183815002441e+00 1.533043384552001953e+00 4.749556183815002441e+00 1.399194836616516113e+00
4.804580807685852051e+00 1.561208605766296387e+00 4.804580807685852051e+00 1.543258666992187500e+00
4.859604835510253906e+00 1.597767233848571777e+00 4.859604835510253906e+00 1.694092392921447754e+00
4.914629459381103516e+00 1.661155343055725098e+00 4.914629459381103516e+00 1.854481458663940430e+00
4.969653487205505371e+00 1.741219997406005859e+00 4.969653487205505371e+00 2.026386260986328125e+00
5.024678111076354980e+00 1.841576457023620605e+00 5.024678111076354980e+00 2.212248325347900391e+00
5.079702138900756836e+00 1.916614651679992676e+00 5.079702138900756836e+00 2.409941673278808594e+00
5.134726762771606445e+00 1.922267913818359375e+00 5.134726762771606445e+00 2.612536907196044922e+00
5.189750790596008301e+00 1.806553840637207031e+00 5.189750790596008301e+00 2.807040929794311523e+00
5.244774818420410156e+00 1.613132476806640625e+00 5.244774818420410156e+00 2.984419822692871094e+00
5.299799442291259766e+00 1.368933677673339844e+00 5.299799442291259766e+00 3.138124465942382812e+00
5.354824066162109375e+00 1.174676299095153809e+00 5.354824066162109375e+00 3.272770166397094727e+00
5.409848690032958984e+00 1.043450236320495605e+00 5.409848690032958984e+00 3.394843816757202148e+00
5.464872717857360840e+00 9.794751405715942383e-01 5.464872717857360840e+00 3.511776924133300781e+00
5.519896745681762695e+00 9.441310167312622070e-01 5.519896745681762695e+00 3.626770496368408203e+00
5.574921369552612305e+00 9.199017882347106934e-01 5.574921369552612305e+00 3.741059303283691406e+00
5.629945993423461914e+00 9.002830982208251953e-01 5.629945993423461914e+00 3.855128049850463867e+00
5.684970021247863770e+00 8.944813013076782227e-01 5.684970021247863770e+00 3.970689296722412109e+00
5.739994049072265625e+00 8.889692425727844238e-01 5.739994049072265625e+00 4.087770938873291016e+00
5.795018672943115234e+00 8.875455260276794434e-01 5.795018672943115234e+00 4.206918239593505859e+00
5.850043296813964844e+00 8.875044584274291992e-01 5.850043296813964844e+00 4.328331947326660156e+00
5.905067324638366699e+00 8.960211277008056641e-01 5.905067324638366699e+00 4.453228473663330078e+00
5.960091352462768555e+00 8.913785219192504883e-01 5.960091352462768555e+00 4.579803466796875000e+00
6.015115976333618164e+00 8.893300294876098633e-01 6.015115976333618164e+00 4.708430767059326172e+00
6.070140600204467773e+00 8.926582336425781250e-01 6.070140600204467773e+00 4.839911460876464844e+00
6.125164628028869629e+00 8.968701362609863281e-01 6.125164628028869629e+00 4.974420070648193359e+00
6.180188655853271484e+00 8.935578465461730957e-01 6.180188655853271484e+00 5.110848426818847656e+00
6.235213279724121094e+00 8.848966360092163086e-01 6.235213279724121094e+00 5.248372554779052734e+00
6.290237903594970703e+00 8.853369355201721191e-01 6.290237903594970703e+00 5.388402938842773438e+00
6.345261931419372559e+00 8.832291364669799805e-01 6.345261931419372559e+00 5.530555248260498047e+00
6.400285959243774414e+00 8.628110885620117188e-01 6.400285959243774414e+00 5.671839237213134766e+00
6.455310583114624023e+00 8.491976857185363770e-01 6.455310583114624023e+00 5.813297271728515625e+00
6.510335206985473633e+00 8.379083871841430664e-01 6.510335206985473633e+00 5.955262660980224609e+00
6.565359234809875488e+00 8.298171162605285645e-01 6.565359234809875488e+00 6.098244667053222656e+00
6.620383262634277344e+00 8.154320716857910156e-01 6.620383262634277344e+00 6.241112232208251953e+00
6.675407886505126953e+00 8.059902787208557129e-01 6.675407886505126953e+00 6.384683609008789062e+00
6.730432510375976562e+00 7.882710695266723633e-01 6.730432510375976562e+00 6.527421474456787109e+00
6.785456538200378418e+00 7.922235131263732910e-01 6.785456538200378418e+00 6.673232078552246094e+00
6.840480566024780273e+00 7.824603915214538574e-01 6.840480566024780273e+00 6.819588661193847656e+00
6.895505189895629883e+00 7.776626348495483398e-01 6.895505189895629883e+00 6.967400074005126953e+00
6.950529813766479492e+00 7.881677150726318359e-01 6.950529813766479492e+00 7.119606018066406250e+00
7.005553841590881348e+00 7.920846343040466309e-01 7.005553841590881348e+00 7.275002479553222656e+00
7.060577869415283203e+00 7.920926213264465332e-01 7.060577869415283203e+00 7.432848453521728516e+00
7.115602493286132812e+00 7.974634170532226562e-01 7.115602493286132812e+00 7.594253540039062500e+00
7.170627117156982422e+00 8.059909343719482422e-01 7.170627117156982422e+00 7.759916305541992188e+00
7.225651741027832031e+00 8.184075951576232910e-01 7.225651741027832031e+00 7.930722713470458984e+00
7.280675768852233887e+00 8.293209671974182129e-01 7.280675768852233887e+00 8.106452941894531250e+00
7.335699796676635742e+00 8.419723510742187500e-01 7.335699796676635742e+00 8.287569999694824219e+00
7.390724420547485352e+00 8.545314073562622070e-01 7.390724420547485352e+00 8.474158287048339844e+00
7.445749044418334961e+00 8.695178031921386719e-01 7.445749044418334961e+00 8.666853904724121094e+00
7.500773072242736816e+00 8.877903223037719727e-01 7.500773072242736816e+00 8.866520881652832031e+00
7.555797100067138672e+00 8.967276811599731445e-01 7.555797100067138672e+00 9.071164131164550781e+00
7.610821723937988281e+00 9.075485467910766602e-01 7.610821723937988281e+00 9.281308174133300781e+00
7.665846347808837891e+00 9.239031672477722168e-01 7.665846347808837891e+00 9.498339653015136719e+00
7.720870375633239746e+00 9.383663535118103027e-01 7.720870375633239746e+00 9.721947669982910156e+00
7.775894403457641602e+00 9.525709748268127441e-01 7.775894403457641602e+00 9.952184677124023438e+00
7.830919027328491211e+00 9.585633873939514160e-01 7.830919027328491211e+00 1.018716335296630859e+01
7.885943651199340820e+00 9.776495099067687988e-01 7.885943651199340820e+00 1.043019771575927734e+01
7.940967679023742676e+00 9.858481287956237793e-01 7.940967679023742676e+00 1.067870521545410156e+01
7.995991706848144531e+00 1.004265308380126953e+00 7.995991706848144531e+00 1.093537235260009766e+01
8.051016330718994141e+00 1.011461138725280762e+00 8.051016330718994141e+00 1.119745254516601562e+01
8.106040954589843750e+00 1.014893770217895508e+00 8.106040954589843750e+00 1.146402359008789062e+01
8.161064982414245605e+00 1.035427808761596680e+00 8.161064982414245605e+00 1.173969841003417969e+01
8.216089010238647461e+00 1.050264596939086914e+00 8.216089010238647461e+00 1.202310276031494141e+01
8.271113634109497070e+00 1.061604619026184082e+00 8.271113634109497070e+00 1.231342124938964844e+01
8.326138257980346680e+00 1.071585655212402344e+00 8.326138257980346680e+00 1.261037635803222656e+01
