# distance (\AA)	RDF	distance (\AA)	cdf
1.275121606886386871e-01 0.000000000000000000e+00 1.275121606886386871e-01 0.000000000000000000e+00
1.825365051627159119e-01 0.000000000000000000e+00 1.825365051627159119e-01 0.000000000000000000e+00
2.375608310103416443e-01 0.000000000000000000e+00 2.375608310103416443e-01 0.000000000000000000e+00
2.925851941108703613e-01 0.000000000000000000e+00 2.925851941108703613e-01 0.000000000000000000e+00
3.476095199584960938e-01 0.000000000000000000e+00 3.476095199584960938e-01 0.000000000000000000e+00
4.026338458061218262e-01 0.000000000000000000e+00 4.026338458061218262e-01 0.000000000000000000e+00
4.576581716537475586e-01 0.000000000000000000e+00 4.576581716537475586e-01 0.000000000000000000e+00
5.126824975013732910e-01 0.000000000000000000e+00 5.126824975013732910e-01 0.000000000000000000e+00
5.677068233489990234e-01 0.000000000000000000e+00 5.677068233489990234e-01 0.000000000000000000e+00
6.227311491966247559e-01 0.000000000000000000e+00 6.227311491966247559e-01 0.000000000000000000e+00
6.777554750442504883e-01 0.000000000000000000e+00 6.777554750442504883e-01 0.000000000000000000e+00
7.327798753976821899e-01 0.000000000000000000e+00 7.327798753976821899e-01 0.000000000000000000e+00
7.878042012453079224e-01 0.000000000000000000e+00 7.878042012453079224e-01 0.000000000000000000e+00
8.428285270929336548e-01 0.000000000000000000e+00 8.428285270929336548e-01 0.000000000000000000e+00
8.978528529405593872e-01 0.000000000000000000e+00 8.978528529405593872e-01 0.000000000000000000e+00
9.528771787881851196e-01 0.000000000000000000e+00 9.528771787881851196e-01 0.000000000000000000e+00
1.007901504635810852e+00 0.000000000000000000e+00 1.007901504635810852e+00 0.000000000000000000e+00
1.062925830483436584e+00 0.000000000000000000e+00 1.062925830483436584e+00 0.000000000000000000e+00
1.117950156331062317e+00 0.000000000000000000e+00 1.117950156331062317e+00 0.000000000000000000e+00
1.172974482178688049e+00 0.000000000000000000e+00 1.172974482178688049e+00 0.000000000000000000e+00
1.227998882532119751e+00 0.000000000000000000e+00 1.227998882532119751e+00 0.000000000000000000e+00
1.283023208379745483e+00 0.000000000000000000e+00 1.283023208379745483e+00 0.000000000000000000e+00
1.338047534227371216e+00 0.000000000000000000e+00 1.338047534227371216e+00 0.000000000000000000e+00
1.393072009086608887e+00 0.000000000000000000e+00 1.393072009086608887e+00 0.000000000000000000e+00
1.448096334934234619e+00 0.000000000000000000e+00 1.448096334934234619e+00 0.000000000000000000e+00
1.503120660781860352e+00 0.000000000000000000e+00 1.503120660781860352e+00 0.000000000000000000e+00
1.558144986629486084e+00 0.000000000000000000e+00 1.558144986629486084e+00 0.000000000000000000e+00
1.613169312477111816e+00 0.000000000000000000e+00 1.613169312477111816e+00 0.000000000000000000e+00
1.668193638324737549e+00 0.000000000000000000e+00 1.668193638324737549e+00 0.000000000000000000e+00
1.723217964172363281e+00 0.000000000000000000e+00 1.723217964172363281e+00 0.000000000000000000e+00
1.778242290019989014e+00 4.460353520698845387e-04 1.778242290019989014e+00 1.127700852521229535e-05
1.833266615867614746e+00 1.888490281999111176e-02 1.833266615867614746e+00 5.187424249015748501e-04
1.888290941715240479e+00 2.480844557285308838e-01 1.888290941715240479e+00 7.591306231915950775e-03
1.943315267562866211e+00 1.170617938041687012e+00 1.943315267562866211e+00 4.293721169233322144e-02
1.998339593410491943e+00 2.873806953430175781e+00 1.998339593410491943e+00 1.346925795078277588e-01
2.053363919258117676e+00 4.436125755310058594e+00 2.053363919258117676e+00 2.842369675636291504e-01
2.108388245105743408e+00 5.099158763885498047e+00 2.108388245105743408e+00 4.654678702354431152e-01
2.163412570953369141e+00 4.829821586608886719e+00 2.163412570953369141e+00 6.462026238441467285e-01
2.218436896800994873e+00 4.076342582702636719e+00 2.218436896800994873e+00 8.065992593765258789e-01
2.273461222648620605e+00 3.216202735900878906e+00 2.273461222648620605e+00 9.395062923431396484e-01
2.328485548496246338e+00 2.512057542800903320e+00 2.328485548496246338e+00 1.048400878906250000e+00
2.383510023355484009e+00 1.925411939620971680e+00 2.383510023355484009e+00 1.135855913162231445e+00
2.438534349203109741e+00 1.467854738235473633e+00 2.438534349203109741e+00 1.205641746520996094e+00
2.493558675050735474e+00 1.159819364547729492e+00 2.493558675050735474e+00 1.263299226760864258e+00
2.548583149909973145e+00 9.291374683380126953e-01 2.548583149909973145e+00 1.311549782752990723e+00
2.603607177734375000e+00 7.533376216888427734e-01 2.603607177734375000e+00 1.352378129959106445e+00
2.658631205558776855e+00 6.350371241569519043e-01 2.658631205558776855e+00 1.388265371322631836e+00
2.713655829429626465e+00 5.407808423042297363e-01 2.713655829429626465e+00 1.420104146003723145e+00
2.768680453300476074e+00 4.902157187461853027e-01 2.768680453300476074e+00 1.450147986412048340e+00
2.823704481124877930e+00 4.446437656879425049e-01 2.823704481124877930e+00 1.478492736816406250e+00
2.878729104995727539e+00 4.125473797321319580e-01 2.878729104995727539e+00 1.505826354026794434e+00
2.933753132820129395e+00 3.923287391662597656e-01 2.933753132820129395e+00 1.532823562622070312e+00
2.988777756690979004e+00 3.869113028049468994e-01 2.988777756690979004e+00 1.560456037521362305e+00
3.043801784515380859e+00 3.741655349731445312e-01 3.043801784515380859e+00 1.588171124458312988e+00
3.098826408386230469e+00 3.815111517906188965e-01 3.098826408386230469e+00 1.617461323738098145e+00
3.153850436210632324e+00 3.974570631980895996e-01 3.153850436210632324e+00 1.649068951606750488e+00
3.208875060081481934e+00 4.102892875671386719e-01 3.208875060081481934e+00 1.682845473289489746e+00
3.263899087905883789e+00 4.378384649753570557e-01 3.263899087905883789e+00 1.720136642456054688e+00
3.318923711776733398e+00 4.657835662364959717e-01 3.318923711776733398e+00 1.761156797409057617e+00
3.373947739601135254e+00 5.047397613525390625e-01 3.373947739601135254e+00 1.807093739509582520e+00
3.428972363471984863e+00 5.462334156036376953e-01 3.428972363471984863e+00 1.858441710472106934e+00
3.483996391296386719e+00 5.896383523941040039e-01 3.483996391296386719e+00 1.915663123130798340e+00
3.539021015167236328e+00 6.483464837074279785e-01 3.539021015167236328e+00 1.980584859848022461e+00
3.594045042991638184e+00 7.199714779853820801e-01 3.594045042991638184e+00 2.054937839508056641e+00
3.649069666862487793e+00 7.725540399551391602e-01 3.649069666862487793e+00 2.137182950973510742e+00
3.704093694686889648e+00 8.534003496170043945e-01 3.704093694686889648e+00 2.230795383453369141e+00
3.759118318557739258e+00 9.174041152000427246e-01 3.759118318557739258e+00 2.334440469741821289e+00
3.814142346382141113e+00 9.949344992637634277e-01 3.814142346382141113e+00 2.450159549713134766e+00
3.869166970252990723e+00 1.068566322326660156e+00 3.869166970252990723e+00 2.578053951263427734e+00
3.924190998077392578e+00 1.144374966621398926e+00 3.924190998077392578e+00 2.718945026397705078e+00
3.979215621948242188e+00 1.213785290718078613e+00 3.979215621948242188e+00 2.872601747512817383e+00
4.034239649772644043e+00 1.281376600265502930e+00 4.034239649772644043e+00 3.039332389831542969e+00
4.089264273643493652e+00 1.351506948471069336e+00 4.089264273643493652e+00 3.220018148422241211e+00
4.144288301467895508e+00 1.419355273246765137e+00 4.144288301467895508e+00 3.414914846420288086e+00
4.199312925338745117e+00 1.489528775215148926e+00 4.199312925338745117e+00 3.624915361404418945e+00
4.254336953163146973e+00 1.559339284896850586e+00 4.254336953163146973e+00 3.850557088851928711e+00
4.309361577033996582e+00 1.625366687774658203e+00 4.309361577033996582e+00 4.091875553131103516e+00
4.364385604858398438e+00 1.695098638534545898e+00 4.364385604858398438e+00 4.350015640258789062e+00
4.419410228729248047e+00 1.737276434898376465e+00 4.419410228729248047e+00 4.621291637420654297e+00
4.474434256553649902e+00 1.754346847534179688e+00 4.474434256553649902e+00 4.902096748352050781e+00
4.529458880424499512e+00 1.737396478652954102e+00 4.529458880424499512e+00 5.187072277069091797e+00
4.584483504295349121e+00 1.672619819641113281e+00 4.584483504295349121e+00 5.468127250671386719e+00
4.639507532119750977e+00 1.576891183853149414e+00 4.639507532119750977e+00 5.739495277404785156e+00
4.694532155990600586e+00 1.478964924812316895e+00 4.694532155990600586e+00 6.000084400177001953e+00
4.749556183815002441e+00 1.396794676780700684e+00 4.749556183815002441e+00 6.251997947692871094e+00
4.804580807685852051e+00 1.300691485404968262e+00 4.804580807685852051e+00 6.492045879364013672e+00
4.859604835510253906e+00 1.221251130104064941e+00 4.859604835510253906e+00 6.722624778747558594e+00
4.914629459381103516e+00 1.152877211570739746e+00 4.914629459381103516e+00 6.945251941680908203e+00
4.969653487205505371e+00 1.088731169700622559e+00 4.969653487205505371e+00 7.160225391387939453e+00
5.024678111076354980e+00 1.039777755737304688e+00 5.024678111076354980e+00 7.370105743408203125e+00
5.079702138900756836e+00 9.962537288665771484e-01 5.079702138900756836e+00 7.575627326965332031e+00
5.134726762771606445e+00 9.576743841171264648e-01 5.134726762771606445e+00 7.777493476867675781e+00
5.189750790596008301e+00 9.216328263282775879e-01 5.189750790596008301e+00 7.975950241088867188e+00
5.244774818420410156e+00 9.014520645141601562e-01 5.244774818420410156e+00 8.174196243286132812e+00
5.299799442291259766e+00 8.825558423995971680e-01 5.299799442291259766e+00 8.372384071350097656e+00
5.354824066162109375e+00 8.697628378868103027e-01 5.354824066162109375e+00 8.571774482727050781e+00
5.409848690032958984e+00 8.604326844215393066e-01 5.409848690032958984e+00 8.773098945617675781e+00
5.464872717857360840e+00 8.640288710594177246e-01 5.464872717857360840e+00 8.979400634765625000e+00
5.519896745681762695e+00 8.685178160667419434e-01 5.519896745681762695e+00 9.190968513488769531e+00
5.574921369552612305e+00 8.707661032676696777e-01 5.574921369552612305e+00 9.407337188720703125e+00
5.629945993423461914e+00 8.787591457366943359e-01 5.629945993423461914e+00 9.630020141601562500e+00
5.684970021247863770e+00 8.942558765411376953e-01 5.684970021247863770e+00 9.861083984375000000e+00
5.739994049072265625e+00 9.056229591369628906e-01 5.739994049072265625e+00 1.009963417053222656e+01
5.795018672943115234e+00 9.165619611740112305e-01 5.795018672943115234e+00 1.034571933746337891e+01
5.850043296813964844e+00 9.357271790504455566e-01 5.850043296813964844e+00 1.060174083709716797e+01
5.905067324638366699e+00 9.519045352935791016e-01 5.905067324638366699e+00 1.086711311340332031e+01
5.960091352462768555e+00 9.722239971160888672e-01 5.960091352462768555e+00 1.114322280883789062e+01
6.015115976333618164e+00 9.847968816757202148e-01 6.015115976333618164e+00 1.142809295654296875e+01
6.070140600204467773e+00 1.007381200790405273e+00 6.070140600204467773e+00 1.172484970092773438e+01
6.125164628028869629e+00 1.014502406120300293e+00 6.125164628028869629e+00 1.202915000915527344e+01
6.180188655853271484e+00 1.029208779335021973e+00 6.180188655853271484e+00 1.234342861175537109e+01
6.235213279724121094e+00 1.041206836700439453e+00 6.235213279724121094e+00 1.266706180572509766e+01
6.290237903594970703e+00 1.056352257728576660e+00 6.290237903594970703e+00 1.300122070312500000e+01
6.345261931419372559e+00 1.070483207702636719e+00 6.345261931419372559e+00 1.334580135345458984e+01
6.400285959243774414e+00 1.072439074516296387e+00 6.400285959243774414e+00 1.369702148437500000e+01
6.455310583114624023e+00 1.078829169273376465e+00 6.455310583114624023e+00 1.405644035339355469e+01
6.510335206985473633e+00 1.084942936897277832e+00 6.510335206985473633e+00 1.442407989501953125e+01
6.565359234809875488e+00 1.078022122383117676e+00 6.565359234809875488e+00 1.479557800292968750e+01
6.620383262634277344e+00 1.077445030212402344e+00 6.620383262634277344e+00 1.517312431335449219e+01
6.675407886505126953e+00 1.072905659675598145e+00 6.675407886505126953e+00 1.555535888671875000e+01
6.730432510375976562e+00 1.066360473632812500e+00 6.730432510375976562e+00 1.594154548645019531e+01
6.785456538200378418e+00 1.058822035789489746e+00 6.785456538200378418e+00 1.633130264282226562e+01
6.840480566024780273e+00 1.049810290336608887e+00 6.840480566024780273e+00 1.672402954101562500e+01
6.895505189895629883e+00 1.038676619529724121e+00 6.895505189895629883e+00 1.711887550354003906e+01
6.950529813766479492e+00 1.032296180725097656e+00 6.950529813766479492e+00 1.751757621765136719e+01
7.005553841590881348e+00 1.022698760032653809e+00 7.005553841590881348e+00 1.791885566711425781e+01
7.060577869415283203e+00 1.008797287940979004e+00 7.060577869415283203e+00 1.832091712951660156e+01
7.115602493286132812e+00 1.000291824340820312e+00 7.115602493286132812e+00 1.872583198547363281e+01
7.170627117156982422e+00 9.865254759788513184e-01 7.170627117156982422e+00 1.913137245178222656e+01
7.225651741027832031e+00 9.737167954444885254e-01 7.225651741027832031e+00 1.953781318664550781e+01
7.280675768852233887e+00 9.634070396423339844e-01 7.280675768852233887e+00 1.994609832763671875e+01
7.335699796676635742e+00 9.513424038887023926e-01 7.335699796676635742e+00 2.035538673400878906e+01
7.390724420547485352e+00 9.409826397895812988e-01 7.390724420547485352e+00 2.076631736755371094e+01
7.445749044418334961e+00 9.426369667053222656e-01 7.445749044418334961e+00 2.118411827087402344e+01
7.500773072242736816e+00 9.274731874465942383e-01 7.500773072242736816e+00 2.160130119323730469e+01
7.555797100067138672e+00 9.231151938438415527e-01 7.555797100067138672e+00 2.202263069152832031e+01
7.610821723937988281e+00 9.148781895637512207e-01 7.610821723937988281e+00 2.244631385803222656e+01
7.665846347808837891e+00 9.124896526336669922e-01 7.665846347808837891e+00 2.287501525878906250e+01
7.720870375633239746e+00 9.109265208244323730e-01 7.720870375633239746e+00 2.330915451049804688e+01
7.775894403457641602e+00 9.063300490379333496e-01 7.775894403457641602e+00 2.374727630615234375e+01
7.830919027328491211e+00 9.027848243713378906e-01 7.830919027328491211e+00 2.418988800048828125e+01
7.885943651199340820e+00 9.036423563957214355e-01 7.885943651199340820e+00 2.463916206359863281e+01
7.940967679023742676e+00 9.007513523101806641e-01 7.940967679023742676e+00 2.509327507019042969e+01
7.995991706848144531e+00 9.006740450859069824e-01 7.995991706848144531e+00 2.555365943908691406e+01
8.051016330718994141e+00 9.002298712730407715e-01 8.051016330718994141e+00 2.602017784118652344e+01
8.106040954589843750e+00 9.008465409278869629e-01 8.106040954589843750e+00 2.649340820312500000e+01
8.161064982414245605e+00 9.023235440254211426e-01 8.161064982414245605e+00 2.697388267517089844e+01
8.216089010238647461e+00 9.076378345489501953e-01 8.216089010238647461e+00 2.746371841430664062e+01
8.271113634109497070e+00 9.033730030059814453e-01 8.271113634109497070e+00 2.795781135559082031e+01
8.326138257980346680e+00 9.055065512657165527e-01 8.326138257980346680e+00 2.845967483520507812e+01
