# distance (\AA)	RDF	distance (\AA)	cdf
1.275121606886386871e-01 0.000000000000000000e+00 1.275121606886386871e-01 0.000000000000000000e+00
1.825365051627159119e-01 0.000000000000000000e+00 1.825365051627159119e-01 0.000000000000000000e+00
2.375608310103416443e-01 0.000000000000000000e+00 2.375608310103416443e-01 0.000000000000000000e+00
2.925851941108703613e-01 0.000000000000000000e+00 2.925851941108703613e-01 0.000000000000000000e+00
3.476095199584960938e-01 0.000000000000000000e+00 3.476095199584960938e-01 0.000000000000000000e+00
4.026338458061218262e-01 0.000000000000000000e+00 4.026338458061218262e-01 0.000000000000000000e+00
4.576581716537475586e-01 0.000000000000000000e+00 4.576581716537475586e-01 0.000000000000000000e+00
5.126824975013732910e-01 0.000000000000000000e+00 5.126824975013732910e-01 0.000000000000000000e+00
5.677068233489990234e-01 0.000000000000000000e+00 5.677068233489990234e-01 0.000000000000000000e+00
6.227311491966247559e-01 0.000000000000000000e+00 6.227311491966247559e-01 0.000000000000000000e+00
6.777554750442504883e-01 0.000000000000000000e+00 6.777554750442504883e-01 0.000000000000000000e+00
7.327798753976821899e-01 0.000000000000000000e+00 7.327798753976821899e-01 0.000000000000000000e+00
7.878042012453079224e-01 0.000000000000000000e+00 7.878042012453079224e-01 0.000000000000000000e+00
8.428285270929336548e-01 0.000000000000000000e+00 8.428285270929336548e-01 0.000000000000000000e+00
8.978528529405593872e-01 0.000000000000000000e+00 8.978528529405593872e-01 0.000000000000000000e+00
9.528771787881851196e-01 0.000000000000000000e+00 9.528771787881851196e-01 0.000000000000000000e+00
1.007901504635810852e+00 0.000000000000000000e+00 1.007901504635810852e+00 0.000000000000000000e+00
1.062925830483436584e+00 0.000000000000000000e+00 1.062925830483436584e+00 0.000000000000000000e+00
1.117950156331062317e+00 0.000000000000000000e+00 1.117950156331062317e+00 0.000000000000000000e+00
1.172974482178688049e+00 0.000000000000000000e+00 1.172974482178688049e+00 0.000000000000000000e+00
1.227998882532119751e+00 0.000000000000000000e+00 1.227998882532119751e+00 0.000000000000000000e+00
1.283023208379745483e+00 0.000000000000000000e+00 1.283023208379745483e+00 0.000000000000000000e+00
1.338047534227371216e+00 0.000000000000000000e+00 1.338047534227371216e+00 0.000000000000000000e+00
1.393072009086608887e+00 0.000000000000000000e+00 1.393072009086608887e+00 0.000000000000000000e+00
1.448096334934234619e+00 0.000000000000000000e+00 1.448096334934234619e+00 0.000000000000000000e+00
1.503120660781860352e+00 0.000000000000000000e+00 1.503120660781860352e+00 0.000000000000000000e+00
1.558144986629486084e+00 0.000000000000000000e+00 1.558144986629486084e+00 0.000000000000000000e+00
1.613169312477111816e+00 0.000000000000000000e+00 1.613169312477111816e+00 0.000000000000000000e+00
1.668193638324737549e+00 0.000000000000000000e+00 1.668193638324737549e+00 0.000000000000000000e+00
1.723217964172363281e+00 0.000000000000000000e+00 1.723217964172363281e+00 0.000000000000000000e+00
1.778242290019989014e+00 2.668587490916252136e-03 1.778242290019989014e+00 4.698753400589339435e-05
1.833266615867614746e+00 1.824859082698822021e-01 1.833266615867614746e+00 3.462041495367884636e-03
1.888290941715240479e+00 2.673998355865478516e+00 1.888290941715240479e+00 5.655231699347496033e-02
1.943315267562866211e+00 1.153677082061767578e+01 1.943315267562866211e+00 2.991489470005035400e-01
1.998339593410491943e+00 2.198801040649414062e+01 1.998339593410491943e+00 7.880674004554748535e-01
2.053363919258117676e+00 2.431397819519042969e+01 2.053363919258117676e+00 1.358886957168579102e+00
2.108388245105743408e+00 1.907558441162109375e+01 2.108388245105743408e+00 1.831045866012573242e+00
2.163412570953369141e+00 1.230467700958251953e+01 2.163412570953369141e+00 2.151715040206909180e+00
2.218436896800994873e+00 7.158213615417480469e+00 2.218436896800994873e+00 2.347872972488403320e+00
2.273461222648620605e+00 4.021620750427246094e+00 2.273461222648620605e+00 2.463612556457519531e+00
2.328485548496246338e+00 2.269523620605468750e+00 2.328485548496246338e+00 2.532127857208251953e+00
2.383510023355484009e+00 1.360689878463745117e+00 2.383510023355484009e+00 2.575170278549194336e+00
2.438534349203109741e+00 8.410887122154235840e-01 2.438534349203109741e+00 2.603018760681152344e+00
2.493558675050735474e+00 5.526480674743652344e-01 2.493558675050735474e+00 2.622152090072631836e+00
2.548583149909973145e+00 3.993291854858398438e-01 2.548583149909973145e+00 2.636594295501708984e+00
2.603607177734375000e+00 3.025098741054534912e-01 2.603607177734375000e+00 2.648012161254882812e+00
2.658631205558776855e+00 2.434110045433044434e-01 2.658631205558776855e+00 2.657592058181762695e+00
2.713655829429626465e+00 2.084281295537948608e-01 2.713655829429626465e+00 2.666138172149658203e+00
2.768680453300476074e+00 1.781655997037887573e-01 2.768680453300476074e+00 2.673742532730102539e+00
2.823704481124877930e+00 1.676912307739257812e-01 2.823704481124877930e+00 2.681187152862548828e+00
2.878729104995727539e+00 1.615459024906158447e-01 2.878729104995727539e+00 2.688641309738159180e+00
2.933753132820129395e+00 1.659754365682601929e-01 2.933753132820129395e+00 2.696595430374145508e+00
2.988777756690979004e+00 1.666468083858489990e-01 2.988777756690979004e+00 2.704884052276611328e+00
3.043801784515380859e+00 1.758693903684616089e-01 3.043801784515380859e+00 2.713956356048583984e+00
3.098826408386230469e+00 1.828262507915496826e-01 3.098826408386230469e+00 2.723731756210327148e+00
3.153850436210632324e+00 1.957109272480010986e-01 3.153850436210632324e+00 2.734570741653442383e+00
3.208875060081481934e+00 2.154462188482284546e-01 3.208875060081481934e+00 2.746922731399536133e+00
3.263899087905883789e+00 2.353670448064804077e-01 3.263899087905883789e+00 2.760883569717407227e+00
3.318923711776733398e+00 2.676495313644409180e-01 3.318923711776733398e+00 2.777299165725708008e+00
3.373947739601135254e+00 2.927366495132446289e-01 3.373947739601135254e+00 2.795853614807128906e+00
3.428972363471984863e+00 3.245286941528320312e-01 3.428972363471984863e+00 2.817099571228027344e+00
3.483996391296386719e+00 3.628305196762084961e-01 3.483996391296386719e+00 2.841621398925781250e+00
3.539021015167236328e+00 4.020626246929168701e-01 3.539021015167236328e+00 2.869659900665283203e+00
3.594045042991638184e+00 4.339577853679656982e-01 3.594045042991638184e+00 2.900870800018310547e+00
3.649069666862487793e+00 4.833308160305023193e-01 3.649069666862487793e+00 2.936705350875854492e+00
3.704093694686889648e+00 5.196619033813476562e-01 3.704093694686889648e+00 2.976404190063476562e+00
3.759118318557739258e+00 5.634199976921081543e-01 3.759118318557739258e+00 3.020734071731567383e+00
3.814142346382141113e+00 5.923420786857604980e-01 3.814142346382141113e+00 3.068713903427124023e+00
3.869166970252990723e+00 6.331142783164978027e-01 3.869166970252990723e+00 3.121486663818359375e+00
3.924190998077392578e+00 6.668437719345092773e-01 3.924190998077392578e+00 3.178663015365600586e+00
3.979215621948242188e+00 7.022094726562500000e-01 3.979215621948242188e+00 3.240571975708007812e+00
4.034239649772644043e+00 7.229241728782653809e-01 4.034239649772644043e+00 3.306082010269165039e+00
4.089264273643493652e+00 7.362810373306274414e-01 4.089264273643493652e+00 3.374634981155395508e+00
4.144288301467895508e+00 7.590402960777282715e-01 4.144288301467895508e+00 3.447221279144287109e+00
4.199312925338745117e+00 7.759151458740234375e-01 4.199312925338745117e+00 3.523405075073242188e+00
4.254336953163146973e+00 7.894514799118041992e-01 4.254336953163146973e+00 3.602962493896484375e+00
4.309361577033996582e+00 8.004323840141296387e-01 4.309361577033996582e+00 3.685726404190063477e+00
4.364385604858398438e+00 8.044945597648620605e-01 4.364385604858398438e+00 3.771048307418823242e+00
4.419410228729248047e+00 8.146427869796752930e-01 4.419410228729248047e+00 3.859638690948486328e+00
4.474434256553649902e+00 8.083038926124572754e-01 4.474434256553649902e+00 3.949742078781127930e+00
4.529458880424499512e+00 8.029453754425048828e-01 4.529458880424499512e+00 4.041463851928710938e+00
4.584483504295349121e+00 7.939423322677612305e-01 4.584483504295349121e+00 4.134373188018798828e+00
4.639507532119750977e+00 7.802402973175048828e-01 4.639507532119750977e+00 4.227883815765380859e+00
4.694532155990600586e+00 7.590387463569641113e-01 4.694532155990600586e+00 4.321024417877197266e+00
4.749556183815002441e+00 7.388919591903686523e-01 4.749556183815002441e+00 4.413830280303955078e+00
4.804580807685852051e+00 7.197535634040832520e-01 4.804580807685852051e+00 4.506339550018310547e+00
4.859604835510253906e+00 7.037035822868347168e-01 4.859604835510253906e+00 4.598869323730468750e+00
4.914629459381103516e+00 6.807669401168823242e-01 4.914629459381103516e+00 4.690421581268310547e+00
4.969653487205505371e+00 6.621821522712707520e-01 4.969653487205505371e+00 4.781479835510253906e+00
5.024678111076354980e+00 6.406826376914978027e-01 5.024678111076354980e+00 4.871543884277343750e+00
5.079702138900756836e+00 6.261370778083801270e-01 5.079702138900756836e+00 4.961500644683837891e+00
5.134726762771606445e+00 6.138142943382263184e-01 5.134726762771606445e+00 5.051607608795166016e+00
5.189750790596008301e+00 5.993830561637878418e-01 5.189750790596008301e+00 5.141492843627929688e+00
5.244774818420410156e+00 5.908570885658264160e-01 5.244774818420410156e+00 5.231986999511718750e+00
5.299799442291259766e+00 5.826916098594665527e-01 5.299799442291259766e+00 5.323114395141601562e+00
5.354824066162109375e+00 5.795632004737854004e-01 5.354824066162109375e+00 5.415644168853759766e+00
5.409848690032958984e+00 5.728671550750732422e-01 5.409848690032958984e+00 5.508993148803710938e+00
5.464872717857360840e+00 5.756592154502868652e-01 5.464872717857360840e+00 5.604716300964355469e+00
5.519896745681762695e+00 5.719902515411376953e-01 5.519896745681762695e+00 5.701753139495849609e+00
5.574921369552612305e+00 5.738901495933532715e-01 5.574921369552612305e+00 5.801064014434814453e+00
5.629945993423461914e+00 5.824146866798400879e-01 5.629945993423461914e+00 5.903848171234130859e+00
5.684970021247863770e+00 5.875764489173889160e-01 5.684970021247863770e+00 6.009581565856933594e+00
5.739994049072265625e+00 5.974367260932922363e-01 5.739994049072265625e+00 6.119179248809814453e+00
5.795018672943115234e+00 6.053380370140075684e-01 5.795018672943115234e+00 6.232366561889648438e+00
5.850043296813964844e+00 6.166366934776306152e-01 5.850043296813964844e+00 6.349865436553955078e+00
5.905067324638366699e+00 6.322613358497619629e-01 5.905067324638366699e+00 6.472619533538818359e+00
5.960091352462768555e+00 6.408857703208923340e-01 5.960091352462768555e+00 6.599376678466796875e+00
6.015115976333618164e+00 6.556412577629089355e-01 6.015115976333618164e+00 6.731458663940429688e+00
6.070140600204467773e+00 6.735796928405761719e-01 6.070140600204467773e+00 6.869647026062011719e+00
6.125164628028869629e+00 6.889116764068603516e-01 6.125164628028869629e+00 7.013556480407714844e+00
6.180188655853271484e+00 7.063775658607482910e-01 6.180188655853271484e+00 7.163775444030761719e+00
6.235213279724121094e+00 7.212377786636352539e-01 6.235213279724121094e+00 7.319900035858154297e+00
6.290237903594970703e+00 7.449313402175903320e-01 6.290237903594970703e+00 7.484010696411132812e+00
6.345261931419372559e+00 7.615512609481811523e-01 6.345261931419372559e+00 7.654731273651123047e+00
6.400285959243774414e+00 7.812336087226867676e-01 6.400285959243774414e+00 7.832913398742675781e+00
6.455310583114624023e+00 8.022198081016540527e-01 6.455310583114624023e+00 8.019043922424316406e+00
6.510335206985473633e+00 8.232350945472717285e-01 6.510335206985473633e+00 8.213318824768066406e+00
6.565359234809875488e+00 8.401865363121032715e-01 6.565359234809875488e+00 8.414960861206054688e+00
6.620383262634277344e+00 8.610963225364685059e-01 6.620383262634277344e+00 8.625098228454589844e+00
6.675407886505126953e+00 8.748224377632141113e-01 6.675407886505126953e+00 8.842150688171386719e+00
6.730432510375976562e+00 8.984574675559997559e-01 6.730432510375976562e+00 9.068754196166992188e+00
6.785456538200378418e+00 9.185224771499633789e-01 6.785456538200378418e+00 9.304225921630859375e+00
6.840480566024780273e+00 9.340242147445678711e-01 6.840480566024780273e+00 9.547566413879394531e+00
6.895505189895629883e+00 9.501212835311889648e-01 6.895505189895629883e+00 9.799103736877441406e+00
6.950529813766479492e+00 9.716157913208007812e-01 6.950529813766479492e+00 1.006044864654541016e+01
7.005553841590881348e+00 9.868668317794799805e-01 7.005553841590881348e+00 1.033011913299560547e+01
7.060577869415283203e+00 9.982048273086547852e-01 7.060577869415283203e+00 1.060718536376953125e+01
7.115602493286132812e+00 1.010162472724914551e+00 7.115602493286132812e+00 1.089196205139160156e+01
7.170627117156982422e+00 1.017280459403991699e+00 7.170627117156982422e+00 1.118319606781005859e+01
7.225651741027832031e+00 1.030917048454284668e+00 7.225651741027832031e+00 1.148288059234619141e+01
7.280675768852233887e+00 1.032259941101074219e+00 7.280675768852233887e+00 1.178754425048828125e+01
7.335699796676635742e+00 1.040443420410156250e+00 7.335699796676635742e+00 1.209928035736083984e+01
7.390724420547485352e+00 1.041666626930236816e+00 7.390724420547485352e+00 1.241608524322509766e+01
7.445749044418334961e+00 1.047621488571166992e+00 7.445749044418334961e+00 1.273945903778076172e+01
7.500773072242736816e+00 1.045863628387451172e+00 7.500773072242736816e+00 1.306708431243896484e+01
7.555797100067138672e+00 1.048580288887023926e+00 7.555797100067138672e+00 1.340039157867431641e+01
7.610821723937988281e+00 1.051907896995544434e+00 7.610821723937988281e+00 1.373965072631835938e+01
7.665846347808837891e+00 1.054768204689025879e+00 7.665846347808837891e+00 1.408476257324218750e+01
7.720870375633239746e+00 1.054451107978820801e+00 7.720870375633239746e+00 1.443474674224853516e+01
7.775894403457641602e+00 1.053042650222778320e+00 7.775894403457641602e+00 1.478925800323486328e+01
7.830919027328491211e+00 1.055781722068786621e+00 7.830919027328491211e+00 1.514974403381347656e+01
7.885943651199340820e+00 1.058205604553222656e+00 7.885943651199340820e+00 1.551614952087402344e+01
7.940967679023742676e+00 1.060890316963195801e+00 7.940967679023742676e+00 1.588863277435302734e+01
7.995991706848144531e+00 1.066151142120361328e+00 7.995991706848144531e+00 1.626816368103027344e+01
8.051016330718994141e+00 1.069339632987976074e+00 8.051016330718994141e+00 1.665409278869628906e+01
8.106040954589843750e+00 1.072727560997009277e+00 8.106040954589843750e+00 1.704654502868652344e+01
8.161064982414245605e+00 1.077141404151916504e+00 8.161064982414245605e+00 1.744598960876464844e+01
8.216089010238647461e+00 1.082220077514648438e+00 8.216089010238647461e+00 1.785274124145507812e+01
8.271113634109497070e+00 1.089076876640319824e+00 8.271113634109497070e+00 1.826757812500000000e+01
8.326138257980346680e+00 1.091513276100158691e+00 8.326138257980346680e+00 1.868888473510742188e+01
