# distance (\AA)	RDF	distance (\AA)	cdf
1.275121606886386871e-01 0.000000000000000000e+00 1.275121606886386871e-01 0.000000000000000000e+00
1.825365051627159119e-01 0.000000000000000000e+00 1.825365051627159119e-01 0.000000000000000000e+00
2.375608310103416443e-01 0.000000000000000000e+00 2.375608310103416443e-01 0.000000000000000000e+00
2.925851941108703613e-01 0.000000000000000000e+00 2.925851941108703613e-01 0.000000000000000000e+00
3.476095199584960938e-01 0.000000000000000000e+00 3.476095199584960938e-01 0.000000000000000000e+00
4.026338458061218262e-01 0.000000000000000000e+00 4.026338458061218262e-01 0.000000000000000000e+00
4.576581716537475586e-01 0.000000000000000000e+00 4.576581716537475586e-01 0.000000000000000000e+00
5.126824975013732910e-01 0.000000000000000000e+00 5.126824975013732910e-01 0.000000000000000000e+00
5.677068233489990234e-01 0.000000000000000000e+00 5.677068233489990234e-01 0.000000000000000000e+00
6.227311491966247559e-01 0.000000000000000000e+00 6.227311491966247559e-01 0.000000000000000000e+00
6.777554750442504883e-01 0.000000000000000000e+00 6.777554750442504883e-01 0.000000000000000000e+00
7.327798753976821899e-01 0.000000000000000000e+00 7.327798753976821899e-01 0.000000000000000000e+00
7.878042012453079224e-01 0.000000000000000000e+00 7.878042012453079224e-01 0.000000000000000000e+00
8.428285270929336548e-01 0.000000000000000000e+00 8.428285270929336548e-01 0.000000000000000000e+00
8.978528529405593872e-01 0.000000000000000000e+00 8.978528529405593872e-01 0.000000000000000000e+00
9.528771787881851196e-01 0.000000000000000000e+00 9.528771787881851196e-01 0.000000000000000000e+00
1.007901504635810852e+00 0.000000000000000000e+00 1.007901504635810852e+00 0.000000000000000000e+00
1.062925830483436584e+00 0.000000000000000000e+00 1.062925830483436584e+00 0.000000000000000000e+00
1.117950156331062317e+00 0.000000000000000000e+00 1.117950156331062317e+00 0.000000000000000000e+00
1.172974482178688049e+00 0.000000000000000000e+00 1.172974482178688049e+00 0.000000000000000000e+00
1.227998882532119751e+00 0.000000000000000000e+00 1.227998882532119751e+00 0.000000000000000000e+00
1.283023208379745483e+00 0.000000000000000000e+00 1.283023208379745483e+00 0.000000000000000000e+00
1.338047534227371216e+00 0.000000000000000000e+00 1.338047534227371216e+00 0.000000000000000000e+00
1.393072009086608887e+00 0.000000000000000000e+00 1.393072009086608887e+00 0.000000000000000000e+00
1.448096334934234619e+00 0.000000000000000000e+00 1.448096334934234619e+00 0.000000000000000000e+00
1.503120660781860352e+00 0.000000000000000000e+00 1.503120660781860352e+00 0.000000000000000000e+00
1.558144986629486084e+00 0.000000000000000000e+00 1.558144986629486084e+00 0.000000000000000000e+00
1.613169312477111816e+00 0.000000000000000000e+00 1.613169312477111816e+00 0.000000000000000000e+00
1.668193638324737549e+00 0.000000000000000000e+00 1.668193638324737549e+00 0.000000000000000000e+00
1.723217964172363281e+00 0.000000000000000000e+00 1.723217964172363281e+00 0.000000000000000000e+00
1.778242290019989014e+00 0.000000000000000000e+00 1.778242290019989014e+00 0.000000000000000000e+00
1.833266615867614746e+00 0.000000000000000000e+00 1.833266615867614746e+00 0.000000000000000000e+00
1.888290941715240479e+00 0.000000000000000000e+00 1.888290941715240479e+00 0.000000000000000000e+00
1.943315267562866211e+00 0.000000000000000000e+00 1.943315267562866211e+00 0.000000000000000000e+00
1.998339593410491943e+00 0.000000000000000000e+00 1.998339593410491943e+00 0.000000000000000000e+00
2.053363919258117676e+00 0.000000000000000000e+00 2.053363919258117676e+00 0.000000000000000000e+00
2.108388245105743408e+00 0.000000000000000000e+00 2.108388245105743408e+00 0.000000000000000000e+00
2.163412570953369141e+00 0.000000000000000000e+00 2.163412570953369141e+00 0.000000000000000000e+00
2.218436896800994873e+00 0.000000000000000000e+00 2.218436896800994873e+00 0.000000000000000000e+00
2.273461222648620605e+00 0.000000000000000000e+00 2.273461222648620605e+00 0.000000000000000000e+00
2.328485548496246338e+00 0.000000000000000000e+00 2.328485548496246338e+00 0.000000000000000000e+00
2.383510023355484009e+00 2.132888184860348701e-04 2.383510023355484009e+00 6.746927738277008757e-06
2.438534349203109741e+00 7.254290394484996796e-03 2.438534349203109741e+00 2.469375613145530224e-04
2.493558675050735474e+00 5.768408253788948059e-02 2.493558675050735474e+00 2.244028262794017792e-03
2.548583149909973145e+00 2.403948754072189331e-01 2.548583149909973145e+00 1.093811914324760437e-02
2.603607177734375000e+00 5.998281836509704590e-01 2.603607177734375000e+00 3.357811272144317627e-02
2.658631205558776855e+00 1.030402302742004395e+00 2.658631205558776855e+00 7.413119822740554810e-02
2.713655829429626465e+00 1.411137700080871582e+00 2.713655829429626465e+00 1.319915056228637695e-01
2.768680453300476074e+00 1.687000989913940430e+00 2.768680453300476074e+00 2.039960622787475586e-01
2.823704481124877930e+00 1.904840350151062012e+00 2.823704481124877930e+00 2.885620594024658203e-01
2.878729104995727539e+00 2.092378139495849609e+00 2.878729104995727539e+00 3.851092457771301270e-01
2.933753132820129395e+00 2.268551826477050781e+00 2.933753132820129395e+00 4.938251972198486328e-01
2.988777756690979004e+00 2.459264516830444336e+00 2.988777756690979004e+00 6.161429286003112793e-01
3.043801784515380859e+00 2.567287683486938477e+00 3.043801784515380859e+00 7.485783696174621582e-01
3.098826408386230469e+00 2.653008937835693359e+00 3.098826408386230469e+00 8.904284834861755371e-01
3.153850436210632324e+00 2.679930686950683594e+00 3.153850436210632324e+00 1.038851499557495117e+00
3.208875060081481934e+00 2.645941495895385742e+00 3.208875060081481934e+00 1.190550088882446289e+00
3.263899087905883789e+00 2.558415174484252930e+00 3.263899087905883789e+00 1.342303991317749023e+00
3.318923711776733398e+00 2.470076799392700195e+00 3.318923711776733398e+00 1.493799448013305664e+00
3.373947739601135254e+00 2.330901384353637695e+00 3.373947739601135254e+00 1.641538262367248535e+00
3.428972363471984863e+00 2.197498559951782227e+00 3.428972363471984863e+00 1.785401701927185059e+00
3.483996391296386719e+00 2.042939662933349609e+00 3.483996391296386719e+00 1.923473596572875977e+00
3.539021015167236328e+00 1.871531963348388672e+00 3.539021015167236328e+00 2.053987503051757812e+00
3.594045042991638184e+00 1.737648248672485352e+00 3.594045042991638184e+00 2.178962230682373047e+00
3.649069666862487793e+00 1.575489878654479980e+00 3.649069666862487793e+00 2.295770406723022461e+00
3.704093694686889648e+00 1.440113425254821777e+00 3.704093694686889648e+00 2.405785799026489258e+00
3.759118318557739258e+00 1.314295053482055664e+00 3.759118318557739258e+00 2.509194612503051758e+00
3.814142346382141113e+00 1.194184422492980957e+00 3.814142346382141113e+00 2.605923891067504883e+00
3.869166970252990723e+00 1.083859205245971680e+00 3.869166970252990723e+00 2.696267843246459961e+00
3.924190998077392578e+00 9.869645833969116211e-01 3.924190998077392578e+00 2.780891895294189453e+00
3.979215621948242188e+00 8.891927003860473633e-01 3.979215621948242188e+00 2.859285831451416016e+00
4.034239649772644043e+00 8.070869445800781250e-01 4.034239649772644043e+00 2.932422637939453125e+00
4.089264273643493652e+00 7.400335669517517090e-01 4.089264273643493652e+00 3.001324892044067383e+00
4.144288301467895508e+00 6.814016103744506836e-01 4.144288301467895508e+00 3.066486835479736328e+00
4.199312925338745117e+00 6.371901035308837891e-01 4.199312925338745117e+00 3.129049777984619141e+00
4.254336953163146973e+00 5.998255014419555664e-01 4.254336953163146973e+00 3.189497470855712891e+00
4.309361577033996582e+00 5.782256126403808594e-01 4.309361577033996582e+00 3.249285459518432617e+00
4.364385604858398438e+00 5.578520298004150391e-01 4.364385604858398438e+00 3.308449268341064453e+00
4.419410228729248047e+00 5.444077849388122559e-01 4.419410228729248047e+00 3.367652177810668945e+00
4.474434256553649902e+00 5.427100062370300293e-01 4.474434256553649902e+00 3.428149223327636719e+00
4.529458880424499512e+00 5.425000786781311035e-01 4.529458880424499512e+00 3.490119695663452148e+00
4.584483504295349121e+00 5.404214262962341309e-01 4.584483504295349121e+00 3.553361415863037109e+00
4.639507532119750977e+00 5.459635257720947266e-01 4.639507532119750977e+00 3.618794441223144531e+00
4.694532155990600586e+00 5.474361181259155273e-01 4.694532155990600586e+00 3.685969591140747070e+00
4.749556183815002441e+00 5.538640618324279785e-01 4.749556183815002441e+00 3.755535840988159180e+00
4.804580807685852051e+00 5.613026022911071777e-01 4.804580807685852051e+00 3.827679395675659180e+00
4.859604835510253906e+00 5.704193711280822754e-01 4.859604835510253906e+00 3.902683734893798828e+00
4.914629459381103516e+00 5.774945616722106934e-01 4.914629459381103516e+00 3.980347633361816406e+00
4.969653487205505371e+00 5.872890353202819824e-01 4.969653487205505371e+00 4.061107158660888672e+00
5.024678111076354980e+00 6.024032831192016602e-01 5.024678111076354980e+00 4.145790100097656250e+00
5.079702138900756836e+00 6.051223874092102051e-01 5.079702138900756836e+00 4.232727527618408203e+00
5.134726762771606445e+00 6.236004829406738281e-01 5.134726762771606445e+00 4.324271202087402344e+00
5.189750790596008301e+00 6.386823058128356934e-01 5.189750790596008301e+00 4.420050144195556641e+00
5.244774818420410156e+00 6.508579850196838379e-01 5.244774818420410156e+00 4.519733905792236328e+00
5.299799442291259766e+00 6.669323444366455078e-01 5.299799442291259766e+00 4.624035835266113281e+00
5.354824066162109375e+00 6.824336051940917969e-01 5.354824066162109375e+00 4.732989311218261719e+00
5.409848690032958984e+00 6.961864829063415527e-01 5.409848690032958984e+00 4.846433639526367188e+00
5.464872717857360840e+00 7.083284854888916016e-01 5.464872717857360840e+00 4.964217662811279297e+00
5.519896745681762695e+00 7.252581715583801270e-01 5.519896745681762695e+00 5.087255954742431641e+00
5.574921369552612305e+00 7.320498228073120117e-01 5.574921369552612305e+00 5.213936328887939453e+00
5.629945993423461914e+00 7.454861402511596680e-01 5.629945993423461914e+00 5.345499515533447266e+00
5.684970021247863770e+00 7.553041577339172363e-01 5.684970021247863770e+00 5.481414794921875000e+00
5.739994049072265625e+00 7.650611996650695801e-01 5.739994049072265625e+00 5.621762275695800781e+00
5.795018672943115234e+00 7.704938054084777832e-01 5.795018672943115234e+00 5.765830993652343750e+00
5.850043296813964844e+00 7.740049958229064941e-01 5.850043296813964844e+00 5.913316249847412109e+00
5.905067324638366699e+00 7.809935212135314941e-01 5.905067324638366699e+00 6.064946651458740234e+00
5.960091352462768555e+00 7.831344008445739746e-01 5.960091352462768555e+00 6.219838619232177734e+00
6.015115976333618164e+00 7.851910591125488281e-01 6.015115976333618164e+00 6.378018856048583984e+00
6.070140600204467773e+00 7.816959023475646973e-01 6.070140600204467773e+00 6.538387775421142578e+00
6.125164628028869629e+00 7.810373902320861816e-01 6.125164628028869629e+00 6.701541900634765625e+00
6.180188655853271484e+00 7.820152044296264648e-01 6.180188655853271484e+00 6.867846488952636719e+00
6.235213279724121094e+00 7.782635092735290527e-01 6.235213279724121094e+00 7.036315441131591797e+00
6.290237903594970703e+00 7.809212803840637207e-01 6.290237903594970703e+00 7.208354473114013672e+00
6.345261931419372559e+00 7.808167934417724609e-01 6.345261931419372559e+00 7.383394241333007812e+00
6.400285959243774414e+00 7.793843746185302734e-01 6.400285959243774414e+00 7.561154842376708984e+00
6.455310583114624023e+00 7.828679680824279785e-01 6.455310583114624023e+00 7.742795467376708984e+00
6.510335206985473633e+00 7.830965518951416016e-01 6.510335206985473633e+00 7.927597999572753906e+00
6.565359234809875488e+00 7.910925149917602539e-01 6.565359234809875488e+00 8.117458343505859375e+00
6.620383262634277344e+00 7.918761372566223145e-01 6.620383262634277344e+00 8.310704231262207031e+00
6.675407886505126953e+00 7.955228686332702637e-01 6.675407886505126953e+00 8.508081436157226562e+00
6.730432510375976562e+00 8.081296682357788086e-01 6.730432510375976562e+00 8.711903572082519531e+00
6.785456538200378418e+00 8.166563510894775391e-01 6.785456538200378418e+00 8.921260833740234375e+00
6.840480566024780273e+00 8.245285153388977051e-01 6.840480566024780273e+00 9.136075019836425781e+00
6.895505189895629883e+00 8.308578133583068848e-01 6.895505189895629883e+00 9.356038093566894531e+00
6.950529813766479492e+00 8.431319594383239746e-01 6.950529813766479492e+00 9.582822799682617188e+00
7.005553841590881348e+00 8.529618382453918457e-01 7.005553841590881348e+00 9.815902709960937500e+00
7.060577869415283203e+00 8.688859343528747559e-01 7.060577869415283203e+00 1.005707550048828125e+01
7.115602493286132812e+00 8.821169734001159668e-01 7.115602493286132812e+00 1.030575466156005859e+01
7.170627117156982422e+00 8.950765728950500488e-01 7.170627117156982422e+00 1.056200408935546875e+01
7.225651741027832031e+00 9.148780703544616699e-01 7.225651741027832031e+00 1.082795619964599609e+01
7.280675768852233887e+00 9.314345121383666992e-01 7.280675768852233887e+00 1.110286140441894531e+01
7.335699796676635742e+00 9.481351375579833984e-01 7.335699796676635742e+00 1.138694000244140625e+01
7.390724420547485352e+00 9.642961621284484863e-01 7.390724420547485352e+00 1.168021392822265625e+01
7.445749044418334961e+00 9.841715097427368164e-01 7.445749044418334961e+00 1.198400211334228516e+01
7.500773072242736816e+00 9.990297555923461914e-01 7.500773072242736816e+00 1.229695606231689453e+01
7.555797100067138672e+00 1.015538096427917480e+00 7.555797100067138672e+00 1.261976051330566406e+01
7.610821723937988281e+00 1.034255146980285645e+00 7.610821723937988281e+00 1.295332622528076172e+01
7.665846347808837891e+00 1.048266291618347168e+00 7.665846347808837891e+00 1.329631137847900391e+01
7.720870375633239746e+00 1.062981247901916504e+00 7.720870375633239746e+00 1.364912605285644531e+01
7.775894403457641602e+00 1.074483633041381836e+00 7.775894403457641602e+00 1.401085567474365234e+01
7.830919027328491211e+00 1.087520122528076172e+00 7.830919027328491211e+00 1.438217926025390625e+01
7.885943651199340820e+00 1.096431612968444824e+00 7.885943651199340820e+00 1.476181983947753906e+01
7.940967679023742676e+00 1.101222515106201172e+00 7.940967679023742676e+00 1.514846420288085938e+01
7.995991706848144531e+00 1.111918926239013672e+00 7.995991706848144531e+00 1.554428863525390625e+01
8.051016330718994141e+00 1.116422653198242188e+00 8.051016330718994141e+00 1.594721031188964844e+01
8.106040954589843750e+00 1.118171095848083496e+00 8.106040954589843750e+00 1.635628890991210938e+01
8.161064982414245605e+00 1.121209263801574707e+00 8.161064982414245605e+00 1.677207565307617188e+01
8.216089010238647461e+00 1.128382563591003418e+00 8.216089010238647461e+00 1.719617843627929688e+01
8.271113634109497070e+00 1.127992391586303711e+00 8.271113634109497070e+00 1.762583732604980469e+01
8.326138257980346680e+00 1.127408146858215332e+00 8.326138257980346680e+00 1.806099891662597656e+01
