# distance (\AA)	RDF	distance (\AA)	cdf
1.275121606886386871e-01 0.000000000000000000e+00 1.275121606886386871e-01 0.000000000000000000e+00
1.825365051627159119e-01 0.000000000000000000e+00 1.825365051627159119e-01 0.000000000000000000e+00
2.375608310103416443e-01 0.000000000000000000e+00 2.375608310103416443e-01 0.000000000000000000e+00
2.925851941108703613e-01 0.000000000000000000e+00 2.925851941108703613e-01 0.000000000000000000e+00
3.476095199584960938e-01 0.000000000000000000e+00 3.476095199584960938e-01 0.000000000000000000e+00
4.026338458061218262e-01 0.000000000000000000e+00 4.026338458061218262e-01 0.000000000000000000e+00
4.576581716537475586e-01 0.000000000000000000e+00 4.576581716537475586e-01 0.000000000000000000e+00
5.126824975013732910e-01 0.000000000000000000e+00 5.126824975013732910e-01 0.000000000000000000e+00
5.677068233489990234e-01 0.000000000000000000e+00 5.677068233489990234e-01 0.000000000000000000e+00
6.227311491966247559e-01 0.000000000000000000e+00 6.227311491966247559e-01 0.000000000000000000e+00
6.777554750442504883e-01 0.000000000000000000e+00 6.777554750442504883e-01 0.000000000000000000e+00
7.327798753976821899e-01 0.000000000000000000e+00 7.327798753976821899e-01 0.000000000000000000e+00
7.878042012453079224e-01 0.000000000000000000e+00 7.878042012453079224e-01 0.000000000000000000e+00
8.428285270929336548e-01 0.000000000000000000e+00 8.428285270929336548e-01 0.000000000000000000e+00
8.978528529405593872e-01 0.000000000000000000e+00 8.978528529405593872e-01 0.000000000000000000e+00
9.528771787881851196e-01 0.000000000000000000e+00 9.528771787881851196e-01 0.000000000000000000e+00
1.007901504635810852e+00 0.000000000000000000e+00 1.007901504635810852e+00 0.000000000000000000e+00
1.062925830483436584e+00 0.000000000000000000e+00 1.062925830483436584e+00 0.000000000000000000e+00
1.117950156331062317e+00 0.000000000000000000e+00 1.117950156331062317e+00 0.000000000000000000e+00
1.172974482178688049e+00 0.000000000000000000e+00 1.172974482178688049e+00 0.000000000000000000e+00
1.227998882532119751e+00 0.000000000000000000e+00 1.227998882532119751e+00 0.000000000000000000e+00
1.283023208379745483e+00 0.000000000000000000e+00 1.283023208379745483e+00 0.000000000000000000e+00
1.338047534227371216e+00 0.000000000000000000e+00 1.338047534227371216e+00 0.000000000000000000e+00
1.393072009086608887e+00 0.000000000000000000e+00 1.393072009086608887e+00 0.000000000000000000e+00
1.448096334934234619e+00 0.000000000000000000e+00 1.448096334934234619e+00 0.000000000000000000e+00
1.503120660781860352e+00 0.000000000000000000e+00 1.503120660781860352e+00 0.000000000000000000e+00
1.558144986629486084e+00 0.000000000000000000e+00 1.558144986629486084e+00 0.000000000000000000e+00
1.613169312477111816e+00 0.000000000000000000e+00 1.613169312477111816e+00 0.000000000000000000e+00
1.668193638324737549e+00 0.000000000000000000e+00 1.668193638324737549e+00 0.000000000000000000e+00
1.723217964172363281e+00 0.000000000000000000e+00 1.723217964172363281e+00 0.000000000000000000e+00
1.778242290019989014e+00 0.000000000000000000e+00 1.778242290019989014e+00 0.000000000000000000e+00
1.833266615867614746e+00 0.000000000000000000e+00 1.833266615867614746e+00 0.000000000000000000e+00
1.888290941715240479e+00 0.000000000000000000e+00 1.888290941715240479e+00 0.000000000000000000e+00
1.943315267562866211e+00 0.000000000000000000e+00 1.943315267562866211e+00 0.000000000000000000e+00
1.998339593410491943e+00 0.000000000000000000e+00 1.998339593410491943e+00 0.000000000000000000e+00
2.053363919258117676e+00 0.000000000000000000e+00 2.053363919258117676e+00 0.000000000000000000e+00
2.108388245105743408e+00 0.000000000000000000e+00 2.108388245105743408e+00 0.000000000000000000e+00
2.163412570953369141e+00 0.000000000000000000e+00 2.163412570953369141e+00 0.000000000000000000e+00
2.218436896800994873e+00 0.000000000000000000e+00 2.218436896800994873e+00 0.000000000000000000e+00
2.273461222648620605e+00 0.000000000000000000e+00 2.273461222648620605e+00 0.000000000000000000e+00
2.328485548496246338e+00 0.000000000000000000e+00 2.328485548496246338e+00 0.000000000000000000e+00
2.383510023355484009e+00 0.000000000000000000e+00 2.383510023355484009e+00 0.000000000000000000e+00
2.438534349203109741e+00 0.000000000000000000e+00 2.438534349203109741e+00 0.000000000000000000e+00
2.493558675050735474e+00 0.000000000000000000e+00 2.493558675050735474e+00 0.000000000000000000e+00
2.548583149909973145e+00 0.000000000000000000e+00 2.548583149909973145e+00 0.000000000000000000e+00
2.603607177734375000e+00 0.000000000000000000e+00 2.603607177734375000e+00 0.000000000000000000e+00
2.658631205558776855e+00 9.551148832542821765e-05 2.658631205558776855e+00 3.759002765946206637e-06
2.713655829429626465e+00 3.667088167276233435e-04 2.713655829429626465e+00 1.879501360235735774e-05
2.768680453300476074e+00 6.164900260046124458e-04 2.768680453300476074e+00 4.510803410084918141e-05
2.823704481124877930e+00 1.608752063475549221e-03 2.823704481124877930e+00 1.165290887001901865e-04
2.878729104995727539e+00 4.480597563087940216e-03 2.878729104995727539e+00 3.232742310501635075e-04
2.933753132820129395e+00 8.824308402836322784e-03 2.933753132820129395e+00 7.461620261892676353e-04
2.988777756690979004e+00 1.655131578445434570e-02 2.988777756690979004e+00 1.569383544847369194e-03
3.043801784515380859e+00 2.954838797450065613e-02 3.043801784515380859e+00 3.093659179285168648e-03
3.098826408386230469e+00 5.082998797297477722e-02 3.098826408386230469e+00 5.811418406665325165e-03
3.153850436210632324e+00 7.798572629690170288e-02 3.153850436210632324e+00 1.013051252812147141e-02
3.208875060081481934e+00 1.137550845742225647e-01 3.208875060081481934e+00 1.665238291025161743e-02
3.263899087905883789e+00 1.545665711164474487e-01 3.263899087905883789e+00 2.582059055566787720e-02
3.318923711776733398e+00 2.084749191999435425e-01 3.318923711776733398e+00 3.860683739185333252e-02
3.373947739601135254e+00 2.661969959735870361e-01 3.373947739601135254e+00 5.547912046313285828e-02
3.428972363471984863e+00 3.328543901443481445e-01 3.428972363471984863e+00 7.727006077766418457e-02
3.483996391296386719e+00 4.054346680641174316e-01 3.483996391296386719e+00 1.046713143587112427e-01
3.539021015167236328e+00 4.822972416877746582e-01 3.539021015167236328e+00 1.383049935102462769e-01
3.594045042991638184e+00 5.721207857131958008e-01 3.594045042991638184e+00 1.794529259204864502e-01
3.649069666862487793e+00 6.625328660011291504e-01 3.649069666862487793e+00 2.285736948251724243e-01
3.704093694686889648e+00 7.486900687217712402e-01 3.704093694686889648e+00 2.857688069343566895e-01
3.759118318557739258e+00 8.429323434829711914e-01 3.759118318557739258e+00 3.520907759666442871e-01
3.814142346382141113e+00 9.417886137962341309e-01 3.814142346382141113e+00 4.283759891986846924e-01
3.869166970252990723e+00 1.019954681396484375e+00 3.869166970252990723e+00 5.133933424949645996e-01
3.924190998077392578e+00 1.105188131332397461e+00 3.924190998077392578e+00 6.081540584564208984e-01
3.979215621948242188e+00 1.193813681602478027e+00 3.979215621948242188e+00 7.134042382240295410e-01
4.034239649772644043e+00 1.267186164855957031e+00 4.034239649772644043e+00 8.282342553138732910e-01
4.089264273643493652e+00 1.338099956512451172e+00 4.089264273643493652e+00 9.528207778930664062e-01
4.144288301467895508e+00 1.381897330284118652e+00 4.144288301467895508e+00 1.084970355033874512e+00
4.199312925338745117e+00 1.416819453239440918e+00 4.199312925338745117e+00 1.224081635475158691e+00
4.254336953163146973e+00 1.453274011611938477e+00 4.254336953163146973e+00 1.370536088943481445e+00
4.309361577033996582e+00 1.452375411987304688e+00 4.309361577033996582e+00 1.520710110664367676e+00
4.364385604858398438e+00 1.462430596351623535e+00 4.364385604858398438e+00 1.675810337066650391e+00
4.419410228729248047e+00 1.468068122863769531e+00 4.419410228729248047e+00 1.835458993911743164e+00
4.474434256553649902e+00 1.460157036781311035e+00 4.474434256553649902e+00 1.998225688934326172e+00
4.529458880424499512e+00 1.465131282806396484e+00 4.529458880424499512e+00 2.165589570999145508e+00
4.584483504295349121e+00 1.475249052047729492e+00 4.584483504295349121e+00 2.338227510452270508e+00
4.639507532119750977e+00 1.491588354110717773e+00 4.639507532119750977e+00 2.516992568969726562e+00
4.694532155990600586e+00 1.518812537193298340e+00 4.694532155990600586e+00 2.703363895416259766e+00
4.749556183815002441e+00 1.537565231323242188e+00 4.749556183815002441e+00 2.896484613418579102e+00
4.804580807685852051e+00 1.585461258888244629e+00 4.804580807685852051e+00 3.100261926651000977e+00
4.859604835510253906e+00 1.612996459007263184e+00 4.859604835510253906e+00 3.312354326248168945e+00
4.914629459381103516e+00 1.648188114166259766e+00 4.914629459381103516e+00 3.534009456634521484e+00
4.969653487205505371e+00 1.686713814735412598e+00 4.969653487205505371e+00 3.765953063964843750e+00
5.024678111076354980e+00 1.725413560867309570e+00 5.024678111076354980e+00 4.008502960205078125e+00
5.079702138900756836e+00 1.740944147109985352e+00 5.079702138900756836e+00 4.258623123168945312e+00
5.134726762771606445e+00 1.753842830657958984e+00 5.134726762771606445e+00 4.516084671020507812e+00
5.189750790596008301e+00 1.771528959274291992e+00 5.189750790596008301e+00 4.781748294830322266e+00
5.244774818420410156e+00 1.762999415397644043e+00 5.244774818420410156e+00 5.051764965057373047e+00
5.299799442291259766e+00 1.741236567497253418e+00 5.299799442291259766e+00 5.324078559875488281e+00
5.354824066162109375e+00 1.728800892829895020e+00 5.354824066162109375e+00 5.600089073181152344e+00
5.409848690032958984e+00 1.712661385536193848e+00 5.409848690032958984e+00 5.879168510437011719e+00
5.464872717857360840e+00 1.664189577102661133e+00 5.464872717857360840e+00 6.155897140502929688e+00
5.519896745681762695e+00 1.634075880050659180e+00 5.519896745681762695e+00 6.433114051818847656e+00
5.574921369552612305e+00 1.586199879646301270e+00 5.574921369552612305e+00 6.707603931427001953e+00
5.629945993423461914e+00 1.531965732574462891e+00 5.629945993423461914e+00 6.977964401245117188e+00
5.684970021247863770e+00 1.491021156311035156e+00 5.684970021247863770e+00 7.246270656585693359e+00
5.739994049072265625e+00 1.435212731361389160e+00 5.739994049072265625e+00 7.509554862976074219e+00
5.795018672943115234e+00 1.398654341697692871e+00 5.795018672943115234e+00 7.771078109741210938e+00
5.850043296813964844e+00 1.350216984748840332e+00 5.850043296813964844e+00 8.028359413146972656e+00
5.905067324638366699e+00 1.310621857643127441e+00 5.905067324638366699e+00 8.282817840576171875e+00
5.960091352462768555e+00 1.268686294555664062e+00 5.960091352462768555e+00 8.533744812011718750e+00
6.015115976333618164e+00 1.233650445938110352e+00 6.015115976333618164e+00 8.782269477844238281e+00
6.070140600204467773e+00 1.200211286544799805e+00 6.070140600204467773e+00 9.028499603271484375e+00
6.125164628028869629e+00 1.164900302886962891e+00 6.125164628028869629e+00 9.271840095520019531e+00
6.180188655853271484e+00 1.140403151512145996e+00 6.180188655853271484e+00 9.514359474182128906e+00
6.235213279724121094e+00 1.107561588287353516e+00 6.235213279724121094e+00 9.754110336303710938e+00
6.290237903594970703e+00 1.094012379646301270e+00 6.290237903594970703e+00 9.995124816894531250e+00
6.345261931419372559e+00 1.065449118614196777e+00 6.345261931419372559e+00 1.023397159576416016e+01
6.400285959243774414e+00 1.050305604934692383e+00 6.400285959243774414e+00 1.047352313995361328e+01
6.455310583114624023e+00 1.028105378150939941e+00 6.455310583114624023e+00 1.071206378936767578e+01
6.510335206985473633e+00 1.010246038436889648e+00 6.510335206985473633e+00 1.095047092437744141e+01
6.565359234809875488e+00 9.897340536117553711e-01 6.565359234809875488e+00 1.118800449371337891e+01
6.620383262634277344e+00 9.759682416915893555e-01 6.620383262634277344e+00 1.142617511749267578e+01
6.675407886505126953e+00 9.658923149108886719e-01 6.675407886505126953e+00 1.166582298278808594e+01
6.730432510375976562e+00 9.517914056777954102e-01 6.730432510375976562e+00 1.190587806701660156e+01
6.785456538200378418e+00 9.416900277137756348e-01 6.785456538200378418e+00 1.214728832244873047e+01
6.840480566024780273e+00 9.358420968055725098e-01 6.840480566024780273e+00 1.239110279083251953e+01
6.895505189895629883e+00 9.271122813224792480e-01 6.895505189895629883e+00 1.263654899597167969e+01
6.950529813766479492e+00 9.201107621192932129e-01 6.950529813766479492e+00 1.288403987884521484e+01
7.005553841590881348e+00 9.177283644676208496e-01 7.005553841590881348e+00 1.313481807708740234e+01
7.060577869415283203e+00 9.127566814422607422e-01 7.060577869415283203e+00 1.338816738128662109e+01
7.115602493286132812e+00 9.089641571044921875e-01 7.115602493286132812e+00 1.364441490173339844e+01
7.170627117156982422e+00 9.021286964416503906e-01 7.170627117156982422e+00 1.390268325805664062e+01
7.225651741027832031e+00 9.025640487670898438e-01 7.225651741027832031e+00 1.416505622863769531e+01
7.280675768852233887e+00 8.952307105064392090e-01 7.280675768852233887e+00 1.442927646636962891e+01
7.335699796676635742e+00 8.922316431999206543e-01 7.335699796676635742e+00 1.469660568237304688e+01
7.390724420547485352e+00 8.917430043220520020e-01 7.390724420547485352e+00 1.496781349182128906e+01
7.445749044418334961e+00 8.801571130752563477e-01 7.445749044418334961e+00 1.523949527740478516e+01
7.500773072242736816e+00 8.842276930809020996e-01 7.500773072242736816e+00 1.551648712158203125e+01
7.555797100067138672e+00 8.786320090293884277e-01 7.555797100067138672e+00 1.579577350616455078e+01
7.610821723937988281e+00 8.821678757667541504e-01 7.610821723937988281e+00 1.608028793334960938e+01
7.665846347808837891e+00 8.754819035530090332e-01 7.665846347808837891e+00 1.636673927307128906e+01
7.720870375633239746e+00 8.738573193550109863e-01 7.720870375633239746e+00 1.665678215026855469e+01
7.775894403457641602e+00 8.774331808090209961e-01 7.775894403457641602e+00 1.695217323303222656e+01
7.830919027328491211e+00 8.712116479873657227e-01 7.830919027328491211e+00 1.724963951110839844e+01
7.885943651199340820e+00 8.682422637939453125e-01 7.885943651199340820e+00 1.755027008056640625e+01
7.940967679023742676e+00 8.712670207023620605e-01 7.940967679023742676e+00 1.785617637634277344e+01
7.995991706848144531e+00 8.634983301162719727e-01 7.995991706848144531e+00 1.816356658935546875e+01
8.051016330718994141e+00 8.682786822319030762e-01 8.051016330718994141e+00 1.847693252563476562e+01
8.106040954589843750e+00 8.628180623054504395e-01 8.106040954589843750e+00 1.879259109497070312e+01
8.161064982414245605e+00 8.647205829620361328e-01 8.161064982414245605e+00 1.911326217651367188e+01
8.216089010238647461e+00 8.650860190391540527e-01 8.216089010238647461e+00 1.943840408325195312e+01
8.271113634109497070e+00 8.543477654457092285e-01 8.271113634109497070e+00 1.976383018493652344e+01
8.326138257980346680e+00 8.572770953178405762e-01 8.326138257980346680e+00 2.009472656250000000e+01
