# distance (\AA)	RDF	distance (\AA)	cdf
1.275121606886386871e-01 0.000000000000000000e+00 1.275121606886386871e-01 0.000000000000000000e+00
1.825365051627159119e-01 0.000000000000000000e+00 1.825365051627159119e-01 0.000000000000000000e+00
2.375608310103416443e-01 0.000000000000000000e+00 2.375608310103416443e-01 0.000000000000000000e+00
2.925851941108703613e-01 0.000000000000000000e+00 2.925851941108703613e-01 0.000000000000000000e+00
3.476095199584960938e-01 0.000000000000000000e+00 3.476095199584960938e-01 0.000000000000000000e+00
4.026338458061218262e-01 0.000000000000000000e+00 4.026338458061218262e-01 0.000000000000000000e+00
4.576581716537475586e-01 0.000000000000000000e+00 4.576581716537475586e-01 0.000000000000000000e+00
5.126824975013732910e-01 0.000000000000000000e+00 5.126824975013732910e-01 0.000000000000000000e+00
5.677068233489990234e-01 0.000000000000000000e+00 5.677068233489990234e-01 0.000000000000000000e+00
6.227311491966247559e-01 0.000000000000000000e+00 6.227311491966247559e-01 0.000000000000000000e+00
6.777554750442504883e-01 0.000000000000000000e+00 6.777554750442504883e-01 0.000000000000000000e+00
7.327798753976821899e-01 0.000000000000000000e+00 7.327798753976821899e-01 0.000000000000000000e+00
7.878042012453079224e-01 0.000000000000000000e+00 7.878042012453079224e-01 0.000000000000000000e+00
8.428285270929336548e-01 0.000000000000000000e+00 8.428285270929336548e-01 0.000000000000000000e+00
8.978528529405593872e-01 0.000000000000000000e+00 8.978528529405593872e-01 0.000000000000000000e+00
9.528771787881851196e-01 0.000000000000000000e+00 9.528771787881851196e-01 0.000000000000000000e+00
1.007901504635810852e+00 0.000000000000000000e+00 1.007901504635810852e+00 0.000000000000000000e+00
1.062925830483436584e+00 0.000000000000000000e+00 1.062925830483436584e+00 0.000000000000000000e+00
1.117950156331062317e+00 0.000000000000000000e+00 1.117950156331062317e+00 0.000000000000000000e+00
1.172974482178688049e+00 0.000000000000000000e+00 1.172974482178688049e+00 0.000000000000000000e+00
1.227998882532119751e+00 0.000000000000000000e+00 1.227998882532119751e+00 0.000000000000000000e+00
1.283023208379745483e+00 0.000000000000000000e+00 1.283023208379745483e+00 0.000000000000000000e+00
1.338047534227371216e+00 0.000000000000000000e+00 1.338047534227371216e+00 0.000000000000000000e+00
1.393072009086608887e+00 0.000000000000000000e+00 1.393072009086608887e+00 0.000000000000000000e+00
1.448096334934234619e+00 0.000000000000000000e+00 1.448096334934234619e+00 0.000000000000000000e+00
1.503120660781860352e+00 0.000000000000000000e+00 1.503120660781860352e+00 0.000000000000000000e+00
1.558144986629486084e+00 0.000000000000000000e+00 1.558144986629486084e+00 0.000000000000000000e+00
1.613169312477111816e+00 0.000000000000000000e+00 1.613169312477111816e+00 0.000000000000000000e+00
1.668193638324737549e+00 0.000000000000000000e+00 1.668193638324737549e+00 0.000000000000000000e+00
1.723217964172363281e+00 0.000000000000000000e+00 1.723217964172363281e+00 0.000000000000000000e+00
1.778242290019989014e+00 0.000000000000000000e+00 1.778242290019989014e+00 0.000000000000000000e+00
1.833266615867614746e+00 0.000000000000000000e+00 1.833266615867614746e+00 0.000000000000000000e+00
1.888290941715240479e+00 0.000000000000000000e+00 1.888290941715240479e+00 0.000000000000000000e+00
1.943315267562866211e+00 0.000000000000000000e+00 1.943315267562866211e+00 0.000000000000000000e+00
1.998339593410491943e+00 0.000000000000000000e+00 1.998339593410491943e+00 0.000000000000000000e+00
2.053363919258117676e+00 0.000000000000000000e+00 2.053363919258117676e+00 0.000000000000000000e+00
2.108388245105743408e+00 0.000000000000000000e+00 2.108388245105743408e+00 0.000000000000000000e+00
2.163412570953369141e+00 0.000000000000000000e+00 2.163412570953369141e+00 0.000000000000000000e+00
2.218436896800994873e+00 0.000000000000000000e+00 2.218436896800994873e+00 0.000000000000000000e+00
2.273461222648620605e+00 0.000000000000000000e+00 2.273461222648620605e+00 0.000000000000000000e+00
2.328485548496246338e+00 0.000000000000000000e+00 2.328485548496246338e+00 0.000000000000000000e+00
2.383510023355484009e+00 0.000000000000000000e+00 2.383510023355484009e+00 0.000000000000000000e+00
2.438534349203109741e+00 0.000000000000000000e+00 2.438534349203109741e+00 0.000000000000000000e+00
2.493558675050735474e+00 0.000000000000000000e+00 2.493558675050735474e+00 0.000000000000000000e+00
2.548583149909973145e+00 0.000000000000000000e+00 2.548583149909973145e+00 0.000000000000000000e+00
2.603607177734375000e+00 0.000000000000000000e+00 2.603607177734375000e+00 0.000000000000000000e+00
2.658631205558776855e+00 0.000000000000000000e+00 2.658631205558776855e+00 0.000000000000000000e+00
2.713655829429626465e+00 0.000000000000000000e+00 2.713655829429626465e+00 0.000000000000000000e+00
2.768680453300476074e+00 0.000000000000000000e+00 2.768680453300476074e+00 0.000000000000000000e+00
2.823704481124877930e+00 0.000000000000000000e+00 2.823704481124877930e+00 0.000000000000000000e+00
2.878729104995727539e+00 0.000000000000000000e+00 2.878729104995727539e+00 0.000000000000000000e+00
2.933753132820129395e+00 0.000000000000000000e+00 2.933753132820129395e+00 0.000000000000000000e+00
2.988777756690979004e+00 0.000000000000000000e+00 2.988777756690979004e+00 0.000000000000000000e+00
3.043801784515380859e+00 0.000000000000000000e+00 3.043801784515380859e+00 0.000000000000000000e+00
3.098826408386230469e+00 0.000000000000000000e+00 3.098826408386230469e+00 0.000000000000000000e+00
3.153850436210632324e+00 0.000000000000000000e+00 3.153850436210632324e+00 0.000000000000000000e+00
3.208875060081481934e+00 0.000000000000000000e+00 3.208875060081481934e+00 0.000000000000000000e+00
3.263899087905883789e+00 0.000000000000000000e+00 3.263899087905883789e+00 0.000000000000000000e+00
3.318923711776733398e+00 0.000000000000000000e+00 3.318923711776733398e+00 0.000000000000000000e+00
3.373947739601135254e+00 0.000000000000000000e+00 3.373947739601135254e+00 0.000000000000000000e+00
3.428972363471984863e+00 0.000000000000000000e+00 3.428972363471984863e+00 0.000000000000000000e+00
3.483996391296386719e+00 0.000000000000000000e+00 3.483996391296386719e+00 0.000000000000000000e+00
3.539021015167236328e+00 0.000000000000000000e+00 3.539021015167236328e+00 0.000000000000000000e+00
3.594045042991638184e+00 0.000000000000000000e+00 3.594045042991638184e+00 0.000000000000000000e+00
3.649069666862487793e+00 0.000000000000000000e+00 3.649069666862487793e+00 0.000000000000000000e+00
3.704093694686889648e+00 0.000000000000000000e+00 3.704093694686889648e+00 0.000000000000000000e+00
3.759118318557739258e+00 1.330897357547655702e-04 3.759118318557739258e+00 3.759002765946206637e-06
3.814142346382141113e+00 0.000000000000000000e+00 3.814142346382141113e+00 3.759002765946206637e-06
3.869166970252990723e+00 0.000000000000000000e+00 3.869166970252990723e+00 3.759002765946206637e-06
3.924190998077392578e+00 2.442570985294878483e-04 3.924190998077392578e+00 1.127700852521229535e-05
3.979215621948242188e+00 3.563232021406292915e-04 3.979215621948242188e+00 2.255401705042459071e-05
4.034239649772644043e+00 5.777822807431221008e-04 4.034239649772644043e+00 4.134903065278194845e-05
4.089264273643493652e+00 1.237141783349215984e-03 4.089264273643493652e+00 8.269806130556389689e-05
4.144288301467895508e+00 2.190025057643651962e-03 4.144288301467895508e+00 1.578781229909509420e-04
4.199312925338745117e+00 1.919702044688165188e-03 4.199312925338745117e+00 2.255401632282882929e-04
4.254336953163146973e+00 4.156367853283882141e-03 4.254336953163146973e+00 3.759002720471471548e-04
4.309361577033996582e+00 6.582738365978002548e-03 4.309361577033996582e+00 6.202354561537504196e-04
4.364385604858398438e+00 8.491229265928268433e-03 4.364385604858398438e+00 9.435096872039139271e-04
4.419410228729248047e+00 1.357717439532279968e-02 4.419410228729248047e+00 1.473529031500220299e-03
4.474434256553649902e+00 1.653316058218479156e-02 4.474434256553649902e+00 2.135113580152392387e-03
4.529458880424499512e+00 2.016724273562431335e-02 4.529458880424499512e+00 2.962094265967607498e-03
4.584483504295349121e+00 2.603943459689617157e-02 4.584483504295349121e+00 4.055963829159736633e-03
4.639507532119750977e+00 3.459958359599113464e-02 4.639507532119750977e+00 5.544528830796480179e-03
4.694532155990600586e+00 4.403357207775115967e-02 4.694532155990600586e+00 7.484174333512783051e-03
4.749556183815002441e+00 5.644204095005989075e-02 4.749556183815002441e+00 1.002901978790760040e-02
4.804580807685852051e+00 7.487284392118453979e-02 4.804580807685852051e+00 1.348354294896125793e-02
4.859604835510253906e+00 8.903472870588302612e-02 4.859604835510253906e+00 1.768610812723636627e-02
4.914629459381103516e+00 1.163291558623313904e-01 4.914629459381103516e+00 2.330205775797367096e-02
4.969653487205505371e+00 1.363841146230697632e-01 4.969653487205505371e+00 3.003443218767642975e-02
5.024678111076354980e+00 1.641028970479965210e-01 5.024678111076354980e+00 3.831551596522331238e-02
5.079702138900756836e+00 1.981045901775360107e-01 5.079702138900756836e+00 4.853248596191406250e-02
5.134726762771606445e+00 2.457404285669326782e-01 5.134726762771606445e+00 6.148225069046020508e-02
5.189750790596008301e+00 2.860823869705200195e-01 5.189750790596008301e+00 7.688288390636444092e-02
5.244774818420410156e+00 3.458195924758911133e-01 5.244774818420410156e+00 9.589591622352600098e-02
5.299799442291259766e+00 3.855401575565338135e-01 5.299799442291259766e+00 1.175402551889419556e-01
5.354824066162109375e+00 4.468554556369781494e-01 5.354824066162109375e+00 1.431503444910049438e-01
5.409848690032958984e+00 4.938515424728393555e-01 5.409848690032958984e+00 1.720382869243621826e-01
5.464872717857360840e+00 5.530338883399963379e-01 5.464872717857360840e+00 2.050498425960540771e-01
5.519896745681762695e+00 6.023747920989990234e-01 5.519896745681762695e+00 2.417339533567428589e-01
5.574921369552612305e+00 6.586114168167114258e-01 5.574921369552612305e+00 2.826469540596008301e-01
5.629945993423461914e+00 7.093562483787536621e-01 5.629945993423461914e+00 3.275858163833618164e-01
5.684970021247863770e+00 7.455538511276245117e-01 5.684970021247863770e+00 3.757461607456207275e-01
5.739994049072265625e+00 7.969813346862792969e-01 5.739994049072265625e+00 4.282293617725372314e-01
5.795018672943115234e+00 8.381931185722351074e-01 5.795018672943115234e+00 4.844903647899627686e-01
5.850043296813964844e+00 8.578975796699523926e-01 5.850043296813964844e+00 5.431721806526184082e-01
5.905067324638366699e+00 9.100441932678222656e-01 5.905067324638366699e+00 6.065978407859802246e-01
5.960091352462768555e+00 9.379029870033264160e-01 5.960091352462768555e+00 6.731885671615600586e-01
6.015115976333618164e+00 9.667404294013977051e-01 6.015115976333618164e+00 7.431004047393798828e-01
6.070140600204467773e+00 1.008714675903320312e+00 6.070140600204467773e+00 8.173877000808715820e-01
6.125164628028869629e+00 1.035549998283386230e+00 6.125164628028869629e+00 8.950411677360534668e-01
6.180188655853271484e+00 1.050640583038330078e+00 6.180188655853271484e+00 9.752470254898071289e-01
6.235213279724121094e+00 1.094763398170471191e+00 6.235213279724121094e+00 1.060317039489746094e+00
6.290237903594970703e+00 1.125470161437988281e+00 6.290237903594970703e+00 1.149322748184204102e+00
6.345261931419372559e+00 1.153162121772766113e+00 6.345261931419372559e+00 1.242121219635009766e+00
6.400285959243774414e+00 1.189072608947753906e+00 6.400285959243774414e+00 1.339475631713867188e+00
6.455310583114624023e+00 1.223437666893005371e+00 6.455310583114624023e+00 1.441374659538269043e+00
6.510335206985473633e+00 1.241240620613098145e+00 6.510335206985473633e+00 1.546525239944458008e+00
6.565359234809875488e+00 1.283211708068847656e+00 6.565359234809875488e+00 1.657077550888061523e+00
6.620383262634277344e+00 1.308021187782287598e+00 6.620383262634277344e+00 1.771663188934326172e+00
6.675407886505126953e+00 1.312894225120544434e+00 6.675407886505126953e+00 1.888596415519714355e+00
6.730432510375976562e+00 1.327318310737609863e+00 6.730432510375976562e+00 2.008769750595092773e+00
6.785456538200378418e+00 1.340396046638488770e+00 6.785456538200378418e+00 2.132121324539184570e+00
6.840480566024780273e+00 1.352097988128662109e+00 6.840480566024780273e+00 2.258574247360229492e+00
6.895505189895629883e+00 1.366140604019165039e+00 6.895505189895629883e+00 2.388406515121459961e+00
6.950529813766479492e+00 1.380865454673767090e+00 6.950529813766479492e+00 2.521738290786743164e+00
7.005553841590881348e+00 1.379814386367797852e+00 7.005553841590881348e+00 2.657088756561279297e+00
7.060577869415283203e+00 1.379350066184997559e+00 7.060577869415283203e+00 2.794525384902954102e+00
7.115602493286132812e+00 1.379849910736083984e+00 7.115602493286132812e+00 2.934164762496948242e+00
7.170627117156982422e+00 1.381876468658447266e+00 7.170627117156982422e+00 3.076179981231689453e+00
7.225651741027832031e+00 1.386092782020568848e+00 7.225651741027832031e+00 3.220822572708129883e+00
7.280675768852233887e+00 1.370184421539306641e+00 7.280675768852233887e+00 3.365991592407226562e+00
7.335699796676635742e+00 1.365616083145141602e+00 7.335699796676635742e+00 3.512870788574218750e+00
7.390724420547485352e+00 1.353953123092651367e+00 7.390724420547485352e+00 3.660689830780029297e+00
7.445749044418334961e+00 1.340036869049072266e+00 7.445749044418334961e+00 3.809174299240112305e+00
7.500773072242736816e+00 1.339215159416198730e+00 7.500773072242736816e+00 3.959771156311035156e+00
7.555797100067138672e+00 1.331698060035705566e+00 7.555797100067138672e+00 4.111724853515625000e+00
7.610821723937988281e+00 1.314595341682434082e+00 7.610821723937988281e+00 4.263923168182373047e+00
7.665846347808837891e+00 1.317257881164550781e+00 7.665846347808837891e+00 4.418640136718750000e+00
7.720870375633239746e+00 1.306229472160339355e+00 7.720870375633239746e+00 4.574274063110351562e+00
7.775894403457641602e+00 1.299115180969238281e+00 7.775894403457641602e+00 4.731272697448730469e+00
7.830919027328491211e+00 1.268623113632202148e+00 7.830919027328491211e+00 4.886765956878662109e+00
7.885943651199340820e+00 1.263214468955993652e+00 7.885943651199340820e+00 5.043777465820312500e+00
7.940967679023742676e+00 1.251435041427612305e+00 7.940967679023742676e+00 5.201505184173583984e+00
7.995991706848144531e+00 1.249964237213134766e+00 7.995991706848144531e+00 5.361236572265625000e+00
8.051016330718994141e+00 1.243103146553039551e+00 8.051016330718994141e+00 5.522287368774414062e+00
8.106040954589843750e+00 1.221617817878723145e+00 8.106040954589843750e+00 5.682721614837646484e+00
8.161064982414245605e+00 1.210552692413330078e+00 8.161064982414245605e+00 5.843872070312500000e+00
8.216089010238647461e+00 1.198143124580383301e+00 8.216089010238647461e+00 6.005526065826416016e+00
8.271113634109497070e+00 1.184836626052856445e+00 8.271113634109497070e+00 6.167535305023193359e+00
8.326138257980346680e+00 1.181211948394775391e+00 8.326138257980346680e+00 6.331202507019042969e+00
