# distance (\AA)	RDF	distance (\AA)	cdf
1.249899994581937790e-01 0.000000000000000000e+00 1.249899994581937790e-01 0.000000000000000000e+00
1.749699935317039490e-01 0.000000000000000000e+00 1.749699935317039490e-01 0.000000000000000000e+00
2.249499782919883728e-01 0.000000000000000000e+00 2.249499782919883728e-01 0.000000000000000000e+00
2.749300003051757812e-01 0.000000000000000000e+00 2.749300003051757812e-01 0.000000000000000000e+00
3.249099850654602051e-01 0.000000000000000000e+00 3.249099850654602051e-01 0.000000000000000000e+00
3.748899698257446289e-01 0.000000000000000000e+00 3.748899698257446289e-01 0.000000000000000000e+00
4.248699918389320374e-01 0.000000000000000000e+00 4.248699918389320374e-01 0.000000000000000000e+00
4.748500138521194458e-01 0.000000000000000000e+00 4.748500138521194458e-01 0.000000000000000000e+00
5.248299986124038696e-01 0.000000000000000000e+00 5.248299986124038696e-01 0.000000000000000000e+00
5.748099833726882935e-01 0.000000000000000000e+00 5.748099833726882935e-01 0.000000000000000000e+00
6.247899681329727173e-01 0.000000000000000000e+00 6.247899681329727173e-01 0.000000000000000000e+00
6.747699528932571411e-01 0.000000000000000000e+00 6.747699528932571411e-01 0.000000000000000000e+00
7.247499376535415649e-01 0.000000000000000000e+00 7.247499376535415649e-01 0.000000000000000000e+00
7.747299969196319580e-01 0.000000000000000000e+00 7.747299969196319580e-01 0.000000000000000000e+00
8.247099816799163818e-01 0.000000000000000000e+00 8.247099816799163818e-01 0.000000000000000000e+00
8.746899664402008057e-01 0.000000000000000000e+00 8.746899664402008057e-01 0.000000000000000000e+00
9.246699512004852295e-01 0.000000000000000000e+00 9.246699512004852295e-01 0.000000000000000000e+00
9.746499359607696533e-01 0.000000000000000000e+00 9.746499359607696533e-01 0.000000000000000000e+00
1.024629920721054077e+00 0.000000000000000000e+00 1.024629920721054077e+00 0.000000000000000000e+00
1.074609979987144470e+00 0.000000000000000000e+00 1.074609979987144470e+00 0.000000000000000000e+00
1.124589964747428894e+00 0.000000000000000000e+00 1.124589964747428894e+00 0.000000000000000000e+00
1.174569949507713318e+00 0.000000000000000000e+00 1.174569949507713318e+00 0.000000000000000000e+00
1.224549934267997742e+00 0.000000000000000000e+00 1.224549934267997742e+00 0.000000000000000000e+00
1.274529993534088135e+00 0.000000000000000000e+00 1.274529993534088135e+00 0.000000000000000000e+00
1.324509978294372559e+00 0.000000000000000000e+00 1.324509978294372559e+00 0.000000000000000000e+00
1.374489963054656982e+00 0.000000000000000000e+00 1.374489963054656982e+00 0.000000000000000000e+00
1.424469947814941406e+00 0.000000000000000000e+00 1.424469947814941406e+00 0.000000000000000000e+00
1.474450081586837769e+00 0.000000000000000000e+00 1.474450081586837769e+00 0.000000000000000000e+00
1.524430066347122192e+00 0.000000000000000000e+00 1.524430066347122192e+00 0.000000000000000000e+00
1.574410051107406616e+00 0.000000000000000000e+00 1.574410051107406616e+00 0.000000000000000000e+00
1.624390035867691040e+00 0.000000000000000000e+00 1.624390035867691040e+00 0.000000000000000000e+00
1.674370020627975464e+00 0.000000000000000000e+00 1.674370020627975464e+00 0.000000000000000000e+00
1.724350005388259888e+00 0.000000000000000000e+00 1.724350005388259888e+00 0.000000000000000000e+00
1.774329990148544312e+00 0.000000000000000000e+00 1.774329990148544312e+00 0.000000000000000000e+00
1.824309974908828735e+00 0.000000000000000000e+00 1.824309974908828735e+00 0.000000000000000000e+00
1.874289959669113159e+00 0.000000000000000000e+00 1.874289959669113159e+00 0.000000000000000000e+00
1.924269944429397583e+00 0.000000000000000000e+00 1.924269944429397583e+00 0.000000000000000000e+00
1.974250078201293945e+00 0.000000000000000000e+00 1.974250078201293945e+00 0.000000000000000000e+00
2.024230062961578369e+00 0.000000000000000000e+00 2.024230062961578369e+00 0.000000000000000000e+00
2.074210047721862793e+00 0.000000000000000000e+00 2.074210047721862793e+00 0.000000000000000000e+00
2.124190032482147217e+00 0.000000000000000000e+00 2.124190032482147217e+00 0.000000000000000000e+00
2.174170017242431641e+00 0.000000000000000000e+00 2.174170017242431641e+00 0.000000000000000000e+00
2.224150002002716064e+00 0.000000000000000000e+00 2.224150002002716064e+00 0.000000000000000000e+00
2.274129986763000488e+00 0.000000000000000000e+00 2.274129986763000488e+00 0.000000000000000000e+00
2.324109971523284912e+00 0.000000000000000000e+00 2.324109971523284912e+00 0.000000000000000000e+00
2.374089956283569336e+00 0.000000000000000000e+00 2.374089956283569336e+00 0.000000000000000000e+00
2.424069941043853760e+00 0.000000000000000000e+00 2.424069941043853760e+00 0.000000000000000000e+00
2.474049925804138184e+00 0.000000000000000000e+00 2.474049925804138184e+00 0.000000000000000000e+00
2.524029910564422607e+00 0.000000000000000000e+00 2.524029910564422607e+00 0.000000000000000000e+00
2.574009895324707031e+00 0.000000000000000000e+00 2.574009895324707031e+00 0.000000000000000000e+00
2.623989880084991455e+00 0.000000000000000000e+00 2.623989880084991455e+00 0.000000000000000000e+00
2.673969864845275879e+00 0.000000000000000000e+00 2.673969864845275879e+00 0.000000000000000000e+00
2.723949551582336426e+00 0.000000000000000000e+00 2.723949551582336426e+00 0.000000000000000000e+00
2.773929834365844727e+00 0.000000000000000000e+00 2.773929834365844727e+00 0.000000000000000000e+00
2.823910117149353027e+00 0.000000000000000000e+00 2.823910117149353027e+00 0.000000000000000000e+00
2.873889803886413574e+00 0.000000000000000000e+00 2.873889803886413574e+00 0.000000000000000000e+00
2.923870086669921875e+00 0.000000000000000000e+00 2.923870086669921875e+00 0.000000000000000000e+00
2.973849773406982422e+00 0.000000000000000000e+00 2.973849773406982422e+00 0.000000000000000000e+00
3.023830056190490723e+00 0.000000000000000000e+00 3.023830056190490723e+00 0.000000000000000000e+00
3.073809742927551270e+00 0.000000000000000000e+00 3.073809742927551270e+00 0.000000000000000000e+00
3.123790025711059570e+00 0.000000000000000000e+00 3.123790025711059570e+00 0.000000000000000000e+00
3.173769712448120117e+00 0.000000000000000000e+00 3.173769712448120117e+00 0.000000000000000000e+00
3.223749995231628418e+00 0.000000000000000000e+00 3.223749995231628418e+00 0.000000000000000000e+00
3.273729681968688965e+00 0.000000000000000000e+00 3.273729681968688965e+00 0.000000000000000000e+00
3.323709964752197266e+00 0.000000000000000000e+00 3.323709964752197266e+00 0.000000000000000000e+00
3.373689651489257812e+00 0.000000000000000000e+00 3.373689651489257812e+00 0.000000000000000000e+00
3.423669934272766113e+00 0.000000000000000000e+00 3.423669934272766113e+00 0.000000000000000000e+00
3.473649621009826660e+00 7.469996489817276597e-05 3.473649621009826660e+00 2.777777808660175651e-06
3.523629903793334961e+00 2.903830900322645903e-04 3.523629903793334961e+00 1.388888904330087826e-05
3.573609590530395508e+00 5.646341014653444290e-04 3.573609590530395508e+00 3.611111242207698524e-05
3.623589873313903809e+00 1.784790074452757835e-03 3.623589873313903809e+00 1.083333336282521486e-04
3.673569560050964355e+00 4.408191423863172531e-03 3.673569560050964355e+00 2.916666562668979168e-04
3.723549842834472656e+00 9.881483390927314758e-03 3.723549842834472656e+00 7.138889050111174583e-04
3.773529529571533203e+00 2.183816581964492798e-02 3.773529529571533203e+00 1.672222279012203217e-03
3.823509812355041504e+00 4.167840629816055298e-02 3.823509812355041504e+00 3.550000023096799850e-03
3.873490095138549805e+00 7.761606574058532715e-02 3.873490095138549805e+00 7.138889282941818237e-03
3.923469781875610352e+00 1.352584958076477051e-01 3.923469781875610352e+00 1.355555653572082520e-02
3.973450064659118652e+00 2.291577160358428955e-01 3.973450064659118652e+00 2.470555528998374939e-02
4.023429751396179199e+00 3.595268726348876953e-01 4.023429751396179199e+00 4.264166578650474548e-02
4.073410034179687500e+00 5.030794143676757812e-01 4.073410034179687500e+00 6.836666166782379150e-02
4.123389720916748047e+00 7.002498507499694824e-01 4.123389720916748047e+00 1.050583273172378540e-01
4.173370003700256348e+00 8.957107663154602051e-01 4.173370003700256348e+00 1.531361043453216553e-01
4.223349690437316895e+00 1.107645988464355469e+00 4.223349690437316895e+00 2.140222191810607910e-01
4.273329973220825195e+00 1.328578829765319824e+00 4.273329973220825195e+00 2.887916564941406250e-01
4.323309659957885742e+00 1.515868186950683594e+00 4.323309659957885742e+00 3.761083185672760010e-01
4.373289942741394043e+00 1.684210896492004395e+00 4.373289942741394043e+00 4.753777682781219482e-01
4.423269629478454590e+00 1.799216747283935547e+00 4.423269629478454590e+00 5.838638544082641602e-01
4.473249912261962891e+00 1.942121028900146484e+00 4.473249912261962891e+00 7.036277651786804199e-01
4.523229598999023438e+00 2.015308856964111328e+00 4.523229598999023438e+00 8.306971788406372070e-01
4.573209881782531738e+00 2.084110975265502930e+00 4.573209881782531738e+00 9.650249481201171875e-01
4.623189568519592285e+00 2.133118629455566406e+00 4.623189568519592285e+00 1.105533242225646973e+00
4.673169851303100586e+00 2.153285026550292969e+00 4.673169851303100586e+00 1.250452637672424316e+00
4.723149538040161133e+00 2.167021989822387695e+00 4.723149538040161133e+00 1.399433135986328125e+00
4.773129820823669434e+00 2.155627727508544922e+00 4.773129820823669434e+00 1.550783157348632812e+00
4.823109507560729980e+00 2.143340349197387695e+00 4.823109507560729980e+00 1.704438686370849609e+00
4.873089790344238281e+00 2.108338117599487305e+00 4.873089790344238281e+00 1.858733177185058594e+00
4.923069775104522705e+00 2.080569744110107422e+00 4.923069775104522705e+00 2.014135837554931641e+00
4.973049759864807129e+00 2.050429821014404297e+00 4.973049759864807129e+00 2.170412302017211914e+00
5.023030042648315430e+00 2.034801721572875977e+00 5.023030042648315430e+00 2.328630447387695312e+00
5.073009729385375977e+00 2.063000440597534180e+00 5.073009729385375977e+00 2.492249965667724609e+00
5.122990012168884277e+00 2.152373075485229492e+00 5.122990012168884277e+00 2.666336059570312500e+00
5.172969698905944824e+00 2.277539253234863281e+00 5.172969698905944824e+00 2.854156970977783203e+00
5.222949981689453125e+00 2.340224981307983398e+00 5.222949981689453125e+00 3.050897359848022461e+00
5.272929668426513672e+00 2.304302453994750977e+00 5.272929668426513672e+00 3.248341798782348633e+00
5.322909355163574219e+00 2.120994329452514648e+00 5.322909355163574219e+00 3.433541774749755859e+00
5.372889637947082520e+00 1.879192829132080078e+00 5.372889637947082520e+00 3.600722312927246094e+00
5.422869920730590820e+00 1.640068650245666504e+00 5.422869920730590820e+00 3.749358415603637695e+00
5.472849607467651367e+00 1.419428348541259766e+00 5.472849607467651367e+00 3.880380630493164062e+00
5.522829890251159668e+00 1.285211801528930664e+00 5.522829890251159668e+00 4.001188755035400391e+00
5.572810173034667969e+00 1.168240785598754883e+00 5.572810173034667969e+00 4.112999916076660156e+00
5.622789859771728516e+00 1.097684860229492188e+00 5.622789859771728516e+00 4.219949722290039062e+00
5.672769546508789062e+00 1.024039745330810547e+00 5.672769546508789062e+00 4.321506500244140625e+00
5.722749829292297363e+00 9.585267305374145508e-01 5.722749829292297363e+00 4.418248176574707031e+00
5.772730112075805664e+00 9.146478772163391113e-01 5.772730112075805664e+00 4.512181282043457031e+00
5.822709798812866211e+00 8.795777559280395508e-01 5.822709798812866211e+00 4.604082584381103516e+00
5.872689485549926758e+00 8.433701395988464355e-01 5.872689485549926758e+00 4.693721294403076172e+00
5.922669768333435059e+00 8.092144727706909180e-01 5.922669768333435059e+00 4.781198978424072266e+00
5.972650051116943359e+00 7.961768507957458496e-01 5.972650051116943359e+00 4.868726730346679688e+00
6.022629737854003906e+00 7.757666707038879395e-01 6.022629737854003906e+00 4.955443382263183594e+00
6.072609424591064453e+00 7.654607892036437988e-01 6.072609424591064453e+00 5.042435169219970703e+00
6.122589707374572754e+00 7.566077113151550293e-01 6.122589707374572754e+00 5.129840850830078125e+00
6.172569990158081055e+00 7.533834576606750488e-01 6.172569990158081055e+00 5.218301773071289062e+00
6.222549676895141602e+00 7.320057153701782227e-01 6.222549676895141602e+00 5.305648803710937500e+00
6.272529363632202148e+00 7.244572639465332031e-01 6.272529363632202148e+00 5.393490314483642578e+00
6.322509646415710449e+00 7.268109917640686035e-01 6.322509646415710449e+00 5.483026504516601562e+00
6.372489929199218750e+00 7.142892479896545410e-01 6.372489929199218750e+00 5.572418212890625000e+00
6.422469615936279297e+00 7.055868506431579590e-01 6.422469615936279297e+00 5.662109851837158203e+00
6.472449302673339844e+00 7.023799419403076172e-01 6.472449302673339844e+00 5.752790451049804688e+00
6.522430181503295898e+00 6.896706819534301758e-01 6.522430181503295898e+00 5.843209743499755859e+00
6.572409868240356445e+00 6.826042532920837402e-01 6.572409868240356445e+00 5.934079170227050781e+00
6.622389554977416992e+00 6.731380820274353027e-01 6.622389554977416992e+00 6.025056838989257812e+00
6.672369837760925293e+00 6.727549433708190918e-01 6.672369837760925293e+00 6.117359638214111328e+00
6.722350120544433594e+00 6.741093993186950684e-01 6.722350120544433594e+00 6.211240291595458984e+00
6.772329807281494141e+00 6.677994728088378906e-01 6.772329807281494141e+00 6.305629253387451172e+00
6.822309494018554688e+00 6.664676666259765625e-01 6.822309494018554688e+00 6.401226520538330078e+00
6.872289776802062988e+00 6.670840382575988770e-01 6.872289776802062988e+00 6.498318195343017578e+00
6.922270059585571289e+00 6.642326712608337402e-01 6.922270059585571289e+00 6.596406936645507812e+00
6.972249746322631836e+00 6.620200276374816895e-01 6.972249746322631836e+00 6.695584774017333984e+00
7.022229433059692383e+00 6.707909703254699707e-01 7.022229433059692383e+00 6.797523498535156250e+00
7.072209715843200684e+00 6.732277870178222656e-01 7.072209715843200684e+00 6.901292800903320312e+00
7.122189998626708984e+00 6.754946708679199219e-01 7.122189998626708984e+00 7.006889820098876953e+00
7.172169685363769531e+00 6.886909604072570801e-01 7.172169685363769531e+00 7.116065025329589844e+00
7.222149372100830078e+00 6.938543319702148438e-01 7.222149372100830078e+00 7.227598190307617188e+00
7.272129654884338379e+00 6.982528567314147949e-01 7.272129654884338379e+00 7.341395378112792969e+00
7.322109937667846680e+00 7.125818729400634766e-01 7.322109937667846680e+00 7.459131717681884766e+00
7.372089624404907227e+00 7.245042920112609863e-01 7.372089624404907227e+00 7.580476284027099609e+00
7.422069311141967773e+00 7.350586652755737305e-01 7.422069311141967773e+00 7.705265045166015625e+00
7.472049593925476074e+00 7.421398758888244629e-01 7.472049593925476074e+00 7.832956790924072266e+00
7.522029876708984375e+00 7.608003616333007812e-01 7.522029876708984375e+00 7.965618133544921875e+00
7.572009563446044922e+00 7.723760604858398438e-01 7.572009563446044922e+00 8.102092742919921875e+00
