# distance (\AA)	RDF	distance (\AA)	cdf
1.249899994581937790e-01 0.000000000000000000e+00 1.249899994581937790e-01 0.000000000000000000e+00
1.749699935317039490e-01 0.000000000000000000e+00 1.749699935317039490e-01 0.000000000000000000e+00
2.249499782919883728e-01 0.000000000000000000e+00 2.249499782919883728e-01 0.000000000000000000e+00
2.749300003051757812e-01 0.000000000000000000e+00 2.749300003051757812e-01 0.000000000000000000e+00
3.249099850654602051e-01 0.000000000000000000e+00 3.249099850654602051e-01 0.000000000000000000e+00
3.748899698257446289e-01 0.000000000000000000e+00 3.748899698257446289e-01 0.000000000000000000e+00
4.248699918389320374e-01 0.000000000000000000e+00 4.248699918389320374e-01 0.000000000000000000e+00
4.748500138521194458e-01 0.000000000000000000e+00 4.748500138521194458e-01 0.000000000000000000e+00
5.248299986124038696e-01 0.000000000000000000e+00 5.248299986124038696e-01 0.000000000000000000e+00
5.748099833726882935e-01 0.000000000000000000e+00 5.748099833726882935e-01 0.000000000000000000e+00
6.247899681329727173e-01 0.000000000000000000e+00 6.247899681329727173e-01 0.000000000000000000e+00
6.747699528932571411e-01 0.000000000000000000e+00 6.747699528932571411e-01 0.000000000000000000e+00
7.247499376535415649e-01 0.000000000000000000e+00 7.247499376535415649e-01 0.000000000000000000e+00
7.747299969196319580e-01 0.000000000000000000e+00 7.747299969196319580e-01 0.000000000000000000e+00
8.247099816799163818e-01 0.000000000000000000e+00 8.247099816799163818e-01 0.000000000000000000e+00
8.746899664402008057e-01 0.000000000000000000e+00 8.746899664402008057e-01 0.000000000000000000e+00
9.246699512004852295e-01 0.000000000000000000e+00 9.246699512004852295e-01 0.000000000000000000e+00
9.746499359607696533e-01 0.000000000000000000e+00 9.746499359607696533e-01 0.000000000000000000e+00
1.024629920721054077e+00 0.000000000000000000e+00 1.024629920721054077e+00 0.000000000000000000e+00
1.074609979987144470e+00 0.000000000000000000e+00 1.074609979987144470e+00 0.000000000000000000e+00
1.124589964747428894e+00 0.000000000000000000e+00 1.124589964747428894e+00 0.000000000000000000e+00
1.174569949507713318e+00 0.000000000000000000e+00 1.174569949507713318e+00 0.000000000000000000e+00
1.224549934267997742e+00 0.000000000000000000e+00 1.224549934267997742e+00 0.000000000000000000e+00
1.274529993534088135e+00 0.000000000000000000e+00 1.274529993534088135e+00 0.000000000000000000e+00
1.324509978294372559e+00 0.000000000000000000e+00 1.324509978294372559e+00 0.000000000000000000e+00
1.374489963054656982e+00 0.000000000000000000e+00 1.374489963054656982e+00 0.000000000000000000e+00
1.424469947814941406e+00 0.000000000000000000e+00 1.424469947814941406e+00 0.000000000000000000e+00
1.474450081586837769e+00 0.000000000000000000e+00 1.474450081586837769e+00 0.000000000000000000e+00
1.524430066347122192e+00 0.000000000000000000e+00 1.524430066347122192e+00 0.000000000000000000e+00
1.574410051107406616e+00 0.000000000000000000e+00 1.574410051107406616e+00 0.000000000000000000e+00
1.624390035867691040e+00 0.000000000000000000e+00 1.624390035867691040e+00 0.000000000000000000e+00
1.674370020627975464e+00 0.000000000000000000e+00 1.674370020627975464e+00 0.000000000000000000e+00
1.724350005388259888e+00 0.000000000000000000e+00 1.724350005388259888e+00 0.000000000000000000e+00
1.774329990148544312e+00 0.000000000000000000e+00 1.774329990148544312e+00 0.000000000000000000e+00
1.824309974908828735e+00 5.416324129328131676e-04 1.824309974908828735e+00 1.111111123464070261e-05
1.874289959669113159e+00 1.180205959826707840e-02 1.874289959669113159e+00 2.666666696313768625e-04
1.924269944429397583e+00 1.673459559679031372e-01 1.924269944429397583e+00 4.086111206561326981e-03
1.974250078201293945e+00 8.131687045097351074e-01 1.974250078201293945e+00 2.362222224473953247e-02
2.024230062961578369e+00 2.073737859725952148e+00 2.024230062961578369e+00 7.599721848964691162e-02
2.074210047721862793e+00 3.405859470367431641e+00 2.074210047721862793e+00 1.663166582584381104e-01
2.124190032482147217e+00 4.114699840545654297e+00 2.124190032482147217e+00 2.807555496692657471e-01
2.174170017242431641e+00 4.046591758728027344e+00 2.174170017242431641e+00 3.986583352088928223e-01
2.224150002002716064e+00 3.541002511978149414e+00 2.224150002002716064e+00 5.066277980804443359e-01
2.274129986763000488e+00 2.870237827301025391e+00 2.274129986763000488e+00 5.981222391128540039e-01
2.324109971523284912e+00 2.205641984939575195e+00 2.324109971523284912e+00 6.715555787086486816e-01
2.374089956283569336e+00 1.702371716499328613e+00 2.374089956283569336e+00 7.306972742080688477e-01
2.424069941043853760e+00 1.295367836952209473e+00 2.424069941043853760e+00 7.776139378547668457e-01
2.474049925804138184e+00 9.935238361358642578e-01 2.474049925804138184e+00 8.150972723960876465e-01
2.524029910564422607e+00 7.948331236839294434e-01 2.524029910564422607e+00 8.463084101676940918e-01
2.574009895324707031e+00 6.297948360443115234e-01 2.574009895324707031e+00 8.720278739929199219e-01
2.623989880084991455e+00 5.384221076965332031e-01 2.623989880084991455e+00 8.948778510093688965e-01
2.673969864845275879e+00 4.553880393505096436e-01 2.673969864845275879e+00 9.149472713470458984e-01
2.723949551582336426e+00 3.978322446346282959e-01 2.723949551582336426e+00 9.331417083740234375e-01
2.773929834365844727e+00 3.593757152557373047e-01 2.773929834365844727e+00 9.501861333847045898e-01
2.823910117149353027e+00 3.248422443866729736e-01 2.823910117149353027e+00 9.661527872085571289e-01
2.873889803886413574e+00 3.099321126937866211e-01 2.873889803886413574e+00 9.819305539131164551e-01
2.923870086669921875e+00 2.925213873386383057e-01 2.923870086669921875e+00 9.973444342613220215e-01
2.973849773406982422e+00 2.904658615589141846e-01 2.973849773406982422e+00 1.013177752494812012e+00
3.023830056190490723e+00 2.884353995323181152e-01 3.023830056190490723e+00 1.029433250427246094e+00
3.073809742927551270e+00 2.907707095146179199e-01 3.073809742927551270e+00 1.046366572380065918e+00
3.123790025711059570e+00 3.006149530410766602e-01 3.123790025711059570e+00 1.064447164535522461e+00
3.173769712448120117e+00 3.233898580074310303e-01 3.173769712448120117e+00 1.084524989128112793e+00
3.223749995231628418e+00 3.296600282192230225e-01 3.223749995231628418e+00 1.105641603469848633e+00
3.273729681968688965e+00 3.542780578136444092e-01 3.273729681968688965e+00 1.129044413566589355e+00
3.323709964752197266e+00 3.809914290904998779e-01 3.323709964752197266e+00 1.154986023902893066e+00
3.373689651489257812e+00 4.249051511287689209e-01 3.373689651489257812e+00 1.184794306755065918e+00
3.423669934272766113e+00 4.690687060356140137e-01 3.423669934272766113e+00 1.218683242797851562e+00
3.473649621009826660e+00 5.228250622749328613e-01 3.473649621009826660e+00 1.257566571235656738e+00
3.523629903793334961e+00 5.801490545272827148e-01 3.523629903793334961e+00 1.301963806152343750e+00
3.573609590530395508e+00 6.461178660392761230e-01 3.573609590530395508e+00 1.352822184562683105e+00
3.623589873313903809e+00 7.093853950500488281e-01 3.623589873313903809e+00 1.410233259201049805e+00
3.673569560050964355e+00 7.787804603576660156e-01 3.673569560050964355e+00 1.475010991096496582e+00
3.723549842834472656e+00 8.728209733963012695e-01 3.723549842834472656e+00 1.549599885940551758e+00
3.773529529571533203e+00 9.543278813362121582e-01 3.773529529571533203e+00 1.633358240127563477e+00
3.823509812355041504e+00 1.023802876472473145e+00 3.823509812355041504e+00 1.725610971450805664e+00
3.873490095138549805e+00 1.113628387451171875e+00 3.873490095138549805e+00 1.828597068786621094e+00
3.923469781875610352e+00 1.191826462745666504e+00 3.923469781875610352e+00 1.941677570343017578e+00
3.973450064659118652e+00 1.272270679473876953e+00 3.973450064659118652e+00 2.065485954284667969e+00
4.023429751396179199e+00 1.322932958602905273e+00 4.023429751396179199e+00 2.197483062744140625e+00
4.073410034179687500e+00 1.379625082015991211e+00 4.073410034179687500e+00 2.338577508926391602e+00
4.123389720916748047e+00 1.442857146263122559e+00 4.123389720916748047e+00 2.489783048629760742e+00
4.173370003700256348e+00 1.487590074539184570e+00 4.173370003700256348e+00 2.649477481842041016e+00
4.223349690437316895e+00 1.509362816810607910e+00 4.223349690437316895e+00 2.815413475036621094e+00
4.273329973220825195e+00 1.540572881698608398e+00 4.273329973220825195e+00 2.988813400268554688e+00
4.323309659957885742e+00 1.563006997108459473e+00 4.323309659957885742e+00 3.168877363204956055e+00
4.373289942741394043e+00 1.573413133621215820e+00 4.373289942741394043e+00 3.354355096817016602e+00
4.423269629478454590e+00 1.595131993293762207e+00 4.423269629478454590e+00 3.546716213226318359e+00
4.473249912261962891e+00 1.610746502876281738e+00 4.473249912261962891e+00 3.745374441146850586e+00
4.523229598999023438e+00 1.603083491325378418e+00 4.523229598999023438e+00 3.947530031204223633e+00
4.573209881782531738e+00 1.582951188087463379e+00 4.573209881782531738e+00 4.151582717895507812e+00
4.623189568519592285e+00 1.536783218383789062e+00 4.623189568519592285e+00 4.354038238525390625e+00
4.673169851303100586e+00 1.467400431632995605e+00 4.673169851303100586e+00 4.551554679870605469e+00
4.723149538040161133e+00 1.405798554420471191e+00 4.723149538040161133e+00 4.744849205017089844e+00
4.773129820823669434e+00 1.339265704154968262e+00 4.773129820823669434e+00 4.932913303375244141e+00
4.823109507560729980e+00 1.267324090003967285e+00 4.823109507560729980e+00 5.114621639251708984e+00
4.873089790344238281e+00 1.195557475090026855e+00 4.873089790344238281e+00 5.289610385894775391e+00
4.923069775104522705e+00 1.128833293914794922e+00 4.923069775104522705e+00 5.458240985870361328e+00
4.973049759864807129e+00 1.077687978744506836e+00 4.973049759864807129e+00 5.622516155242919922e+00
5.023030042648315430e+00 1.028805851936340332e+00 5.023030042648315430e+00 5.782507896423339844e+00
5.073009729385375977e+00 9.840957522392272949e-01 5.073009729385375977e+00 5.938607692718505859e+00
5.122990012168884277e+00 9.475682377815246582e-01 5.122990012168884277e+00 6.091888427734375000e+00
5.172969698905944824e+00 9.167689085006713867e-01 5.172969698905944824e+00 6.243093967437744141e+00
5.222949981689453125e+00 8.947516679763793945e-01 5.222949981689453125e+00 6.393535614013671875e+00
5.272929668426513672e+00 8.736119866371154785e-01 5.272929668426513672e+00 6.543246746063232422e+00
5.322909355163574219e+00 8.671893477439880371e-01 5.322909355163574219e+00 6.694688320159912109e+00
5.372889637947082520e+00 8.635200858116149902e-01 5.372889637947082520e+00 6.848332881927490234e+00
5.422869920730590820e+00 8.519259691238403320e-01 5.422869920730590820e+00 7.002749443054199219e+00
5.472849607467651367e+00 8.578169941902160645e-01 5.472849607467651367e+00 7.161113262176513672e+00
5.522829890251159668e+00 8.568670153617858887e-01 5.522829890251159668e+00 7.322202205657958984e+00
5.572810173034667969e+00 8.623800873756408691e-01 5.572810173034667969e+00 7.487277030944824219e+00
5.622789859771728516e+00 8.743675351142883301e-01 5.622789859771728516e+00 7.657660484313964844e+00
5.672769546508789062e+00 8.795109391212463379e-01 5.672769546508789062e+00 7.832107543945312500e+00
5.722749829292297363e+00 9.043349027633666992e-01 5.722749829292297363e+00 8.014652252197265625e+00
5.772730112075805664e+00 9.168522357940673828e-01 5.772730112075805664e+00 8.202971458435058594e+00
5.822709798812866211e+00 9.376145005226135254e-01 5.822709798812866211e+00 8.398901939392089844e+00
5.872689485549926758e+00 9.536852240562438965e-01 5.872689485549926758e+00 8.601629257202148438e+00
5.922669768333435059e+00 9.765588641166687012e-01 5.922669768333435059e+00 8.812765121459960938e+00
5.972650051116943359e+00 9.994659423828125000e-01 5.972650051116943359e+00 9.032517433166503906e+00
6.022629737854003906e+00 1.016152977943420410e+00 6.022629737854003906e+00 9.259692192077636719e+00
6.072609424591064453e+00 1.036233067512512207e+00 6.072609424591064453e+00 9.495220184326171875e+00
6.122589707374572754e+00 1.056800603866577148e+00 6.122589707374572754e+00 9.739389419555664062e+00
6.172569990158081055e+00 1.084310531616210938e+00 6.172569990158081055e+00 9.994025230407714844e+00
6.222549676895141602e+00 1.099009633064270020e+00 6.222549676895141602e+00 1.025630569458007812e+01
6.272529363632202148e+00 1.117968440055847168e+00 6.272529363632202148e+00 1.052741718292236328e+01
6.322509646415710449e+00 1.125787019729614258e+00 6.322509646415710449e+00 1.080478954315185547e+01
6.372489929199218750e+00 1.130009055137634277e+00 6.372489929199218750e+00 1.108762550354003906e+01
6.422469615936279297e+00 1.136862635612487793e+00 6.422469615936279297e+00 1.137665367126464844e+01
6.472449302673339844e+00 1.146517872810363770e+00 6.472449302673339844e+00 1.167269515991210938e+01
6.522430181503295898e+00 1.146883964538574219e+00 6.522430181503295898e+00 1.197342014312744141e+01
6.572409868240356445e+00 1.140362024307250977e+00 6.572409868240356445e+00 1.227703380584716797e+01
6.622389554977416992e+00 1.133813858032226562e+00 6.622389554977416992e+00 1.258351421356201172e+01
6.672369837760925293e+00 1.121821761131286621e+00 6.672369837760925293e+00 1.289134502410888672e+01
6.722350120544433594e+00 1.118193507194519043e+00 6.722350120544433594e+00 1.320279788970947266e+01
6.772329807281494141e+00 1.103805065155029297e+00 6.772329807281494141e+00 1.351482868194580078e+01
6.822309494018554688e+00 1.094031453132629395e+00 6.822309494018554688e+00 1.382868194580078125e+01
6.872289776802062988e+00 1.079591035842895508e+00 6.872289776802062988e+00 1.414294338226318359e+01
6.922270059585571289e+00 1.072107911109924316e+00 6.922270059585571289e+00 1.445958518981933594e+01
6.972249746322631836e+00 1.055126905441284180e+00 6.972249746322631836e+00 1.477572441101074219e+01
7.022229433059692383e+00 1.035222053527832031e+00 7.022229433059692383e+00 1.509036636352539062e+01
7.072209715843200684e+00 1.031098008155822754e+00 7.072209715843200684e+00 1.540822792053222656e+01
7.122189998626708984e+00 1.017177820205688477e+00 7.122189998626708984e+00 1.572624969482421875e+01
7.172169685363769531e+00 1.008005380630493164e+00 7.172169685363769531e+00 1.604583930969238281e+01
7.222149372100830078e+00 9.948234558105468750e-01 7.222149372100830078e+00 1.636566352844238281e+01
7.272129654884338379e+00 9.884061217308044434e-01 7.272129654884338379e+00 1.668783378601074219e+01
7.322109937667846680e+00 9.650747179985046387e-01 7.322109937667846680e+00 1.700674247741699219e+01
7.372089624404907227e+00 9.657762646675109863e-01 7.372089624404907227e+00 1.733025169372558594e+01
7.422069311141967773e+00 9.490935802459716797e-01 7.422069311141967773e+00 1.765250205993652344e+01
7.472049593925476074e+00 9.456394910812377930e-01 7.472049593925476074e+00 1.797791290283203125e+01
7.522029876708984375e+00 9.377862215042114258e-01 7.522029876708984375e+00 1.830495643615722656e+01
7.572009563446044922e+00 9.316665530204772949e-01 7.572009563446044922e+00 1.863419723510742188e+01
