# distance (\AA)	RDF	distance (\AA)	cdf
1.249899994581937790e-01 0.000000000000000000e+00 1.249899994581937790e-01 0.000000000000000000e+00
1.749699935317039490e-01 0.000000000000000000e+00 1.749699935317039490e-01 0.000000000000000000e+00
2.249499782919883728e-01 0.000000000000000000e+00 2.249499782919883728e-01 0.000000000000000000e+00
2.749300003051757812e-01 0.000000000000000000e+00 2.749300003051757812e-01 0.000000000000000000e+00
3.249099850654602051e-01 0.000000000000000000e+00 3.249099850654602051e-01 0.000000000000000000e+00
3.748899698257446289e-01 0.000000000000000000e+00 3.748899698257446289e-01 0.000000000000000000e+00
4.248699918389320374e-01 0.000000000000000000e+00 4.248699918389320374e-01 0.000000000000000000e+00
4.748500138521194458e-01 0.000000000000000000e+00 4.748500138521194458e-01 0.000000000000000000e+00
5.248299986124038696e-01 0.000000000000000000e+00 5.248299986124038696e-01 0.000000000000000000e+00
5.748099833726882935e-01 0.000000000000000000e+00 5.748099833726882935e-01 0.000000000000000000e+00
6.247899681329727173e-01 0.000000000000000000e+00 6.247899681329727173e-01 0.000000000000000000e+00
6.747699528932571411e-01 0.000000000000000000e+00 6.747699528932571411e-01 0.000000000000000000e+00
7.247499376535415649e-01 0.000000000000000000e+00 7.247499376535415649e-01 0.000000000000000000e+00
7.747299969196319580e-01 0.000000000000000000e+00 7.747299969196319580e-01 0.000000000000000000e+00
8.247099816799163818e-01 0.000000000000000000e+00 8.247099816799163818e-01 0.000000000000000000e+00
8.746899664402008057e-01 0.000000000000000000e+00 8.746899664402008057e-01 0.000000000000000000e+00
9.246699512004852295e-01 0.000000000000000000e+00 9.246699512004852295e-01 0.000000000000000000e+00
9.746499359607696533e-01 0.000000000000000000e+00 9.746499359607696533e-01 0.000000000000000000e+00
1.024629920721054077e+00 0.000000000000000000e+00 1.024629920721054077e+00 0.000000000000000000e+00
1.074609979987144470e+00 0.000000000000000000e+00 1.074609979987144470e+00 0.000000000000000000e+00
1.124589964747428894e+00 0.000000000000000000e+00 1.124589964747428894e+00 0.000000000000000000e+00
1.174569949507713318e+00 0.000000000000000000e+00 1.174569949507713318e+00 0.000000000000000000e+00
1.224549934267997742e+00 0.000000000000000000e+00 1.224549934267997742e+00 0.000000000000000000e+00
1.274529993534088135e+00 0.000000000000000000e+00 1.274529993534088135e+00 0.000000000000000000e+00
1.324509978294372559e+00 0.000000000000000000e+00 1.324509978294372559e+00 0.000000000000000000e+00
1.374489963054656982e+00 0.000000000000000000e+00 1.374489963054656982e+00 0.000000000000000000e+00
1.424469947814941406e+00 0.000000000000000000e+00 1.424469947814941406e+00 0.000000000000000000e+00
1.474450081586837769e+00 0.000000000000000000e+00 1.474450081586837769e+00 0.000000000000000000e+00
1.524430066347122192e+00 0.000000000000000000e+00 1.524430066347122192e+00 0.000000000000000000e+00
1.574410051107406616e+00 0.000000000000000000e+00 1.574410051107406616e+00 0.000000000000000000e+00
1.624390035867691040e+00 0.000000000000000000e+00 1.624390035867691040e+00 0.000000000000000000e+00
1.674370020627975464e+00 0.000000000000000000e+00 1.674370020627975464e+00 0.000000000000000000e+00
1.724350005388259888e+00 0.000000000000000000e+00 1.724350005388259888e+00 0.000000000000000000e+00
1.774329990148544312e+00 0.000000000000000000e+00 1.774329990148544312e+00 0.000000000000000000e+00
1.824309974908828735e+00 4.874692240264266729e-04 1.824309974908828735e+00 1.388888904330087826e-05
1.874289959669113159e+00 3.038773871958255768e-02 1.874289959669113159e+00 9.277777862735092640e-04
1.924269944429397583e+00 6.564246416091918945e-01 1.924269944429397583e+00 2.173611149191856384e-02
1.974250078201293945e+00 4.075394153594970703e+00 1.974250078201293945e+00 1.577222347259521484e-01
2.024230062961578369e+00 1.090000247955322266e+01 2.024230062961578369e+00 5.400750041007995605e-01
2.074210047721862793e+00 1.629875373840332031e+01 2.074210047721862793e+00 1.140386104583740234e+00
2.124190032482147217e+00 1.652705955505371094e+01 2.124190032482147217e+00 1.778794527053833008e+00
2.174170017242431641e+00 1.308833980560302734e+01 2.174170017242431641e+00 2.308441638946533203e+00
2.224150002002716064e+00 8.970258712768554688e+00 2.224150002002716064e+00 2.688322067260742188e+00
2.274129986763000488e+00 5.748980998992919922e+00 2.274129986763000488e+00 2.942849874496459961e+00
2.324109971523284912e+00 3.601434230804443359e+00 2.324109971523284912e+00 3.109383106231689453e+00
2.374089956283569336e+00 2.280089378356933594e+00 2.374089956283569336e+00 3.219399690628051758e+00
2.424069941043853760e+00 1.496018886566162109e+00 2.424069941043853760e+00 3.294655323028564453e+00
2.474049925804138184e+00 1.011088371276855469e+00 2.474049925804138184e+00 3.347635984420776367e+00
2.524029910564422607e+00 7.129560708999633789e-01 2.524029910564422607e+00 3.386519432067871094e+00
2.574009895324707031e+00 5.471889376640319824e-01 2.574009895324707031e+00 3.417555570602416992e+00
2.623989880084991455e+00 4.272502958774566650e-01 2.623989880084991455e+00 3.442739009857177734e+00
2.673969864845275879e+00 3.496624231338500977e-01 2.673969864845275879e+00 3.464141845703125000e+00
2.723949551582336426e+00 2.978968322277069092e-01 2.723949551582336426e+00 3.483064174652099609e+00
2.773929834365844727e+00 2.758712470531463623e-01 2.773929834365844727e+00 3.501236438751220703e+00
2.823910117149353027e+00 2.549231946468353271e-01 2.823910117149353027e+00 3.518639326095581055e+00
2.873889803886413574e+00 2.416553944349288940e-01 2.873889803886413574e+00 3.535725355148315430e+00
2.923870086669921875e+00 2.447374761104583740e-01 2.923870086669921875e+00 3.553636550903320312e+00
2.973849773406982422e+00 2.517330050468444824e-01 2.973849773406982422e+00 3.572694778442382812e+00
3.023830056190490723e+00 2.633535563945770264e-01 3.023830056190490723e+00 3.593308687210083008e+00
3.073809742927551270e+00 2.785217165946960449e-01 3.073809742927551270e+00 3.615836381912231445e+00
3.123790025711059570e+00 3.014370501041412354e-01 3.123790025711059570e+00 3.641016960144042969e+00
3.173769712448120117e+00 3.383406400680541992e-01 3.173769712448120117e+00 3.670192003250122070e+00
3.223749995231628418e+00 3.816042840480804443e-01 3.223749995231628418e+00 3.704142093658447266e+00
3.273729681968688965e+00 4.171507656574249268e-01 3.273729681968688965e+00 3.742414236068725586e+00
3.323709964752197266e+00 4.830966889858245850e-01 3.323709964752197266e+00 3.788100242614746094e+00
3.373689651489257812e+00 5.393076539039611816e-01 3.373689651489257812e+00 3.840647459030151367e+00
3.423669934272766113e+00 6.076362729072570801e-01 3.423669934272766113e+00 3.901619672775268555e+00
3.473649621009826660e+00 6.924687027931213379e-01 3.473649621009826660e+00 3.973147392272949219e+00
3.523629903793334961e+00 7.763247489929199219e-01 3.523629903793334961e+00 4.055661201477050781e+00
3.573609590530395508e+00 8.568266630172729492e-01 3.573609590530395508e+00 4.149333477020263672e+00
3.623589873313903809e+00 9.569660425186157227e-01 3.623589873313903809e+00 4.256900310516357422e+00
3.673569560050964355e+00 1.048179864883422852e+00 3.673569560050964355e+00 4.377992153167724609e+00
3.723549842834472656e+00 1.134508728981018066e+00 3.723549842834472656e+00 4.512647628784179688e+00
3.773529529571533203e+00 1.226727724075317383e+00 3.773529529571533203e+00 4.662183761596679688e+00
3.823509812355041504e+00 1.306144595146179199e+00 3.823509812355041504e+00 4.825647830963134766e+00
3.873490095138549805e+00 1.385973095893859863e+00 3.873490095138549805e+00 5.003664493560791016e+00
3.923469781875610352e+00 1.457883000373840332e+00 3.923469781875610352e+00 5.195781230926513672e+00
3.973450064659118652e+00 1.499780893325805664e+00 3.973450064659118652e+00 5.398486614227294922e+00
4.023429751396179199e+00 1.546721816062927246e+00 4.023429751396179199e+00 5.612828254699707031e+00
4.073410034179687500e+00 1.561746478080749512e+00 4.073410034179687500e+00 5.834661483764648438e+00
4.123389720916748047e+00 1.598382711410522461e+00 4.123389720916748047e+00 6.067306041717529297e+00
4.173370003700256348e+00 1.609336018562316895e+00 4.173370003700256348e+00 6.307256221771240234e+00
4.223349690437316895e+00 1.606635212898254395e+00 4.223349690437316895e+00 6.552575588226318359e+00
4.273329973220825195e+00 1.594662070274353027e+00 4.273329973220825195e+00 6.801864624023437500e+00
4.323309659957885742e+00 1.584882259368896484e+00 4.323309659957885742e+00 7.055453300476074219e+00
4.373289942741394043e+00 1.564270377159118652e+00 4.373289942741394043e+00 7.311564445495605469e+00
4.423269629478454590e+00 1.529745697975158691e+00 4.423269629478454590e+00 7.567780971527099609e+00
4.473249912261962891e+00 1.492365241050720215e+00 4.473249912261962891e+00 7.823417186737060547e+00
4.523229598999023438e+00 1.447628378868103027e+00 4.523229598999023438e+00 8.076961517333984375e+00
4.573209881782531738e+00 1.385980963706970215e+00 4.573209881782531738e+00 8.325102806091308594e+00
4.623189568519592285e+00 1.334752202033996582e+00 4.623189568519592285e+00 8.569325447082519531e+00
4.673169851303100586e+00 1.264458179473876953e+00 4.673169851303100586e+00 8.805714607238769531e+00
4.723149538040161133e+00 1.211290717124938965e+00 4.723149538040161133e+00 9.037034034729003906e+00
4.773129820823669434e+00 1.142219305038452148e+00 4.773129820823669434e+00 9.259803771972656250e+00
4.823109507560729980e+00 1.086752176284790039e+00 4.823109507560729980e+00 9.476217269897460938e+00
4.873089790344238281e+00 1.035527825355529785e+00 4.873089790344238281e+00 9.686725616455078125e+00
4.923069775104522705e+00 9.971160888671875000e-01 4.923069775104522705e+00 9.893606185913085938e+00
4.973049759864807129e+00 9.593867659568786621e-01 4.973049759864807129e+00 1.009671974182128906e+01
5.023030042648315430e+00 9.140130877494812012e-01 5.023030042648315430e+00 1.029413604736328125e+01
5.073009729385375977e+00 8.849422931671142578e-01 5.073009729385375977e+00 1.048909759521484375e+01
5.122990012168884277e+00 8.657038807868957520e-01 5.122990012168884277e+00 1.068359470367431641e+01
5.172969698905944824e+00 8.475314974784851074e-01 5.172969698905944824e+00 1.087774181365966797e+01
5.222949981689453125e+00 8.284390568733215332e-01 5.222949981689453125e+00 1.107120323181152344e+01
5.272929668426513672e+00 8.176915645599365234e-01 5.272929668426513672e+00 1.126582527160644531e+01
5.322909355163574219e+00 8.077072501182556152e-01 5.322909355163574219e+00 1.146173381805419922e+01
5.372889637947082520e+00 7.968389987945556641e-01 5.372889637947082520e+00 1.165865039825439453e+01
5.422869920730590820e+00 7.945339083671569824e-01 5.422869920730590820e+00 1.185867023468017578e+01
5.472849607467651367e+00 7.929359078407287598e-01 5.472849607467651367e+00 1.206198406219482422e+01
5.522829890251159668e+00 7.916806936264038086e-01 5.522829890251159668e+00 1.226869773864746094e+01
5.572810173034667969e+00 7.800210714340209961e-01 5.572810173034667969e+00 1.247607231140136719e+01
5.622789859771728516e+00 7.870590686798095703e-01 5.622789859771728516e+00 1.268908596038818359e+01
5.672769546508789062e+00 7.907507419586181641e-01 5.672769546508789062e+00 1.290692234039306641e+01
5.722749829292297363e+00 7.943824529647827148e-01 5.722749829292297363e+00 1.312963104248046875e+01
5.772730112075805664e+00 7.964544892311096191e-01 5.772730112075805664e+00 1.335683917999267578e+01
5.822709798812866211e+00 8.076105713844299316e-01 5.822709798812866211e+00 1.359123325347900391e+01
5.872689485549926758e+00 8.069132566452026367e-01 5.872689485549926758e+00 1.382946681976318359e+01
5.922669768333435059e+00 8.143599033355712891e-01 5.922669768333435059e+00 1.407400608062744141e+01
5.972650051116943359e+00 8.234222531318664551e-01 5.972650051116943359e+00 1.432545852661132812e+01
6.022629737854003906e+00 8.288641571998596191e-01 6.022629737854003906e+00 1.458282470703125000e+01
6.072609424591064453e+00 8.379959464073181152e-01 6.072609424591064453e+00 1.484736633300781250e+01
6.122589707374572754e+00 8.467928171157836914e-01 6.122589707374572754e+00 1.511909961700439453e+01
6.172569990158081055e+00 8.476862907409667969e-01 6.172569990158081055e+00 1.539558315277099609e+01
6.222549676895141602e+00 8.566457629203796387e-01 6.222549676895141602e+00 1.567952728271484375e+01
6.272529363632202148e+00 8.649612665176391602e-01 6.272529363632202148e+00 1.597085475921630859e+01
6.322509646415710449e+00 8.726332187652587891e-01 6.322509646415710449e+00 1.626946640014648438e+01
6.372489929199218750e+00 8.755013942718505859e-01 6.372489929199218750e+00 1.657382011413574219e+01
6.422469615936279297e+00 8.831591010093688965e-01 6.422469615936279297e+00 1.688566398620605469e+01
6.472449302673339844e+00 8.940186500549316406e-01 6.472449302673339844e+00 1.720627975463867188e+01
6.522430181503295898e+00 8.925959467887878418e-01 6.522430181503295898e+00 1.753134727478027344e+01
6.572409868240356445e+00 9.010777473449707031e-01 6.572409868240356445e+00 1.786454963684082031e+01
6.622389554977416992e+00 9.041343331336975098e-01 6.622389554977416992e+00 1.820398902893066406e+01
6.672369837760925293e+00 9.105388522148132324e-01 6.672369837760925293e+00 1.855100822448730469e+01
6.722350120544433594e+00 9.085201621055603027e-01 6.722350120544433594e+00 1.890246963500976562e+01
6.772329807281494141e+00 9.121701121330261230e-01 6.772329807281494141e+00 1.926060485839843750e+01
6.822309494018554688e+00 9.134498834609985352e-01 6.822309494018554688e+00 1.962456130981445312e+01
6.872289776802062988e+00 9.149249196052551270e-01 6.872289776802062988e+00 1.999446105957031250e+01
6.922270059585571289e+00 9.203882217407226562e-01 6.922270059585571289e+00 2.037200546264648438e+01
6.972249746322631836e+00 9.123305678367614746e-01 6.972249746322631836e+00 2.075166320800781250e+01
7.022229433059692383e+00 9.209164381027221680e-01 7.022229433059692383e+00 2.114041328430175781e+01
7.072209715843200684e+00 9.122198820114135742e-01 7.072209715843200684e+00 2.153098869323730469e+01
7.122189998626708984e+00 9.115324616432189941e-01 7.122189998626708984e+00 2.192681121826171875e+01
7.172169685363769531e+00 9.117088913917541504e-01 7.172169685363769531e+00 2.232828140258789062e+01
7.222149372100830078e+00 9.124040007591247559e-01 7.222149372100830078e+00 2.273568153381347656e+01
7.272129654884338379e+00 9.075055122375488281e-01 7.272129654884338379e+00 2.314651489257812500e+01
7.322109937667846680e+00 9.086717963218688965e-01 7.322109937667846680e+00 2.356355667114257812e+01
7.372089624404907227e+00 9.010237455368041992e-01 7.372089624404907227e+00 2.398274803161621094e+01
7.422069311141967773e+00 8.956145644187927246e-01 7.422069311141967773e+00 2.440509796142578125e+01
7.472049593925476074e+00 8.926021456718444824e-01 7.472049593925476074e+00 2.483170890808105469e+01
7.522029876708984375e+00 8.914641737937927246e-01 7.522029876708984375e+00 2.526350021362304688e+01
7.572009563446044922e+00 8.897252678871154785e-01 7.572009563446044922e+00 2.570019531250000000e+01
