# distance (\AA)	RDF	distance (\AA)	cdf
1.249899994581937790e-01 0.000000000000000000e+00 1.249899994581937790e-01 0.000000000000000000e+00
1.749699935317039490e-01 0.000000000000000000e+00 1.749699935317039490e-01 0.000000000000000000e+00
2.249499782919883728e-01 0.000000000000000000e+00 2.249499782919883728e-01 0.000000000000000000e+00
2.749300003051757812e-01 0.000000000000000000e+00 2.749300003051757812e-01 0.000000000000000000e+00
3.249099850654602051e-01 0.000000000000000000e+00 3.249099850654602051e-01 0.000000000000000000e+00
3.748899698257446289e-01 0.000000000000000000e+00 3.748899698257446289e-01 0.000000000000000000e+00
4.248699918389320374e-01 0.000000000000000000e+00 4.248699918389320374e-01 0.000000000000000000e+00
4.748500138521194458e-01 0.000000000000000000e+00 4.748500138521194458e-01 0.000000000000000000e+00
5.248299986124038696e-01 0.000000000000000000e+00 5.248299986124038696e-01 0.000000000000000000e+00
5.748099833726882935e-01 0.000000000000000000e+00 5.748099833726882935e-01 0.000000000000000000e+00
6.247899681329727173e-01 0.000000000000000000e+00 6.247899681329727173e-01 0.000000000000000000e+00
6.747699528932571411e-01 0.000000000000000000e+00 6.747699528932571411e-01 0.000000000000000000e+00
7.247499376535415649e-01 0.000000000000000000e+00 7.247499376535415649e-01 0.000000000000000000e+00
7.747299969196319580e-01 0.000000000000000000e+00 7.747299969196319580e-01 0.000000000000000000e+00
8.247099816799163818e-01 0.000000000000000000e+00 8.247099816799163818e-01 0.000000000000000000e+00
8.746899664402008057e-01 0.000000000000000000e+00 8.746899664402008057e-01 0.000000000000000000e+00
9.246699512004852295e-01 0.000000000000000000e+00 9.246699512004852295e-01 0.000000000000000000e+00
9.746499359607696533e-01 0.000000000000000000e+00 9.746499359607696533e-01 0.000000000000000000e+00
1.024629920721054077e+00 0.000000000000000000e+00 1.024629920721054077e+00 0.000000000000000000e+00
1.074609979987144470e+00 0.000000000000000000e+00 1.074609979987144470e+00 0.000000000000000000e+00
1.124589964747428894e+00 0.000000000000000000e+00 1.124589964747428894e+00 0.000000000000000000e+00
1.174569949507713318e+00 0.000000000000000000e+00 1.174569949507713318e+00 0.000000000000000000e+00
1.224549934267997742e+00 0.000000000000000000e+00 1.224549934267997742e+00 0.000000000000000000e+00
1.274529993534088135e+00 0.000000000000000000e+00 1.274529993534088135e+00 0.000000000000000000e+00
1.324509978294372559e+00 0.000000000000000000e+00 1.324509978294372559e+00 0.000000000000000000e+00
1.374489963054656982e+00 0.000000000000000000e+00 1.374489963054656982e+00 0.000000000000000000e+00
1.424469947814941406e+00 0.000000000000000000e+00 1.424469947814941406e+00 0.000000000000000000e+00
1.474450081586837769e+00 0.000000000000000000e+00 1.474450081586837769e+00 0.000000000000000000e+00
1.524430066347122192e+00 0.000000000000000000e+00 1.524430066347122192e+00 0.000000000000000000e+00
1.574410051107406616e+00 0.000000000000000000e+00 1.574410051107406616e+00 0.000000000000000000e+00
1.624390035867691040e+00 0.000000000000000000e+00 1.624390035867691040e+00 0.000000000000000000e+00
1.674370020627975464e+00 0.000000000000000000e+00 1.674370020627975464e+00 0.000000000000000000e+00
1.724350005388259888e+00 0.000000000000000000e+00 1.724350005388259888e+00 0.000000000000000000e+00
1.774329990148544312e+00 0.000000000000000000e+00 1.774329990148544312e+00 0.000000000000000000e+00
1.824309974908828735e+00 0.000000000000000000e+00 1.824309974908828735e+00 0.000000000000000000e+00
1.874289959669113159e+00 0.000000000000000000e+00 1.874289959669113159e+00 0.000000000000000000e+00
1.924269944429397583e+00 0.000000000000000000e+00 1.924269944429397583e+00 0.000000000000000000e+00
1.974250078201293945e+00 0.000000000000000000e+00 1.974250078201293945e+00 0.000000000000000000e+00
2.024230062961578369e+00 0.000000000000000000e+00 2.024230062961578369e+00 0.000000000000000000e+00
2.074210047721862793e+00 0.000000000000000000e+00 2.074210047721862793e+00 0.000000000000000000e+00
2.124190032482147217e+00 0.000000000000000000e+00 2.124190032482147217e+00 0.000000000000000000e+00
2.174170017242431641e+00 0.000000000000000000e+00 2.174170017242431641e+00 0.000000000000000000e+00
2.224150002002716064e+00 0.000000000000000000e+00 2.224150002002716064e+00 0.000000000000000000e+00
2.274129986763000488e+00 0.000000000000000000e+00 2.274129986763000488e+00 0.000000000000000000e+00
2.324109971523284912e+00 0.000000000000000000e+00 2.324109971523284912e+00 0.000000000000000000e+00
2.374089956283569336e+00 1.657995599089190364e-04 2.374089956283569336e+00 7.999999979801941663e-06
2.424069941043853760e+00 3.816802985966205597e-03 2.424069941043853760e+00 2.000000094994902611e-04
2.474049925804138184e+00 6.372195482254028320e-02 2.474049925804138184e+00 3.539000172168016434e-03
2.524029910564422607e+00 3.773135840892791748e-01 2.524029910564422607e+00 2.411700040102005005e-02
2.574009895324707031e+00 1.170873761177062988e+00 2.574009895324707031e+00 9.052800387144088745e-02
2.623989880084991455e+00 2.332871437072753906e+00 2.623989880084991455e+00 2.280339896678924561e-01
2.673969864845275879e+00 3.377709150314331055e+00 2.673969864845275879e+00 4.347829818725585938e-01
2.723949551582336426e+00 3.874589204788208008e+00 2.723949551582336426e+00 6.808944940567016602e-01
2.773929834365844727e+00 3.872344255447387695e+00 2.773929834365844727e+00 9.359740018844604492e-01
2.823910117149353027e+00 3.554717540740966797e+00 2.823910117149353027e+00 1.178642988204956055e+00
2.873889803886413574e+00 3.169036865234375000e+00 2.873889803886413574e+00 1.402708053588867188e+00
2.923870086669921875e+00 2.857607603073120117e+00 2.923870086669921875e+00 1.611842036247253418e+00
2.973849773406982422e+00 2.636797189712524414e+00 2.973849773406982422e+00 1.811470031738281250e+00
3.023830056190490723e+00 2.470112323760986328e+00 3.023830056190490723e+00 2.004817008972167969e+00
3.073809742927551270e+00 2.376959323883056641e+00 3.073809742927551270e+00 2.197073459625244141e+00
3.123790025711059570e+00 2.298275232315063477e+00 3.123790025711059570e+00 2.389060020446777344e+00
3.173769712448120117e+00 2.215299129486083984e+00 3.173769712448120117e+00 2.580084562301635742e+00
3.223749995231628418e+00 2.142890691757202148e+00 3.223749995231628418e+00 2.770730018615722656e+00
3.273729681968688965e+00 2.061070680618286133e+00 3.273729681968688965e+00 2.959826469421386719e+00
3.323709964752197266e+00 1.974145174026489258e+00 3.323709964752197266e+00 3.146519899368286133e+00
3.373689651489257812e+00 1.892756938934326172e+00 3.373689651489257812e+00 3.330940008163452148e+00
3.423669934272766113e+00 1.799093961715698242e+00 3.423669934272766113e+00 3.511466979980468750e+00
3.473649621009826660e+00 1.708053946495056152e+00 3.473649621009826660e+00 3.687898397445678711e+00
3.523629903793334961e+00 1.615382194519042969e+00 3.523629903793334961e+00 3.859593868255615234e+00
3.573609590530395508e+00 1.546340346336364746e+00 3.573609590530395508e+00 4.028646945953369141e+00
3.623589873313903809e+00 1.475323200225830078e+00 3.623589873313903809e+00 4.194478988647460938e+00
3.673569560050964355e+00 1.405454039573669434e+00 3.673569560050964355e+00 4.356844902038574219e+00
3.723549842834472656e+00 1.348741769790649414e+00 3.723549842834472656e+00 4.516927719116210938e+00
3.773529529571533203e+00 1.288811445236206055e+00 3.773529529571533203e+00 4.674031734466552734e+00
3.823509812355041504e+00 1.243292927742004395e+00 3.823509812355041504e+00 4.829629898071289062e+00
3.873490095138549805e+00 1.200841069221496582e+00 3.873490095138549805e+00 4.983868122100830078e+00
3.923469781875610352e+00 1.167650818824768066e+00 3.923469781875610352e+00 5.137738704681396484e+00
3.973450064659118652e+00 1.134863495826721191e+00 3.973450064659118652e+00 5.291123390197753906e+00
4.023429751396179199e+00 1.111301660537719727e+00 4.023429751396179199e+00 5.445125579833984375e+00
4.073410034179687500e+00 1.094240903854370117e+00 4.073410034179687500e+00 5.600553512573242188e+00
4.123389720916748047e+00 1.079289793968200684e+00 4.123389720916748047e+00 5.757644176483154297e+00
4.173370003700256348e+00 1.073432803153991699e+00 4.173370003700256348e+00 5.917691707611083984e+00
4.223349690437316895e+00 1.057292342185974121e+00 4.223349690437316895e+00 6.079131126403808594e+00
4.273329973220825195e+00 1.049162387847900391e+00 4.273329973220825195e+00 6.243143558502197266e+00
4.323309659957885742e+00 1.040630936622619629e+00 4.323309659957885742e+00 6.409649372100830078e+00
4.373289942741394043e+00 1.024806261062622070e+00 4.373289942741394043e+00 6.577436447143554688e+00
4.423269629478454590e+00 1.015357971191406250e+00 4.423269629478454590e+00 6.747498512268066406e+00
4.473249912261962891e+00 1.006696462631225586e+00 4.473249912261962891e+00 6.919941425323486328e+00
4.523229598999023438e+00 9.973267912864685059e-01 4.523229598999023438e+00 7.094617843627929688e+00
4.573209881782531738e+00 9.896817207336425781e-01 4.573209881782531738e+00 7.271807193756103516e+00
4.623189568519592285e+00 9.821395874023437500e-01 4.623189568519592285e+00 7.451511383056640625e+00
4.673169851303100586e+00 9.740315675735473633e-01 4.673169851303100586e+00 7.633605480194091797e+00
4.723149538040161133e+00 9.621123671531677246e-01 4.723149538040161133e+00 7.817339420318603516e+00
4.773129820823669434e+00 9.653590321540832520e-01 4.773129820823669434e+00 8.005615234375000000e+00
4.823109507560729980e+00 9.618194103240966797e-01 4.823109507560729980e+00 8.197150230407714844e+00
4.873089790344238281e+00 9.568563103675842285e-01 4.873089790344238281e+00 8.391665458679199219e+00
4.923069775104522705e+00 9.557911753654479980e-01 4.923069775104522705e+00 8.589971542358398438e+00
4.973049759864807129e+00 9.508048892021179199e-01 4.973049759864807129e+00 8.791268348693847656e+00
5.023030042648315430e+00 9.545398354530334473e-01 5.023030042648315430e+00 8.997438430786132812e+00
5.073009729385375977e+00 9.563844799995422363e-01 5.073009729385375977e+00 9.208138465881347656e+00
5.122990012168884277e+00 9.566254019737243652e-01 5.122990012168884277e+00 9.423063278198242188e+00
5.172969698905944824e+00 9.655209183692932129e-01 5.172969698905944824e+00 9.644238471984863281e+00
5.222949981689453125e+00 9.672568440437316895e-01 5.222949981689453125e+00 9.870117187500000000e+00
5.272929668426513672e+00 9.756118655204772949e-01 5.272929668426513672e+00 1.010232639312744141e+01
5.322909355163574219e+00 9.822316765785217285e-01 5.322909355163574219e+00 1.034056568145751953e+01
5.372889637947082520e+00 9.844823479652404785e-01 5.372889637947082520e+00 1.058385276794433594e+01
5.422869920730590820e+00 9.961454272270202637e-01 5.422869920730590820e+00 1.083462715148925781e+01
5.472849607467651367e+00 1.008558869361877441e+00 5.472849607467651367e+00 1.109322834014892578e+01
5.522829890251159668e+00 1.011441111564636230e+00 5.522829890251159668e+00 1.135732364654541016e+01
5.572810173034667969e+00 1.022274374961853027e+00 5.572810173034667969e+00 1.162910366058349609e+01
5.622789859771728516e+00 1.029825568199157715e+00 5.622789859771728516e+00 1.190782070159912109e+01
5.672769546508789062e+00 1.032217860221862793e+00 5.672769546508789062e+00 1.219217586517333984e+01
5.722749829292297363e+00 1.032178878784179688e+00 5.722749829292297363e+00 1.248155117034912109e+01
5.772730112075805664e+00 1.034632563591003418e+00 5.772730112075805664e+00 1.277670574188232422e+01
5.822709798812866211e+00 1.028061985969543457e+00 5.822709798812866211e+00 1.307508182525634766e+01
5.872689485549926758e+00 1.021957278251647949e+00 5.872689485549926758e+00 1.337680435180664062e+01
5.922669768333435059e+00 1.014273047447204590e+00 5.922669768333435059e+00 1.368137359619140625e+01
5.972650051116943359e+00 1.005373001098632812e+00 5.972650051116943359e+00 1.398838996887207031e+01
6.022629737854003906e+00 9.968141317367553711e-01 6.022629737854003906e+00 1.429790592193603516e+01
6.072609424591064453e+00 9.842684864997863770e-01 6.072609424591064453e+00 1.460862350463867188e+01
6.122589707374572754e+00 9.711619615554809570e-01 6.122589707374572754e+00 1.492026615142822266e+01
6.172569990158081055e+00 9.631907343864440918e-01 6.172569990158081055e+00 1.523442268371582031e+01
6.222549676895141602e+00 9.492331147193908691e-01 6.222549676895141602e+00 1.554905605316162109e+01
6.272529363632202148e+00 9.378738999366760254e-01 6.272529363632202148e+00 1.586494159698486328e+01
6.322509646415710449e+00 9.266021251678466797e-01 6.322509646415710449e+00 1.618202018737792969e+01
6.372489929199218750e+00 9.163671135902404785e-01 6.372489929199218750e+00 1.650057983398437500e+01
6.422469615936279297e+00 9.104375839233398438e-01 6.422469615936279297e+00 1.682205581665039062e+01
6.472449302673339844e+00 9.033079147338867188e-01 6.472449302673339844e+00 1.714600372314453125e+01
6.522430181503295898e+00 8.941359519958496094e-01 6.522430181503295898e+00 1.747163200378417969e+01
6.572409868240356445e+00 8.902031183242797852e-01 6.572409868240356445e+00 1.780081367492675781e+01
6.622389554977416992e+00 8.815737962722778320e-01 6.622389554977416992e+00 1.813178253173828125e+01
6.672369837760925293e+00 8.802790641784667969e-01 6.672369837760925293e+00 1.846726989746093750e+01
6.722350120544433594e+00 8.768939375877380371e-01 6.722350120544433594e+00 1.880649566650390625e+01
6.772329807281494141e+00 8.696020245552062988e-01 6.772329807281494141e+00 1.914791870117187500e+01
6.822309494018554688e+00 8.685510158538818359e-01 6.822309494018554688e+00 1.949398422241210938e+01
6.872289776802062988e+00 8.665791749954223633e-01 6.872289776802062988e+00 1.984433746337890625e+01
6.922270059585571289e+00 8.672071695327758789e-01 6.922270059585571289e+00 2.020006752014160156e+01
6.972249746322631836e+00 8.656040430068969727e-01 6.972249746322631836e+00 2.056028175354003906e+01
7.022229433059692383e+00 8.650929927825927734e-01 7.022229433059692383e+00 2.092546653747558594e+01
7.072209715843200684e+00 8.690641522407531738e-01 7.072209715843200684e+00 2.129756355285644531e+01
7.122189998626708984e+00 8.706223368644714355e-01 7.122189998626708984e+00 2.167562103271484375e+01
7.172169685363769531e+00 8.703110814094543457e-01 7.172169685363769531e+00 2.205886077880859375e+01
7.222149372100830078e+00 8.757466077804565430e-01 7.222149372100830078e+00 2.244989204406738281e+01
7.272129654884338379e+00 8.774797916412353516e-01 7.272129654884338379e+00 2.284713172912597656e+01
7.322109937667846680e+00 8.820589780807495117e-01 7.322109937667846680e+00 2.325195884704589844e+01
7.372089624404907227e+00 8.833217620849609375e-01 7.372089624404907227e+00 2.366291427612304688e+01
7.422069311141967773e+00 8.957672715187072754e-01 7.422069311141967773e+00 2.408533668518066406e+01
7.472049593925476074e+00 8.962258100509643555e-01 7.472049593925476074e+00 2.451367950439453125e+01
7.522029876708984375e+00 9.047358632087707520e-01 7.522029876708984375e+00 2.495189857482910156e+01
7.572009563446044922e+00 9.084715247154235840e-01 7.572009563446044922e+00 2.539779472351074219e+01
