# distance (\AA)	RDF	distance (\AA)	cdf
1.249899994581937790e-01 0.000000000000000000e+00 1.249899994581937790e-01 0.000000000000000000e+00
1.749699935317039490e-01 0.000000000000000000e+00 1.749699935317039490e-01 0.000000000000000000e+00
2.249499782919883728e-01 0.000000000000000000e+00 2.249499782919883728e-01 0.000000000000000000e+00
2.749300003051757812e-01 0.000000000000000000e+00 2.749300003051757812e-01 0.000000000000000000e+00
3.249099850654602051e-01 0.000000000000000000e+00 3.249099850654602051e-01 0.000000000000000000e+00
3.748899698257446289e-01 0.000000000000000000e+00 3.748899698257446289e-01 0.000000000000000000e+00
4.248699918389320374e-01 0.000000000000000000e+00 4.248699918389320374e-01 0.000000000000000000e+00
4.748500138521194458e-01 0.000000000000000000e+00 4.748500138521194458e-01 0.000000000000000000e+00
5.248299986124038696e-01 0.000000000000000000e+00 5.248299986124038696e-01 0.000000000000000000e+00
5.748099833726882935e-01 0.000000000000000000e+00 5.748099833726882935e-01 0.000000000000000000e+00
6.247899681329727173e-01 0.000000000000000000e+00 6.247899681329727173e-01 0.000000000000000000e+00
6.747699528932571411e-01 0.000000000000000000e+00 6.747699528932571411e-01 0.000000000000000000e+00
7.247499376535415649e-01 0.000000000000000000e+00 7.247499376535415649e-01 0.000000000000000000e+00
7.747299969196319580e-01 0.000000000000000000e+00 7.747299969196319580e-01 0.000000000000000000e+00
8.247099816799163818e-01 0.000000000000000000e+00 8.247099816799163818e-01 0.000000000000000000e+00
8.746899664402008057e-01 0.000000000000000000e+00 8.746899664402008057e-01 0.000000000000000000e+00
9.246699512004852295e-01 0.000000000000000000e+00 9.246699512004852295e-01 0.000000000000000000e+00
9.746499359607696533e-01 0.000000000000000000e+00 9.746499359607696533e-01 0.000000000000000000e+00
1.024629920721054077e+00 0.000000000000000000e+00 1.024629920721054077e+00 0.000000000000000000e+00
1.074609979987144470e+00 0.000000000000000000e+00 1.074609979987144470e+00 0.000000000000000000e+00
1.124589964747428894e+00 0.000000000000000000e+00 1.124589964747428894e+00 0.000000000000000000e+00
1.174569949507713318e+00 0.000000000000000000e+00 1.174569949507713318e+00 0.000000000000000000e+00
1.224549934267997742e+00 0.000000000000000000e+00 1.224549934267997742e+00 0.000000000000000000e+00
1.274529993534088135e+00 0.000000000000000000e+00 1.274529993534088135e+00 0.000000000000000000e+00
1.324509978294372559e+00 0.000000000000000000e+00 1.324509978294372559e+00 0.000000000000000000e+00
1.374489963054656982e+00 0.000000000000000000e+00 1.374489963054656982e+00 0.000000000000000000e+00
1.424469947814941406e+00 0.000000000000000000e+00 1.424469947814941406e+00 0.000000000000000000e+00
1.474450081586837769e+00 0.000000000000000000e+00 1.474450081586837769e+00 0.000000000000000000e+00
1.524430066347122192e+00 0.000000000000000000e+00 1.524430066347122192e+00 0.000000000000000000e+00
1.574410051107406616e+00 0.000000000000000000e+00 1.574410051107406616e+00 0.000000000000000000e+00
1.624390035867691040e+00 0.000000000000000000e+00 1.624390035867691040e+00 0.000000000000000000e+00
1.674370020627975464e+00 0.000000000000000000e+00 1.674370020627975464e+00 0.000000000000000000e+00
1.724350005388259888e+00 0.000000000000000000e+00 1.724350005388259888e+00 0.000000000000000000e+00
1.774329990148544312e+00 0.000000000000000000e+00 1.774329990148544312e+00 0.000000000000000000e+00
1.824309974908828735e+00 0.000000000000000000e+00 1.824309974908828735e+00 0.000000000000000000e+00
1.874289959669113159e+00 0.000000000000000000e+00 1.874289959669113159e+00 0.000000000000000000e+00
1.924269944429397583e+00 0.000000000000000000e+00 1.924269944429397583e+00 0.000000000000000000e+00
1.974250078201293945e+00 0.000000000000000000e+00 1.974250078201293945e+00 0.000000000000000000e+00
2.024230062961578369e+00 0.000000000000000000e+00 2.024230062961578369e+00 0.000000000000000000e+00
2.074210047721862793e+00 0.000000000000000000e+00 2.074210047721862793e+00 0.000000000000000000e+00
2.124190032482147217e+00 0.000000000000000000e+00 2.124190032482147217e+00 0.000000000000000000e+00
2.174170017242431641e+00 0.000000000000000000e+00 2.174170017242431641e+00 0.000000000000000000e+00
2.224150002002716064e+00 0.000000000000000000e+00 2.224150002002716064e+00 0.000000000000000000e+00
2.274129986763000488e+00 0.000000000000000000e+00 2.274129986763000488e+00 0.000000000000000000e+00
2.324109971523284912e+00 0.000000000000000000e+00 2.324109971523284912e+00 0.000000000000000000e+00
2.374089956283569336e+00 0.000000000000000000e+00 2.374089956283569336e+00 0.000000000000000000e+00
2.424069941043853760e+00 0.000000000000000000e+00 2.424069941043853760e+00 0.000000000000000000e+00
2.474049925804138184e+00 0.000000000000000000e+00 2.474049925804138184e+00 0.000000000000000000e+00
2.524029910564422607e+00 0.000000000000000000e+00 2.524029910564422607e+00 0.000000000000000000e+00
2.574009895324707031e+00 0.000000000000000000e+00 2.574009895324707031e+00 0.000000000000000000e+00
2.623989880084991455e+00 0.000000000000000000e+00 2.623989880084991455e+00 0.000000000000000000e+00
2.673969864845275879e+00 0.000000000000000000e+00 2.673969864845275879e+00 0.000000000000000000e+00
2.723949551582336426e+00 0.000000000000000000e+00 2.723949551582336426e+00 0.000000000000000000e+00
2.773929834365844727e+00 1.265077444259077311e-04 2.773929834365844727e+00 8.333333425980526954e-06
2.823910117149353027e+00 2.441403339616954327e-04 2.823910117149353027e+00 2.500000118743628263e-05
2.873889803886413574e+00 8.250306127592921257e-04 2.873889803886413574e+00 8.333333244081586599e-05
2.923870086669921875e+00 1.480267033912241459e-03 2.923870086669921875e+00 1.916666660690680146e-04
2.973849773406982422e+00 1.907902187667787075e-03 2.973849773406982422e+00 3.361111157573759556e-04
3.023830056190490723e+00 4.755340050905942917e-03 3.023830056190490723e+00 7.083333330228924751e-04
3.073809742927551270e+00 7.658489048480987549e-03 3.073809742927551270e+00 1.327777747064828873e-03
3.123790025711059570e+00 1.350065600126981735e-02 3.123790025711059570e+00 2.455555368214845657e-03
3.173769712448120117e+00 2.251738682389259338e-02 3.173769712448120117e+00 4.397221840918064117e-03
3.223749995231628418e+00 3.603103756904602051e-02 3.223749995231628418e+00 7.602777332067489624e-03
3.273729681968688965e+00 5.153074488043785095e-02 3.273729681968688965e+00 1.233055535703897476e-02
3.323709964752197266e+00 7.748580724000930786e-02 3.323709964752197266e+00 1.965833269059658051e-02
3.373689651489257812e+00 1.117558851838111877e-01 3.373689651489257812e+00 3.054722212255001068e-02
3.423669934272766113e+00 1.544697135686874390e-01 3.423669934272766113e+00 4.604722186923027039e-02
3.473649621009826660e+00 2.147594243288040161e-01 3.473649621009826660e+00 6.823055446147918701e-02
3.523629903793334961e+00 2.919221222400665283e-01 3.523629903793334961e+00 9.925833344459533691e-02
3.573609590530395508e+00 3.875055909156799316e-01 3.573609590530395508e+00 1.416222155094146729e-01
3.623589873313903809e+00 5.003288388252258301e-01 3.623589873313903809e+00 1.978611052036285400e-01
3.673569560050964355e+00 6.136683821678161621e-01 3.673569560050964355e+00 2.687555551528930664e-01
3.723549842834472656e+00 7.496379017829895020e-01 3.723549842834472656e+00 3.577305674552917480e-01
3.773529529571533203e+00 8.727899193763732910e-01 3.773529529571533203e+00 4.641222357749938965e-01
3.823509812355041504e+00 9.934974312782287598e-01 3.823509812355041504e+00 5.884583592414855957e-01
3.873490095138549805e+00 1.087977886199951172e+00 3.873490095138549805e+00 7.282000184059143066e-01
3.923469781875610352e+00 1.187499403953552246e+00 3.923469781875610352e+00 8.846861124038696289e-01
3.973450064659118652e+00 1.247933387756347656e+00 3.973450064659118652e+00 1.053352832794189453e+00
4.023429751396179199e+00 1.329475522041320801e+00 4.023429751396179199e+00 1.237588882446289062e+00
4.073410034179687500e+00 1.369080066680908203e+00 4.073410034179687500e+00 1.432055592536926270e+00
4.123389720916748047e+00 1.386313438415527344e+00 4.123389720916748047e+00 1.633833408355712891e+00
4.173370003700256348e+00 1.407288670539855957e+00 4.173370003700256348e+00 1.843658447265625000e+00
4.223349690437316895e+00 1.393532872200012207e+00 4.223349690437316895e+00 2.056438922882080078e+00
4.273329973220825195e+00 1.378004431724548340e+00 4.273329973220825195e+00 2.271858453750610352e+00
4.323309659957885742e+00 1.347892999649047852e+00 4.323309659957885742e+00 2.487527847290039062e+00
4.373289942741394043e+00 1.313902378082275391e+00 4.373289942741394043e+00 2.702647209167480469e+00
4.423269629478454590e+00 1.279647469520568848e+00 4.423269629478454590e+00 2.916975021362304688e+00
4.473249912261962891e+00 1.241953969001770020e+00 4.473249912261962891e+00 3.129716634750366211e+00
4.523229598999023438e+00 1.235930323600769043e+00 4.523229598999023438e+00 3.346183300018310547e+00
4.573209881782531738e+00 1.215531945228576660e+00 4.573209881782531738e+00 3.563808202743530273e+00
4.623189568519592285e+00 1.204981207847595215e+00 4.623189568519592285e+00 3.784286022186279297e+00
4.673169851303100586e+00 1.192825317382812500e+00 4.673169851303100586e+00 4.007283210754394531e+00
4.723149538040161133e+00 1.190068602561950684e+00 4.723149538040161133e+00 4.234549999237060547e+00
4.773129820823669434e+00 1.187154889106750488e+00 4.773129820823669434e+00 4.466083526611328125e+00
4.823109507560729980e+00 1.208052635192871094e+00 4.823109507560729980e+00 4.706653118133544922e+00
4.873089790344238281e+00 1.212303996086120605e+00 4.873089790344238281e+00 4.953097343444824219e+00
4.923069775104522705e+00 1.215090036392211914e+00 4.923069775104522705e+00 5.205203056335449219e+00
4.973049759864807129e+00 1.232831835746765137e+00 4.973049759864807129e+00 5.466208457946777344e+00
5.023030042648315430e+00 1.261060237884521484e+00 5.023030042648315430e+00 5.738583564758300781e+00
5.073009729385375977e+00 1.274558424949645996e+00 5.073009729385375977e+00 6.019380569458007812e+00
5.122990012168884277e+00 1.290228843688964844e+00 5.122990012168884277e+00 6.309255599975585938e+00
5.172969698905944824e+00 1.300757646560668945e+00 5.172969698905944824e+00 6.607224941253662109e+00
5.222949981689453125e+00 1.310257911682128906e+00 5.222949981689453125e+00 6.913202762603759766e+00
5.272929668426513672e+00 1.322434902191162109e+00 5.272929668426513672e+00 7.227961063385009766e+00
5.322909355163574219e+00 1.331828832626342773e+00 5.322909355163574219e+00 7.550994396209716797e+00
5.372889637947082520e+00 1.324726581573486328e+00 5.372889637947082520e+00 7.878363609313964844e+00
5.422869920730590820e+00 1.328861236572265625e+00 5.422869920730590820e+00 8.212897300720214844e+00
5.472849607467651367e+00 1.315283656120300293e+00 5.472849607467651367e+00 8.550144195556640625e+00
5.522829890251159668e+00 1.305549144744873047e+00 5.522829890251159668e+00 8.891033172607421875e+00
5.572810173034667969e+00 1.286838889122009277e+00 5.572810173034667969e+00 9.233149528503417969e+00
5.622789859771728516e+00 1.261922121047973633e+00 5.622789859771728516e+00 9.574683189392089844e+00
5.672769546508789062e+00 1.234037399291992188e+00 5.672769546508789062e+00 9.914635658264160156e+00
5.722749829292297363e+00 1.221550703048706055e+00 5.722749829292297363e+00 1.025710201263427734e+01
5.772730112075805664e+00 1.189399361610412598e+00 5.772730112075805664e+00 1.059640789031982422e+01
5.822709798812866211e+00 1.175773859024047852e+00 5.822709798812866211e+00 1.093765544891357422e+01
5.872689485549926758e+00 1.149948358535766602e+00 5.872689485549926758e+00 1.127716636657714844e+01
5.922669768333435059e+00 1.131301045417785645e+00 5.922669768333435059e+00 1.161687755584716797e+01
5.972650051116943359e+00 1.118805646896362305e+00 5.972650051116943359e+00 1.195853328704833984e+01
6.022629737854003906e+00 1.104060888290405273e+00 6.022629737854003906e+00 1.230134963989257812e+01
6.072609424591064453e+00 1.093834042549133301e+00 6.072609424591064453e+00 1.264665508270263672e+01
6.122589707374572754e+00 1.083490371704101562e+00 6.122589707374572754e+00 1.299434375762939453e+01
6.172569990158081055e+00 1.074584245681762695e+00 6.172569990158081055e+00 1.334483242034912109e+01
6.222549676895141602e+00 1.068661808967590332e+00 6.222549676895141602e+00 1.369905185699462891e+01
6.272529363632202148e+00 1.067044973373413086e+00 6.272529363632202148e+00 1.405844306945800781e+01
6.322509646415710449e+00 1.059969305992126465e+00 6.322509646415710449e+00 1.442115974426269531e+01
6.372489929199218750e+00 1.056711316108703613e+00 6.372489929199218750e+00 1.478850746154785156e+01
6.422469615936279297e+00 1.055276989936828613e+00 6.422469615936279297e+00 1.516112709045410156e+01
6.472449302673339844e+00 1.044601917266845703e+00 6.472449302673339844e+00 1.553574657440185547e+01
6.522430181503295898e+00 1.042696833610534668e+00 6.522430181503295898e+00 1.591547679901123047e+01
6.572409868240356445e+00 1.034346818923950195e+00 6.572409868240356445e+00 1.629796028137207031e+01
6.622389554977416992e+00 1.036227464675903320e+00 6.622389554977416992e+00 1.668699073791503906e+01
6.672369837760925293e+00 1.030734539031982422e+00 6.672369837760925293e+00 1.707981872558593750e+01
6.722350120544433594e+00 1.030574321746826172e+00 6.722350120544433594e+00 1.747849655151367188e+01
6.772329807281494141e+00 1.024690628051757812e+00 6.772329807281494141e+00 1.788080978393554688e+01
6.822309494018554688e+00 1.028000593185424805e+00 6.822309494018554688e+00 1.829040718078613281e+01
6.872289776802062988e+00 1.022107243537902832e+00 6.872289776802062988e+00 1.870363998413085938e+01
6.922270059585571289e+00 1.017867445945739746e+00 6.922270059585571289e+00 1.912117004394531250e+01
6.972249746322631836e+00 1.012183189392089844e+00 6.972249746322631836e+00 1.954238128662109375e+01
7.022229433059692383e+00 1.006388306617736816e+00 7.022229433059692383e+00 1.996721267700195312e+01
7.072209715843200684e+00 1.007375359535217285e+00 7.072209715843200684e+00 2.039852905273437500e+01
7.122189998626708984e+00 1.002381086349487305e+00 7.122189998626708984e+00 2.083380126953125000e+01
7.172169685363769531e+00 9.964082241058349609e-01 7.172169685363769531e+00 2.127256774902343750e+01
7.222149372100830078e+00 9.961392879486083984e-01 7.222149372100830078e+00 2.171735572814941406e+01
7.272129654884338379e+00 9.918071031570434570e-01 7.272129654884338379e+00 2.216635322570800781e+01
7.322109937667846680e+00 9.891924262046813965e-01 7.322109937667846680e+00 2.262034988403320312e+01
7.372089624404907227e+00 9.825409650802612305e-01 7.372089624404907227e+00 2.307746696472167969e+01
7.422069311141967773e+00 9.780921936035156250e-01 7.422069311141967773e+00 2.353871154785156250e+01
7.472049593925476074e+00 9.684309363365173340e-01 7.472049593925476074e+00 2.400156402587890625e+01
7.522029876708984375e+00 9.671191573143005371e-01 7.522029876708984375e+00 2.446999931335449219e+01
7.572009563446044922e+00 9.626926779747009277e-01 7.572009563446044922e+00 2.494250679016113281e+01
