# distance (\AA)	RDF	distance (\AA)	cdf
1.249899994581937790e-01 0.000000000000000000e+00 1.249899994581937790e-01 0.000000000000000000e+00
1.749699935317039490e-01 0.000000000000000000e+00 1.749699935317039490e-01 0.000000000000000000e+00
2.249499782919883728e-01 0.000000000000000000e+00 2.249499782919883728e-01 0.000000000000000000e+00
2.749300003051757812e-01 0.000000000000000000e+00 2.749300003051757812e-01 0.000000000000000000e+00
3.249099850654602051e-01 0.000000000000000000e+00 3.249099850654602051e-01 0.000000000000000000e+00
3.748899698257446289e-01 0.000000000000000000e+00 3.748899698257446289e-01 0.000000000000000000e+00
4.248699918389320374e-01 0.000000000000000000e+00 4.248699918389320374e-01 0.000000000000000000e+00
4.748500138521194458e-01 0.000000000000000000e+00 4.748500138521194458e-01 0.000000000000000000e+00
5.248299986124038696e-01 0.000000000000000000e+00 5.248299986124038696e-01 0.000000000000000000e+00
5.748099833726882935e-01 0.000000000000000000e+00 5.748099833726882935e-01 0.000000000000000000e+00
6.247899681329727173e-01 0.000000000000000000e+00 6.247899681329727173e-01 0.000000000000000000e+00
6.747699528932571411e-01 0.000000000000000000e+00 6.747699528932571411e-01 0.000000000000000000e+00
7.247499376535415649e-01 0.000000000000000000e+00 7.247499376535415649e-01 0.000000000000000000e+00
7.747299969196319580e-01 0.000000000000000000e+00 7.747299969196319580e-01 0.000000000000000000e+00
8.247099816799163818e-01 0.000000000000000000e+00 8.247099816799163818e-01 0.000000000000000000e+00
8.746899664402008057e-01 0.000000000000000000e+00 8.746899664402008057e-01 0.000000000000000000e+00
9.246699512004852295e-01 0.000000000000000000e+00 9.246699512004852295e-01 0.000000000000000000e+00
9.746499359607696533e-01 0.000000000000000000e+00 9.746499359607696533e-01 0.000000000000000000e+00
1.024629920721054077e+00 0.000000000000000000e+00 1.024629920721054077e+00 0.000000000000000000e+00
1.074609979987144470e+00 0.000000000000000000e+00 1.074609979987144470e+00 0.000000000000000000e+00
1.124589964747428894e+00 0.000000000000000000e+00 1.124589964747428894e+00 0.000000000000000000e+00
1.174569949507713318e+00 0.000000000000000000e+00 1.174569949507713318e+00 0.000000000000000000e+00
1.224549934267997742e+00 0.000000000000000000e+00 1.224549934267997742e+00 0.000000000000000000e+00
1.274529993534088135e+00 0.000000000000000000e+00 1.274529993534088135e+00 0.000000000000000000e+00
1.324509978294372559e+00 0.000000000000000000e+00 1.324509978294372559e+00 0.000000000000000000e+00
1.374489963054656982e+00 0.000000000000000000e+00 1.374489963054656982e+00 0.000000000000000000e+00
1.424469947814941406e+00 0.000000000000000000e+00 1.424469947814941406e+00 0.000000000000000000e+00
1.474450081586837769e+00 0.000000000000000000e+00 1.474450081586837769e+00 0.000000000000000000e+00
1.524430066347122192e+00 0.000000000000000000e+00 1.524430066347122192e+00 0.000000000000000000e+00
1.574410051107406616e+00 0.000000000000000000e+00 1.574410051107406616e+00 0.000000000000000000e+00
1.624390035867691040e+00 0.000000000000000000e+00 1.624390035867691040e+00 0.000000000000000000e+00
1.674370020627975464e+00 0.000000000000000000e+00 1.674370020627975464e+00 0.000000000000000000e+00
1.724350005388259888e+00 0.000000000000000000e+00 1.724350005388259888e+00 0.000000000000000000e+00
1.774329990148544312e+00 0.000000000000000000e+00 1.774329990148544312e+00 0.000000000000000000e+00
1.824309974908828735e+00 0.000000000000000000e+00 1.824309974908828735e+00 0.000000000000000000e+00
1.874289959669113159e+00 0.000000000000000000e+00 1.874289959669113159e+00 0.000000000000000000e+00
1.924269944429397583e+00 0.000000000000000000e+00 1.924269944429397583e+00 0.000000000000000000e+00
1.974250078201293945e+00 0.000000000000000000e+00 1.974250078201293945e+00 0.000000000000000000e+00
2.024230062961578369e+00 0.000000000000000000e+00 2.024230062961578369e+00 0.000000000000000000e+00
2.074210047721862793e+00 0.000000000000000000e+00 2.074210047721862793e+00 0.000000000000000000e+00
2.124190032482147217e+00 0.000000000000000000e+00 2.124190032482147217e+00 0.000000000000000000e+00
2.174170017242431641e+00 0.000000000000000000e+00 2.174170017242431641e+00 0.000000000000000000e+00
2.224150002002716064e+00 0.000000000000000000e+00 2.224150002002716064e+00 0.000000000000000000e+00
2.274129986763000488e+00 0.000000000000000000e+00 2.274129986763000488e+00 0.000000000000000000e+00
2.324109971523284912e+00 0.000000000000000000e+00 2.324109971523284912e+00 0.000000000000000000e+00
2.374089956283569336e+00 0.000000000000000000e+00 2.374089956283569336e+00 0.000000000000000000e+00
2.424069941043853760e+00 0.000000000000000000e+00 2.424069941043853760e+00 0.000000000000000000e+00
2.474049925804138184e+00 0.000000000000000000e+00 2.474049925804138184e+00 0.000000000000000000e+00
2.524029910564422607e+00 0.000000000000000000e+00 2.524029910564422607e+00 0.000000000000000000e+00
2.574009895324707031e+00 0.000000000000000000e+00 2.574009895324707031e+00 0.000000000000000000e+00
2.623989880084991455e+00 0.000000000000000000e+00 2.623989880084991455e+00 0.000000000000000000e+00
2.673969864845275879e+00 0.000000000000000000e+00 2.673969864845275879e+00 0.000000000000000000e+00
2.723949551582336426e+00 0.000000000000000000e+00 2.723949551582336426e+00 0.000000000000000000e+00
2.773929834365844727e+00 0.000000000000000000e+00 2.773929834365844727e+00 0.000000000000000000e+00
2.823910117149353027e+00 0.000000000000000000e+00 2.823910117149353027e+00 0.000000000000000000e+00
2.873889803886413574e+00 0.000000000000000000e+00 2.873889803886413574e+00 0.000000000000000000e+00
2.923870086669921875e+00 0.000000000000000000e+00 2.923870086669921875e+00 0.000000000000000000e+00
2.973849773406982422e+00 0.000000000000000000e+00 2.973849773406982422e+00 0.000000000000000000e+00
3.023830056190490723e+00 0.000000000000000000e+00 3.023830056190490723e+00 0.000000000000000000e+00
3.073809742927551270e+00 0.000000000000000000e+00 3.073809742927551270e+00 0.000000000000000000e+00
3.123790025711059570e+00 0.000000000000000000e+00 3.123790025711059570e+00 0.000000000000000000e+00
3.173769712448120117e+00 0.000000000000000000e+00 3.173769712448120117e+00 0.000000000000000000e+00
3.223749995231628418e+00 0.000000000000000000e+00 3.223749995231628418e+00 0.000000000000000000e+00
3.273729681968688965e+00 0.000000000000000000e+00 3.273729681968688965e+00 0.000000000000000000e+00
3.323709964752197266e+00 0.000000000000000000e+00 3.323709964752197266e+00 0.000000000000000000e+00
3.373689651489257812e+00 0.000000000000000000e+00 3.373689651489257812e+00 0.000000000000000000e+00
3.423669934272766113e+00 0.000000000000000000e+00 3.423669934272766113e+00 0.000000000000000000e+00
3.473649621009826660e+00 0.000000000000000000e+00 3.473649621009826660e+00 0.000000000000000000e+00
3.523629903793334961e+00 0.000000000000000000e+00 3.523629903793334961e+00 0.000000000000000000e+00
3.573609590530395508e+00 0.000000000000000000e+00 3.573609590530395508e+00 0.000000000000000000e+00
3.623589873313903809e+00 0.000000000000000000e+00 3.623589873313903809e+00 0.000000000000000000e+00
3.673569560050964355e+00 0.000000000000000000e+00 3.673569560050964355e+00 0.000000000000000000e+00
3.723549842834472656e+00 0.000000000000000000e+00 3.723549842834472656e+00 0.000000000000000000e+00
3.773529529571533203e+00 0.000000000000000000e+00 3.773529529571533203e+00 0.000000000000000000e+00
3.823509812355041504e+00 0.000000000000000000e+00 3.823509812355041504e+00 0.000000000000000000e+00
3.873490095138549805e+00 0.000000000000000000e+00 3.873490095138549805e+00 0.000000000000000000e+00
3.923469781875610352e+00 0.000000000000000000e+00 3.923469781875610352e+00 0.000000000000000000e+00
3.973450064659118652e+00 0.000000000000000000e+00 3.973450064659118652e+00 0.000000000000000000e+00
4.023429751396179199e+00 0.000000000000000000e+00 4.023429751396179199e+00 0.000000000000000000e+00
4.073410034179687500e+00 0.000000000000000000e+00 4.073410034179687500e+00 0.000000000000000000e+00
4.123389720916748047e+00 0.000000000000000000e+00 4.123389720916748047e+00 0.000000000000000000e+00
4.173370003700256348e+00 0.000000000000000000e+00 4.173370003700256348e+00 0.000000000000000000e+00
4.223349690437316895e+00 2.021344116656109691e-04 4.223349690437316895e+00 5.555555617320351303e-06
4.273329973220825195e+00 1.974334300030022860e-04 4.273329973220825195e+00 1.111111123464070261e-05
4.323309659957885742e+00 3.857907140627503395e-04 4.323309659957885742e+00 2.222222246928140521e-05
4.373289942741394043e+00 3.770234761759638786e-04 4.373289942741394043e+00 3.333333370392210782e-05
4.423269629478454590e+00 9.213758166879415512e-04 4.423269629478454590e+00 6.111110997153446078e-05
4.473249912261962891e+00 1.081083319149911404e-03 4.473249912261962891e+00 9.444444731343537569e-05
4.523229598999023438e+00 1.585990074090659618e-03 4.523229598999023438e+00 1.444444496883079410e-04
4.573209881782531738e+00 3.103023162111639977e-03 4.573209881782531738e+00 2.444444689899682999e-04
4.623189568519592285e+00 3.711018245667219162e-03 4.623189568519592285e+00 3.666667034849524498e-04
4.673169851303100586e+00 6.438681855797767639e-03 4.673169851303100586e+00 5.833333707414567471e-04
4.723149538040161133e+00 1.163653563708066940e-02 4.723149538040161133e+00 9.833334479480981827e-04
4.773129820823669434e+00 1.471742428839206696e-02 4.773129820823669434e+00 1.500000129453837872e-03
4.823109507560729980e+00 2.355829998850822449e-02 4.823109507560729980e+00 2.344444626942276955e-03
4.873089790344238281e+00 2.945433184504508972e-02 4.873089790344238281e+00 3.422222565859556198e-03
4.923069775104522705e+00 4.775138944387435913e-02 4.923069775104522705e+00 5.205555818974971771e-03
4.973049759864807129e+00 5.845927447080612183e-02 4.973049759864807129e+00 7.433333434164524078e-03
5.023030042648315430e+00 7.930791378021240234e-02 5.023030042648315430e+00 1.051666680723428726e-02
5.073009729385375977e+00 9.820643067359924316e-02 5.073009729385375977e+00 1.441111136227846146e-02
5.122990012168884277e+00 1.181433722376823425e-01 5.122990012168884277e+00 1.918888837099075317e-02
5.172969698905944824e+00 1.467261314392089844e-01 5.172969698905944824e+00 2.523888833820819855e-02
5.222949981689453125e+00 1.683803051710128784e-01 5.222949981689453125e+00 3.231666609644889832e-02
5.272929668426513672e+00 2.025503814220428467e-01 5.272929668426513672e+00 4.099444299936294556e-02
5.322909355163574219e+00 2.405651509761810303e-01 5.322909355163574219e+00 5.149722099304199219e-02
5.372889637947082520e+00 2.848217487335205078e-01 5.372889637947082520e+00 6.416666507720947266e-02
5.422869920730590820e+00 3.103039562702178955e-01 5.422869920730590820e+00 7.822777330875396729e-02
5.472849607467651367e+00 3.548570871353149414e-01 5.472849607467651367e+00 9.460555016994476318e-02
5.522829890251159668e+00 3.950406312942504883e-01 5.522829890251159668e+00 1.131722182035446167e-01
5.572810173034667969e+00 4.322130978107452393e-01 5.572810173034667969e+00 1.338555514812469482e-01
5.622789859771728516e+00 4.675609767436981201e-01 5.622789859771728516e+00 1.566333323717117310e-01
5.672769546508789062e+00 5.189031958580017090e-01 5.672769546508789062e+00 1.823638826608657837e-01
5.722749829292297363e+00 5.568906068801879883e-01 5.722749829292297363e+00 2.104666531085968018e-01
5.772730112075805664e+00 5.990543365478515625e-01 5.772730112075805664e+00 2.412277609109878540e-01
5.822709798812866211e+00 6.240217685699462891e-01 5.822709798812866211e+00 2.738277614116668701e-01
5.872689485549926758e+00 6.636149883270263672e-01 5.872689485549926758e+00 3.090944290161132812e-01
5.922669768333435059e+00 7.059684395790100098e-01 5.922669768333435059e+00 3.472527563571929932e-01
5.972650051116943359e+00 7.331092953681945801e-01 5.972650051116943359e+00 3.875499665737152100e-01
6.022629737854003906e+00 7.775061726570129395e-01 6.022629737854003906e+00 4.310055375099182129e-01
6.072609424591064453e+00 8.096280694007873535e-01 6.072609424591064453e+00 4.770110845565795898e-01
6.122589707374572754e+00 8.535100817680358887e-01 6.122589707374572754e+00 5.263110995292663574e-01
6.172569990158081055e+00 8.794757127761840820e-01 6.172569990158081055e+00 5.779444575309753418e-01
6.222549676895141602e+00 9.317156076431274414e-01 6.222549676895141602e+00 6.335333585739135742e-01
6.272529363632202148e+00 9.714412689208984375e-01 6.272529363632202148e+00 6.924278140068054199e-01
6.322509646415710449e+00 9.836627244949340820e-01 6.322509646415710449e+00 7.530167102813720703e-01
6.372489929199218750e+00 1.033401012420654297e+00 6.372489929199218750e+00 8.176805973052978516e-01
6.422469615936279297e+00 1.072901129722595215e+00 6.422469615936279297e+00 8.858722448348999023e-01
6.472449302673339844e+00 1.106337308883666992e+00 6.472449302673339844e+00 9.572889208793640137e-01
6.522430181503295898e+00 1.147593736648559570e+00 6.522430181503295898e+00 1.032516717910766602e+00
6.572409868240356445e+00 1.190139055252075195e+00 6.572409868240356445e+00 1.111733436584472656e+00
6.622389554977416992e+00 1.208984971046447754e+00 6.622389554977416992e+00 1.193433403968811035e+00
6.672369837760925293e+00 1.254605293273925781e+00 6.672369837760925293e+00 1.279500126838684082e+00
6.722350120544433594e+00 1.265762805938720703e+00 6.722350120544433594e+00 1.367639064788818359e+00
6.772329807281494141e+00 1.316417932510375977e+00 6.772329807281494141e+00 1.460672378540039062e+00
6.822309494018554688e+00 1.343044161796569824e+00 6.822309494018554688e+00 1.556994557380676270e+00
6.872289776802062988e+00 1.378178477287292480e+00 6.872289776802062988e+00 1.657289028167724609e+00
6.922270059585571289e+00 1.390313982963562012e+00 6.922270059585571289e+00 1.759944558143615723e+00
6.972249746322631836e+00 1.419122934341430664e+00 6.972249746322631836e+00 1.866244554519653320e+00
7.022229433059692383e+00 1.424274563789367676e+00 7.022229433059692383e+00 1.974466800689697266e+00
7.072209715843200684e+00 1.458621144294738770e+00 7.072209715843200684e+00 2.086880683898925781e+00
7.122189998626708984e+00 1.454761147499084473e+00 7.122189998626708984e+00 2.200588941574096680e+00
7.172169685363769531e+00 1.499794721603393555e+00 7.172169685363769531e+00 2.319466829299926758e+00
7.222149372100830078e+00 1.485932111740112305e+00 7.222149372100830078e+00 2.438894510269165039e+00
7.272129654884338379e+00 1.501532554626464844e+00 7.272129654884338379e+00 2.561249971389770508e+00
7.322109937667846680e+00 1.514772295951843262e+00 7.322109937667846680e+00 2.686388969421386719e+00
7.372089624404907227e+00 1.517306089401245117e+00 7.372089624404907227e+00 2.813452959060668945e+00
7.422069311141967773e+00 1.528988838195800781e+00 7.422069311141967773e+00 2.943238973617553711e+00
7.472049593925476074e+00 1.535651087760925293e+00 7.472049593925476074e+00 3.075350046157836914e+00
7.522029876708984375e+00 1.537977099418640137e+00 7.522029876708984375e+00 3.209439039230346680e+00
7.572009563446044922e+00 1.527176380157470703e+00 7.572009563446044922e+00 3.344361305236816406e+00
