S(Q) d_Q
0.19041 -0.151399
0.21123000000000003 -0.1461416
0.23205 -0.1433317
0.25287 -0.1390414
0.27369 -0.13563499999999998
0.29451 -0.13223189999999999
0.31533 -0.1286752
0.33615 -0.1244193
0.35697 -0.1196187
0.37779 -0.11407590000000001
0.39861009999999997 -0.1080585
0.4194301 -0.101187
0.44025010000000003 -0.09303478
0.4610701 -0.08359389
0.4818901 -0.07314915
0.5027100999999999 -0.06136911
0.5235301 -0.04793335
0.5443501000000001 -0.03281949
0.5651701 -0.01629766
0.5859901 0.002314638
0.6068101 0.02344536
0.6276301 0.04736347
0.6484501 0.07458858
0.6692701 0.10520070000000001
0.6900900999999999 0.14129370000000002
0.7109101 0.1831794
0.7317300999999999 0.23239920000000003
0.7525501 0.28967529999999997
0.7733701 0.35577329999999996
0.7941901 0.43244629999999995
0.8150102 0.5195658
0.8358302 0.6179263
0.8566502 0.7255465999999999
0.8774702 0.8399164000000001
0.8982902 0.9563833
0.9191101999999999 1.068856
0.9399301999999999 1.168958
0.9607502 1.249926
0.9815702 1.306569
1.00239 1.336372
1.02321 1.340847
1.04403 1.324279
1.06485 1.292494
1.0856700000000001 1.252069
1.10649 1.207948
1.12731 1.164568
1.1481299999999999 1.123969
1.16895 1.088022
1.18977 1.0578370000000001
1.21059 1.033341
1.2314100000000001 1.01439
1.25223 1.000419
1.27305 0.9907083000000001
1.29387 0.9846038
1.31469 0.9814546000000001
1.33551 0.9799783999999999
1.35633 0.9793200999999999
1.37715 0.97856
1.3979700000000002 0.9772078000000002
1.41879 0.9741306000000001
1.43961 0.9686469000000001
1.46043 0.9603940999999999
1.48125 0.9490475
1.50207 0.9346339
1.5228899999999999 0.9173357
1.5437100000000001 0.8977303
1.56453 0.8762056
1.58535 0.8533886999999999
1.60617 0.8301572
1.62699 0.8070973000000001
1.6478099999999998 0.7844594
1.6686299999999998 0.7633666
1.68945 0.7440312
1.7102700000000002 0.7268321999999999
1.7310900000000002 0.7118143
1.7519099999999999 0.6990798
1.77273 0.6885777
1.79355 0.6802541
1.81437 0.6742629
1.83519 0.6702435999999999
1.85601 0.6679578
1.87683 0.6674336
1.89765 0.66868
1.9184700000000001 0.6715526999999999
1.9392900000000002 0.6758993000000001
1.9601099999999998 0.6817593000000001
1.9809299999999999 0.6891465999999999
2.00175 0.6977627
2.02257 0.7075667
2.04339 0.7186425000000001
2.0642099999999997 0.7312683000000001
2.0850299999999997 0.7451103
2.10585 0.7598435
2.1266700000000003 0.7758255999999999
2.1474900000000003 0.7930617
2.16831 0.8113398
2.18913 0.8305809000000001
2.20995 0.8507833
2.23077 0.8715645000000001
2.25159 0.8928539000000001
2.272411 0.9146706
2.293231 0.9363113000000001
2.3140509999999996 0.9577733
2.3348709999999997 0.9791462
2.355691 0.9996629000000001
2.3765110000000003 1.018779
2.3973310000000003 1.0365739999999999
2.418151 1.05255
2.438971 1.066555
2.459791 1.07828
2.480611 1.087682
2.501431 1.09479
2.522251 1.099223
2.543071 1.101329
2.563891 1.101307
2.584711 1.099104
2.605531 1.095071
2.6263509999999997 1.089585
2.6471709999999997 1.0827149999999999
2.667991 1.0748950000000002
2.688811 1.0661909999999999
2.7096310000000003 1.056724
2.730451 1.046728
2.751271 1.036413
2.772091 1.0260209999999998
2.792911 1.015595
2.813731 1.00519
2.834551 0.9948829
2.855371 0.9844888
2.876191 0.9742675
2.897011 0.9639976999999998
2.917831 0.9541296999999999
2.9386509999999997 0.9444134
2.9594709999999997 0.9347025999999999
2.980291 0.9253366
3.001111 0.9162808000000001
3.021931 0.9073331
3.042751 0.8986584000000001
3.063571 0.890057
3.084391 0.8818849
3.105211 0.8739508
3.1260310000000002 0.8660610000000001
3.146851 0.8581645
3.167671 0.8505679
3.188491 0.8431401
3.209311 0.8360066999999999
3.230131 0.8290288
3.2509509999999997 0.8223575999999999
3.2717709999999998 0.8156340999999999
3.2925910000000003 0.8091213
3.313411 0.8030263000000001
3.334231 0.7970775999999999
3.355051 0.7912373
3.375871 0.7855659
3.3966910000000006 0.7800733
3.417511 0.7748203
3.438331 0.769717
3.4591510000000003 0.7646116
3.479971 0.7597399
3.5007910000000004 0.7552365
3.521611 0.7508079000000001
3.5424309999999997 0.7464428000000001
3.563251 0.7421338000000001
3.584071 0.7380524
3.6048910000000003 0.7342192
3.625711 0.7306456
3.646531 0.7273682
3.667351 0.7241536
3.688171 0.7211128000000001
3.708991 0.7185107
3.729811 0.716067
3.750631 0.7138765
3.7714510000000003 0.7121121
3.792271 0.7106939999999999
3.8130910000000005 0.7096461
3.833911 0.7089449999999999
3.8547309999999997 0.7086138000000001
3.875551 0.7088305
3.896371 0.7095587
3.9171910000000003 0.7105285
3.938011 0.711973
3.958831 0.714166
3.979651 0.7167453
4.000471 0.7198097
4.021291000000001 0.7234341
4.042111 0.7275981
4.062931 0.7324696999999999
4.083751 0.7379241
4.104571 0.7440126
4.1253910000000005 0.7505227
4.146211 0.7576109000000001
4.167031 0.7651429
4.187851 0.7732998000000001
4.208671 0.7822332
4.229491 0.7918206
4.250311 0.8019215999999999
4.271131 0.8128498000000001
4.291951 0.8241113999999999
4.312771 0.8358686
4.333591 0.8481248
4.354411 0.8612099
4.375230999999999 0.8748081
4.396051 0.8886613999999999
4.4168709999999995 0.9028629000000001
4.437691 0.9174794
4.458511 0.932651
4.479331 0.9482236999999999
4.500151 0.9642763000000001
4.520971 0.9807060999999999
4.541791 0.9974824000000001
4.562611 1.0142440000000001
4.583431 1.031542
4.6042510000000005 1.049082
4.625071 1.066489
4.645891000000001 1.084092
4.666711 1.1017299999999999
4.687531 1.1193899999999999
4.708351 1.13685
4.729171 1.154145
4.7499910000000005 1.171426
4.770811 1.188267
4.791631 1.204805
4.812451 1.220836
4.833271 1.23622
4.854091 1.251306
4.874911 1.265719
4.895731 1.279374
4.916551 1.2921
4.937371 1.304233
4.958191 1.3155379999999999
4.979011 1.3259370000000001
4.9998309999999995 1.335359
5.020651 1.343856
5.041471 1.351105
5.062291 1.357336
5.083111 1.362977
5.103930999999999 1.3676700000000002
5.124751 1.371176
5.145571 1.373177
5.166391 1.3743290000000001
5.1872110000000005 1.374333
5.208031 1.372391
5.228851000000001 1.371197
5.249671 1.368706
5.270491000000001 1.3648120000000001
5.291311 1.3599569999999999
5.312131 1.354314
5.332951 1.348298
5.353771 1.341227
5.374591000000001 1.3331959999999998
5.395411 1.324586
5.416231 1.315353
5.437051 1.305597
5.457871 1.295549
5.478691 1.285143
5.499511 1.2742149999999999
5.520331 1.262997
5.541151 1.251333
5.561971 1.2395200000000002
5.582791 1.227694
5.603611 1.215517
5.6244309999999995 1.203375
5.645251 1.191414
5.666071 1.179217
5.686891 1.166942
5.707711 1.154919
5.728530999999999 1.143191
5.749351 1.1315629999999999
5.7701709999999995 1.1200370000000002
5.790991 1.1087360000000002
5.811811 1.09768
5.832631 1.086774
5.853451000000001 1.0763
5.874271 1.0664770000000001
5.895091000000001 1.056809
5.915911 1.0472780000000002
5.936731 1.038414
5.9575510000000005 1.029982
5.978371 1.021825
5.999191000000001 1.01426
6.020011 1.007298
6.040831 1.0006620000000002
6.061651 0.9946028
6.082471 0.9889177
6.1032910000000005 0.9835540999999999
6.124111 0.979042
6.144931 0.9749620999999999
6.165751 0.9714226999999999
6.186571 0.9680915000000001
6.207391 0.9652108
6.228211 0.962759
6.249031 0.9607861999999999
6.269851 0.9594374
6.290671 0.9583349
6.311491 0.9575906999999999
6.332311 0.9569759
6.353130999999999 0.956659
6.373951 0.9566648000000001
6.3947709999999995 0.9568460999999999
6.415591 0.9570108
6.436412000000001 0.9576412000000001
6.457232 0.9583558000000001
6.478052 0.9594246
6.498872 0.9605277
6.519692 0.9616928
6.5405120000000005 0.9631187
6.561332000000001 0.9645226999999998
6.582152000000001 0.9661708000000001
6.602972 0.9679040999999999
6.623792 0.9693648000000001
6.6446119999999995 0.9705853000000001
6.665432000000001 0.9720674000000001
6.6862520000000005 0.9734011999999999
6.707072 0.9747578000000001
6.727892 0.9763431
6.748711999999999 0.9775396000000001
6.769532000000001 0.9785963
6.790352 0.9794683000000001
6.811172 0.9800296999999999
6.831992 0.9805371999999999
6.852811999999999 0.9811101000000001
6.873632000000001 0.9814868
6.894452 0.9819041
6.915272 0.9818093000000001
6.9360919999999995 0.9815815
6.956911999999999 0.9812354
6.9777320000000005 0.9812347
6.998552 0.9809271
7.019372 0.9805825999999999
7.040192 0.9797405
7.061012 0.9790998
7.081832 0.9785616
7.102652 0.9776966
7.1234720000000005 0.9768831
7.144292 0.9760190000000001
7.165112 0.975159
7.185932000000001 0.9744834000000001
7.206752000000001 0.9733228
7.227572 0.9721370999999999
7.248392 0.971045
7.269212 0.9701078000000002
7.290032000000001 0.9692105999999999
7.310852000000001 0.9682728
7.331672 0.9671232
7.352492 0.9655153000000001
7.373311999999999 0.9655428
7.394132000000001 0.9647818000000001
7.414952 0.9639040999999999
7.435772 0.9629199
7.456592 0.9620639999999999
7.477411999999999 0.9612542
7.498232000000001 0.9604388
7.519052 0.9597823
7.539872 0.9589310999999999
7.5606919999999995 0.9584181
7.581511999999999 0.9576876
7.6023320000000005 0.9571364
7.623152 0.9566261
7.643972 0.9559152
7.664791999999999 0.9551544
7.685612 0.9545425
7.706432 0.9538636
7.727252 0.9534216
7.7480720000000005 0.9531635
7.768892 0.9529871999999999
7.789712 0.9525081
7.810532000000001 0.9520525
7.831352000000001 0.9515621
7.852172 0.9512173
7.872992 0.9511113000000001
7.893812 0.9510409
7.914632000000001 0.9512123
7.935452000000001 0.9512982
7.956272 0.9511396999999999
7.977092 0.951139
7.9979119999999995 0.9510969000000001
8.018732 0.9511356
8.039552 0.9512526
8.060372000000001 0.9514754000000001
8.081192 0.9518493
8.102012 0.9522229
8.122832 0.9527565999999998
8.143652000000001 0.9528738000000001
8.164472 0.9533593
8.185292 0.9539632
8.206112 0.9548885
8.226932000000001 0.9560204
8.247752 0.957034
8.268572 0.9582957000000001
8.289392 0.9593392
8.310212 0.9602389000000001
8.331032 0.9615761999999999
8.351852000000001 0.9630634
8.372672 0.9647600000000001
8.393492 0.9663454
8.414311999999999 0.9679267
8.435132000000001 0.9696171
8.455952 0.9714318999999999
8.476772 0.9730247999999999
8.497592 0.9748029
8.518412 0.9767976999999999
8.539232 0.9787225
8.560052 0.9806275999999999
8.580872 0.9823856
8.601692 0.9842970999999999
8.622512 0.9865818000000001
8.643332000000001 0.9886279
8.664152 0.9902681999999999
8.684972 0.9922902
8.705792 0.994287
8.726612 0.9962556999999999
8.747432 0.9983103000000001
8.768252 1.000701
8.789072 1.002964
8.809892 1.0046629999999999
8.830712 1.006441
8.851532 1.008566
8.872352000000001 1.0107899999999999
8.893172 1.012985
8.913992 1.0151569999999999
8.934811999999999 1.017328
8.955632000000001 1.019825
8.976452 1.0222440000000002
8.997272 1.024636
9.018092 1.026817
9.038912 1.029444
9.059732 1.031827
9.080552 1.034538
9.101372 1.037612
9.122192 1.040368
9.143011999999999 1.042891
9.163832000000001 1.04588
9.184652 1.049399
9.205472 1.0527389999999999
9.226291999999999 1.055721
9.247112 1.058905
9.267932 1.0622040000000001
9.288752 1.066087
9.309572 1.069887
9.330392 1.073373
9.351212 1.077123
9.372032 1.081235
9.392852 1.085125
9.413672 1.088953
9.434492 1.092801
9.455312 1.09679
9.476132000000002 1.100626
9.496952 1.10456
9.517772 1.108582
9.538592 1.112011
9.559412 1.116118
9.580232 1.1207049999999998
9.601052000000001 1.124331
9.621872 1.128249
9.642692 1.13227
9.663511999999999 1.136083
9.684332000000001 1.140015
9.705152 1.144147
9.725972 1.147858
9.746792 1.151551
9.767612 1.1551200000000001
9.788432 1.158224
9.809252 1.160907
9.830072 1.163706
9.850892 1.16669
9.871711999999999 1.1690129999999999
9.892532000000001 1.171241
9.913352 1.172795
9.934172 1.173401
9.954991999999999 1.175805
9.975812 1.178022
9.996632 1.178875
10.01745 1.179298
10.038269999999999 1.179757
10.05909 1.179916
10.07991 1.179586
10.10073 1.179036
10.12155 1.178358
10.14237 1.177351
10.16319 1.175858
10.18401 1.174234
10.204830000000001 1.172051
10.22565 1.169448
10.24647 1.166767
10.26729 1.16345
10.288110000000001 1.1601110000000001
10.30893 1.156036
10.32975 1.151558
10.35057 1.1468260000000001
10.37139 1.1421379999999999
10.39221 1.137207
10.413030000000001 1.1325379999999998
10.43385 1.1266399999999999
10.45467 1.121111
10.475489999999999 1.114739
10.496310000000001 1.10816
10.51713 1.101845
10.53795 1.0948579999999999
10.558769999999999 1.087963
10.57959 1.081292
10.60041 1.074272
10.62123 1.067244
10.64205 1.0601530000000001
10.66287 1.0527540000000002
10.683689999999999 1.044987
10.70451 1.037692
10.72533 1.030783
10.74615 1.0235040000000002
10.76697 1.0161799999999999
10.78779 1.009082
10.80861 1.002359
10.82943 0.9955054
10.85025 0.9882867000000001
10.87107 0.9818309999999999
10.89189 0.9758385
10.91271 0.9695828000000002
10.933530000000001 0.9641898000000001
10.95435 0.9579017
10.97517 0.9529569
10.995989999999999 0.9480207
11.016810000000001 0.9427059999999999
11.03763 0.9380556000000001
11.05845 0.9335530000000001
11.07927 0.9296589
11.10009 0.925945
11.12091 0.9224521000000001
11.14173 0.9192874
11.16255 0.9163913
11.18337 0.9135652
11.204189999999999 0.9116537
11.225010000000001 0.9095396000000001
11.24583 0.907168
11.26665 0.9058790999999999
11.287469999999999 0.9044205
11.30829 0.9030243
11.32911 0.9024331
11.34993 0.9018732
11.37075 0.9016209000000001
11.39157 0.9015155
11.41239 0.9014851
11.43321 0.9017665000000001
11.45403 0.9019568000000001
11.47485 0.9021870000000001
11.49567 0.9031752000000001
11.51649 0.9041578000000001
11.53731 0.9051504000000001
11.55813 0.9068485000000001
11.57895 0.9074908000000002
11.59977 0.9087281999999999
11.62059 0.9108539000000001
11.64141 0.9123703000000001
11.662230000000001 0.9138232
11.68305 0.9153582
11.70387 0.9170904000000001
11.724689999999999 0.9190229999999999
11.745510000000001 0.921098
11.76633 0.922452
11.78715 0.9240296
11.80797 0.9255783000000001
11.82879 0.9274978000000001
11.84961 0.9299405999999999
11.87043 0.9325269
11.89125 0.9344121999999999
11.91207 0.9363986999999999
11.932889999999999 0.938622
11.953710000000001 0.9410698000000001
11.97453 0.9431067
11.99535 0.9452895
12.016169999999999 0.9471671999999999
12.03699 0.9488317
12.05781 0.9506761999999999
12.07863 0.9530231
12.09945 0.9547578000000001
12.12027 0.9564093000000001
12.14109 0.9573494
12.16191 0.9585975
12.182730000000001 0.9608846999999999
12.20355 0.9622708000000001
12.22437 0.9632485000000001
12.24519 0.9646186
12.266010000000001 0.9663487
12.28683 0.9676084
12.30765 0.967965
12.32847 0.9683283000000001
12.34929 0.9691721999999999
12.37011 0.9696745999999999
12.39093 0.9706437
12.41175 0.9707860999999999
12.43257 0.9704736999999999
12.453389999999999 0.9713556000000001
12.474210000000001 0.9721685999999999
12.49503 0.9726046999999999
12.51585 0.9724974000000001
12.536669999999999 0.9724246
12.55749 0.9729825000000001
12.57831 0.9732559000000001
12.59913 0.9727589
12.61995 0.9726249
12.64077 0.9721793
12.661589999999999 0.972175
12.68241 0.9719819
12.70323 0.9713122999999999
12.72405 0.9708408000000002
12.74487 0.9707515
12.76569 0.9698504000000001
12.78651 0.9697435999999999
12.80733 0.9693521999999999
12.82815 0.9692379999999999
12.84897 0.9687587
12.86979 0.9683071
12.89061 0.9676769000000001
12.911430000000001 0.9668641
12.93225 0.9666309000000001
12.95307 0.9654625
12.973889999999999 0.9652622999999999
12.994710000000001 0.9654098
13.01553 0.9649015999999999
13.03635 0.9638178
13.05717 0.9625696
13.07799 0.9629778
13.09881 0.9624275
13.119629999999999 0.9619033000000001
13.14045 0.9615505
13.161270000000002 0.9611433000000001
13.182089999999999 0.9611279
13.202910000000001 0.9612785
13.223729999999998 0.9608764999999999
13.24455 0.9595806
13.26537 0.9602301999999999
13.28619 0.9605921999999999
13.30701 0.9605292
13.327829999999999 0.9601030999999999
13.34865 0.9600277
13.369470000000002 0.9599306000000001
13.39029 0.9602169
13.41111 0.9603524
13.43193 0.9603753
13.45275 0.9602136
13.47357 0.9599399
13.49439 0.9604928
13.51521 0.9609539
13.536029999999998 0.9605146000000001
13.55685 0.9609158000000001
13.577670000000001 0.9616534999999999
13.59849 0.9626091999999998
13.61931 0.9621811
13.64013 0.9625104999999999
13.66095 0.9632847
13.681770000000002 0.9639958000000001
13.702589999999999 0.9648947
13.723410000000001 0.9654079
13.744229999999998 0.9666351000000001
13.76505 0.9674815000000001
13.785870000000001 0.9687475
13.80669 0.9698764000000001
13.82751 0.9705596
13.848329999999999 0.9711656999999999
13.86915 0.9716128
13.889970000000002 0.9729751
13.910789999999999 0.9741192
13.931610000000001 0.9756764000000001
13.95243 0.9774185
13.97325 0.9787584
13.99407 0.9804065000000001
14.01489 0.9813528
14.03571 0.9818520000000001
14.056529999999999 0.9835412
14.07735 0.9862464
14.098170000000001 0.9880893
14.11899 0.9901542
14.13981 0.9917756999999999
14.16063 0.9930131
14.18145 0.9950758
14.20227 0.9972931
14.22309 0.9987674000000001
14.243910000000001 1.0002360000000001
14.264729999999998 1.002034
14.28555 1.004048
14.306370000000001 1.005693
14.32719 1.006915
14.34801 1.008476
14.368829999999999 1.0105879999999998
14.38965 1.012457
14.410470000000002 1.014197
14.431289999999999 1.015566
14.452110000000001 1.01675
14.472929999999998 1.018694
14.49375 1.019984
14.51457 1.022101
14.53539 1.023052
14.55621 1.024186
14.577029999999999 1.025647
14.59785 1.027158
14.618670000000002 1.028864
14.639489999999999 1.030585
14.66031 1.031716
14.68113 1.032243
14.70195 1.03324
14.72277 1.0341850000000001
14.74359 1.0351219999999999
14.76441 1.035236
14.785229999999999 1.035434
14.80605 1.036289
14.826870000000001 1.037768
14.84769 1.0383040000000001
14.86851 1.038833
14.88933 1.038938
14.91015 1.038471
14.93097 1.038361
14.951789999999999 1.03936
14.972610000000001 1.039492
14.993429999999998 1.039777
15.01425 1.0402770000000001
15.035070000000001 1.0401040000000001
15.05589 1.040382
15.07671 1.039611
15.097529999999999 1.040018
15.11835 1.039464
15.139170000000002 1.038554
15.159989999999999 1.037273
15.180810000000001 1.0364280000000001
15.201629999999998 1.0354940000000001
15.22245 1.034846
15.24327 1.033894
15.26409 1.032093
15.28491 1.03118
15.305729999999999 1.030342
15.32655 1.0296239999999999
15.347370000000002 1.028482
15.36819 1.0270299999999999
15.38901 1.025439
15.40983 1.023542
15.43065 1.021631
15.45147 1.021141
15.47229 1.019831
15.49311 1.018592
15.513929999999998 1.016697
15.53475 1.015274
15.555570000000001 1.0138610000000001
15.57639 1.011894
15.59721 1.009917
15.61803 1.007983
15.63885 1.0052370000000002
15.659670000000002 1.004438
15.680489999999999 1.0034379999999998
15.701310000000001 1.002651
15.722129999999998 1.0002870000000001
15.74295 0.9977599
15.763770000000001 0.9962001
15.78459 0.9947415999999999
15.80541 0.9926226
15.826229999999999 0.9914011999999999
15.84705 0.9902114
15.867870000000002 0.9885243
15.888689999999999 0.9870898000000001
15.909510000000001 0.9865771000000001
15.93033 0.9861667
15.95115 0.9834915999999999
15.97197 0.9824987
15.99279 0.9822401
16.01361 0.9811055000000001
16.03443 0.9802446
16.05525 0.9790700999999999
16.07607 0.9786405
16.09689 0.9795482
16.11771 0.9799747
16.13853 0.9798292
16.15935 0.9796246
16.18017 0.9793094999999999
16.20099 0.979203
16.22181 0.9795149
16.24263 0.9796687
16.26345 0.9801584000000001
16.284270000000003 0.9805020000000001
16.30509 0.9817870000000001
16.32591 0.9825863000000001
16.346729999999997 0.9837596
16.36755 0.9848087
16.388370000000002 0.9868475
16.40919 0.9879475000000001
16.43001 0.9892046
16.45083 0.9909584000000001
16.47165 0.9927984000000001
16.49247 0.9941146000000001
