# distance (\AA)	RDF	distance (\AA)	cdf
1.249899994581937790e-01 0.000000000000000000e+00 1.249899994581937790e-01 0.000000000000000000e+00
1.749699935317039490e-01 0.000000000000000000e+00 1.749699935317039490e-01 0.000000000000000000e+00
2.249499782919883728e-01 0.000000000000000000e+00 2.249499782919883728e-01 0.000000000000000000e+00
2.749300003051757812e-01 0.000000000000000000e+00 2.749300003051757812e-01 0.000000000000000000e+00
3.249099850654602051e-01 0.000000000000000000e+00 3.249099850654602051e-01 0.000000000000000000e+00
3.748899698257446289e-01 0.000000000000000000e+00 3.748899698257446289e-01 0.000000000000000000e+00
4.248699918389320374e-01 0.000000000000000000e+00 4.248699918389320374e-01 0.000000000000000000e+00
4.748500138521194458e-01 0.000000000000000000e+00 4.748500138521194458e-01 0.000000000000000000e+00
5.248299986124038696e-01 0.000000000000000000e+00 5.248299986124038696e-01 0.000000000000000000e+00
5.748099833726882935e-01 0.000000000000000000e+00 5.748099833726882935e-01 0.000000000000000000e+00
6.247899681329727173e-01 0.000000000000000000e+00 6.247899681329727173e-01 0.000000000000000000e+00
6.747699528932571411e-01 0.000000000000000000e+00 6.747699528932571411e-01 0.000000000000000000e+00
7.247499376535415649e-01 0.000000000000000000e+00 7.247499376535415649e-01 0.000000000000000000e+00
7.747299969196319580e-01 0.000000000000000000e+00 7.747299969196319580e-01 0.000000000000000000e+00
8.247099816799163818e-01 0.000000000000000000e+00 8.247099816799163818e-01 0.000000000000000000e+00
8.746899664402008057e-01 0.000000000000000000e+00 8.746899664402008057e-01 0.000000000000000000e+00
9.246699512004852295e-01 0.000000000000000000e+00 9.246699512004852295e-01 0.000000000000000000e+00
9.746499359607696533e-01 0.000000000000000000e+00 9.746499359607696533e-01 0.000000000000000000e+00
1.024629920721054077e+00 0.000000000000000000e+00 1.024629920721054077e+00 0.000000000000000000e+00
1.074609979987144470e+00 0.000000000000000000e+00 1.074609979987144470e+00 0.000000000000000000e+00
1.124589964747428894e+00 0.000000000000000000e+00 1.124589964747428894e+00 0.000000000000000000e+00
1.174569949507713318e+00 0.000000000000000000e+00 1.174569949507713318e+00 0.000000000000000000e+00
1.224549934267997742e+00 0.000000000000000000e+00 1.224549934267997742e+00 0.000000000000000000e+00
1.274529993534088135e+00 0.000000000000000000e+00 1.274529993534088135e+00 0.000000000000000000e+00
1.324509978294372559e+00 0.000000000000000000e+00 1.324509978294372559e+00 0.000000000000000000e+00
1.374489963054656982e+00 0.000000000000000000e+00 1.374489963054656982e+00 0.000000000000000000e+00
1.424469947814941406e+00 0.000000000000000000e+00 1.424469947814941406e+00 0.000000000000000000e+00
1.474450081586837769e+00 0.000000000000000000e+00 1.474450081586837769e+00 0.000000000000000000e+00
1.524430066347122192e+00 0.000000000000000000e+00 1.524430066347122192e+00 0.000000000000000000e+00
1.574410051107406616e+00 0.000000000000000000e+00 1.574410051107406616e+00 0.000000000000000000e+00
1.624390035867691040e+00 0.000000000000000000e+00 1.624390035867691040e+00 0.000000000000000000e+00
1.674370020627975464e+00 0.000000000000000000e+00 1.674370020627975464e+00 0.000000000000000000e+00
1.724350005388259888e+00 0.000000000000000000e+00 1.724350005388259888e+00 0.000000000000000000e+00
1.774329990148544312e+00 0.000000000000000000e+00 1.774329990148544312e+00 0.000000000000000000e+00
1.824309974908828735e+00 0.000000000000000000e+00 1.824309974908828735e+00 0.000000000000000000e+00
1.874289959669113159e+00 0.000000000000000000e+00 1.874289959669113159e+00 0.000000000000000000e+00
1.924269944429397583e+00 0.000000000000000000e+00 1.924269944429397583e+00 0.000000000000000000e+00
1.974250078201293945e+00 0.000000000000000000e+00 1.974250078201293945e+00 0.000000000000000000e+00
2.024230062961578369e+00 0.000000000000000000e+00 2.024230062961578369e+00 0.000000000000000000e+00
2.074210047721862793e+00 0.000000000000000000e+00 2.074210047721862793e+00 0.000000000000000000e+00
2.124190032482147217e+00 0.000000000000000000e+00 2.124190032482147217e+00 0.000000000000000000e+00
2.174170017242431641e+00 0.000000000000000000e+00 2.174170017242431641e+00 0.000000000000000000e+00
2.224150002002716064e+00 0.000000000000000000e+00 2.224150002002716064e+00 0.000000000000000000e+00
2.274129986763000488e+00 0.000000000000000000e+00 2.274129986763000488e+00 0.000000000000000000e+00
2.324109971523284912e+00 0.000000000000000000e+00 2.324109971523284912e+00 0.000000000000000000e+00
2.374089956283569336e+00 0.000000000000000000e+00 2.374089956283569336e+00 0.000000000000000000e+00
2.424069941043853760e+00 0.000000000000000000e+00 2.424069941043853760e+00 0.000000000000000000e+00
2.474049925804138184e+00 0.000000000000000000e+00 2.474049925804138184e+00 0.000000000000000000e+00
2.524029910564422607e+00 0.000000000000000000e+00 2.524029910564422607e+00 0.000000000000000000e+00
2.574009895324707031e+00 0.000000000000000000e+00 2.574009895324707031e+00 0.000000000000000000e+00
2.623989880084991455e+00 0.000000000000000000e+00 2.623989880084991455e+00 0.000000000000000000e+00
2.673969864845275879e+00 0.000000000000000000e+00 2.673969864845275879e+00 0.000000000000000000e+00
2.723949551582336426e+00 0.000000000000000000e+00 2.723949551582336426e+00 0.000000000000000000e+00
2.773929834365844727e+00 0.000000000000000000e+00 2.773929834365844727e+00 0.000000000000000000e+00
2.823910117149353027e+00 0.000000000000000000e+00 2.823910117149353027e+00 0.000000000000000000e+00
2.873889803886413574e+00 0.000000000000000000e+00 2.873889803886413574e+00 0.000000000000000000e+00
2.923870086669921875e+00 0.000000000000000000e+00 2.923870086669921875e+00 0.000000000000000000e+00
2.973849773406982422e+00 0.000000000000000000e+00 2.973849773406982422e+00 0.000000000000000000e+00
3.023830056190490723e+00 0.000000000000000000e+00 3.023830056190490723e+00 0.000000000000000000e+00
3.073809742927551270e+00 0.000000000000000000e+00 3.073809742927551270e+00 0.000000000000000000e+00
3.123790025711059570e+00 0.000000000000000000e+00 3.123790025711059570e+00 0.000000000000000000e+00
3.173769712448120117e+00 0.000000000000000000e+00 3.173769712448120117e+00 0.000000000000000000e+00
3.223749995231628418e+00 0.000000000000000000e+00 3.223749995231628418e+00 0.000000000000000000e+00
3.273729681968688965e+00 0.000000000000000000e+00 3.273729681968688965e+00 0.000000000000000000e+00
3.323709964752197266e+00 0.000000000000000000e+00 3.323709964752197266e+00 0.000000000000000000e+00
3.373689651489257812e+00 0.000000000000000000e+00 3.373689651489257812e+00 0.000000000000000000e+00
3.423669934272766113e+00 6.042710811016149819e-05 3.423669934272766113e+00 2.182843672926537693e-06
3.473649621009826660e+00 5.283090868033468723e-04 3.473649621009826660e+00 2.182843672926537693e-05
3.523629903793334961e+00 2.167804399505257607e-03 3.523629903793334961e+00 1.047764963004738092e-04
3.573609590530395508e+00 7.182441186159849167e-03 3.573609590530395508e+00 3.874547546729445457e-04
3.623589873313903809e+00 1.885324716567993164e-02 3.623589873313903809e+00 1.150358701124787331e-03
3.673569560050964355e+00 5.051756650209426880e-02 3.673569560050964355e+00 3.251345828175544739e-03
3.723549842834472656e+00 1.051865071058273315e-01 3.723549842834472656e+00 7.745821028947830200e-03
3.773529529571533203e+00 1.841444671154022217e-01 3.773529529571533203e+00 1.582670956850051880e-02
3.823509812355041504e+00 3.115789592266082764e-01 3.823509812355041504e+00 2.986457757651805878e-02
3.873490095138549805e+00 4.882000684738159180e-01 3.873490095138549805e+00 5.243845283985137939e-02
3.923469781875610352e+00 6.914559006690979004e-01 3.923469781875610352e+00 8.524113893508911133e-02
3.973450064659118652e+00 9.226285219192504883e-01 3.973450064659118652e+00 1.301329582929611206e-01
4.023429751396179199e+00 1.124465703964233398e+00 4.023429751396179199e+00 1.862304061651229858e-01
4.073410034179687500e+00 1.298200249671936035e+00 4.073410034179687500e+00 2.526139616966247559e-01
4.123389720916748047e+00 1.450085282325744629e+00 4.123389720916748047e+00 3.285954594612121582e-01
4.173370003700256348e+00 1.549853920936584473e+00 4.173370003700256348e+00 4.117847084999084473e-01
4.223349690437316895e+00 1.635397911071777344e+00 4.223349690437316895e+00 5.016807317733764648e-01
4.273329973220825195e+00 1.680464863777160645e+00 4.273329973220825195e+00 5.962535142898559570e-01
4.323309659957885742e+00 1.704612612724304199e+00 4.323309659957885742e+00 6.944422125816345215e-01
4.373289942741394043e+00 1.733351111412048340e+00 4.373289942741394043e+00 7.966080307960510254e-01
4.423269629478454590e+00 1.759179592132568359e+00 4.423269629478454590e+00 9.026800394058227539e-01
4.473249912261962891e+00 1.786567091941833496e+00 4.473249912261962891e+00 1.012851476669311523e+00
4.523229598999023438e+00 1.774743556976318359e+00 4.523229598999023438e+00 1.124752759933471680e+00
4.573209881782531738e+00 1.780697107315063477e+00 4.573209881782531738e+00 1.239524483680725098e+00
4.623189568519592285e+00 1.790948510169982910e+00 4.623189568519592285e+00 1.357494115829467773e+00
4.673169851303100586e+00 1.802572131156921387e+00 4.673169851303100586e+00 1.478810071945190430e+00
4.723149538040161133e+00 1.815994262695312500e+00 4.723149538040161133e+00 1.603657841682434082e+00
4.773129820823669434e+00 1.837266325950622559e+00 4.773129820823669434e+00 1.732655167579650879e+00
4.823109507560729980e+00 1.827060580253601074e+00 4.823109507560729980e+00 1.863636732101440430e+00
4.873089790344238281e+00 1.819489598274230957e+00 4.873089790344238281e+00 1.996792316436767578e+00
4.923069775104522705e+00 1.804886817932128906e+00 4.923069775104522705e+00 2.131603717803955078e+00
4.973049759864807129e+00 1.822604656219482422e+00 4.973049759864807129e+00 2.270516157150268555e+00
5.023030042648315430e+00 1.877248167991638184e+00 5.023030042648315430e+00 2.416483402252197266e+00
5.073009729385375977e+00 1.958167314529418945e+00 5.073009729385375977e+00 2.571788311004638672e+00
5.122990012168884277e+00 2.073743104934692383e+00 5.122990012168884277e+00 2.739514827728271484e+00
5.172969698905944824e+00 2.130472660064697266e+00 5.172969698905944824e+00 2.915207624435424805e+00
5.222949981689453125e+00 2.089527130126953125e+00 5.222949981689453125e+00 3.090872049331665039e+00
5.272929668426513672e+00 1.955334544181823730e+00 5.272929668426513672e+00 3.258415222167968750e+00
5.322909355163574219e+00 1.750818014144897461e+00 5.322909355163574219e+00 3.411292314529418945e+00
5.372889637947082520e+00 1.496742248535156250e+00 5.372889637947082520e+00 3.544448614120483398e+00
5.422869920730590820e+00 1.280091881752014160e+00 5.422869920730590820e+00 3.660460710525512695e+00
5.472849607467651367e+00 1.146535158157348633e+00 5.472849607467651367e+00 3.766293048858642578e+00
5.522829890251159668e+00 1.049677252769470215e+00 5.522829890251159668e+00 3.864961385726928711e+00
5.572810173034667969e+00 9.928672909736633301e-01 5.572810173034667969e+00 3.959987640380859375e+00
5.622789859771728516e+00 9.474352598190307617e-01 5.622789859771728516e+00 4.052298545837402344e+00
5.672769546508789062e+00 9.054404497146606445e-01 5.672769546508789062e+00 4.142093658447265625e+00
5.722749829292297363e+00 8.753979802131652832e-01 5.722749829292297363e+00 4.230445384979248047e+00
5.772730112075805664e+00 8.595438003540039062e-01 5.772730112075805664e+00 4.318719387054443359e+00
5.822709798812866211e+00 8.426113128662109375e-01 5.822709798812866211e+00 4.406758308410644531e+00
5.872689485549926758e+00 8.276091217994689941e-01 5.872689485549926758e+00 4.494721889495849609e+00
5.922669768333435059e+00 8.216300010681152344e-01 5.922669768333435059e+00 4.583541870117187500e+00
5.972650051116943359e+00 8.185135722160339355e-01 5.972650051116943359e+00 4.673525333404541016e+00
6.022629737854003906e+00 8.172149658203125000e-01 6.022629737854003906e+00 4.764874935150146484e+00
6.072609424591064453e+00 8.205534219741821289e-01 6.072609424591064453e+00 4.858127593994140625e+00
6.122589707374572754e+00 8.137886524200439453e-01 6.122589707374572754e+00 4.952138900756835938e+00
6.172569990158081055e+00 8.107693791389465332e-01 6.172569990158081055e+00 5.047338008880615234e+00
6.222549676895141602e+00 8.136419057846069336e-01 6.222549676895141602e+00 5.144426345825195312e+00
6.272529363632202148e+00 8.222501277923583984e-01 6.272529363632202148e+00 5.244125366210937500e+00
6.322509646415710449e+00 8.276761770248413086e-01 6.322509646415710449e+00 5.346086978912353516e+00
6.372489929199218750e+00 8.187688589096069336e-01 6.372489929199218750e+00 5.448554039001464844e+00
6.422469615936279297e+00 8.148633241653442383e-01 6.422469615936279297e+00 5.552136421203613281e+00
6.472449302673339844e+00 8.266438841819763184e-01 6.472449302673339844e+00 5.658860206604003906e+00
6.522430181503295898e+00 8.264672160148620605e-01 6.522430181503295898e+00 5.767214298248291016e+00
6.572409868240356445e+00 8.214869499206542969e-01 6.572409868240356445e+00 5.876572132110595703e+00
6.622389554977416992e+00 8.169995546340942383e-01 6.622389554977416992e+00 5.986993312835693359e+00
6.672369837760925293e+00 8.058872222900390625e-01 6.672369837760925293e+00 6.097561836242675781e+00
6.722350120544433594e+00 7.930765151977539062e-01 6.722350120544433594e+00 6.208010673522949219e+00
6.772329807281494141e+00 7.957032918930053711e-01 6.772329807281494141e+00 6.320477962493896484e+00
6.822309494018554688e+00 7.986767292022705078e-01 6.822309494018554688e+00 6.435039043426513672e+00
6.872289776802062988e+00 8.005634546279907227e-01 6.872289776802062988e+00 6.551558017730712891e+00
6.922270059585571289e+00 8.000645637512207031e-01 6.922270059585571289e+00 6.669705390930175781e+00
6.972249746322631836e+00 8.119503855705261230e-01 6.972249746322631836e+00 6.791344165802001953e+00
7.022229433059692383e+00 8.039358854293823242e-01 7.022229433059692383e+00 6.913516998291015625e+00
7.072209715843200684e+00 8.026388883590698242e-01 7.072209715843200684e+00 7.037233352661132812e+00
7.122189998626708984e+00 7.990049123764038086e-01 7.122189998626708984e+00 7.162138462066650391e+00
7.172169685363769531e+00 8.026139736175537109e-01 7.172169685363769531e+00 7.289372920989990234e+00
7.222149372100830078e+00 8.059650063514709473e-01 7.222149372100830078e+00 7.418927192687988281e+00
7.272129654884338379e+00 8.101339340209960938e-01 7.272129654884338379e+00 7.550958156585693359e+00
7.322109937667846680e+00 8.128986954689025879e-01 7.322109937667846680e+00 7.685268878936767578e+00
7.372089624404907227e+00 8.189631104469299316e-01 7.372089624404907227e+00 7.822433948516845703e+00
7.422069311141967773e+00 8.283870816230773926e-01 7.422069311141967773e+00 7.963067054748535156e+00
7.472049593925476074e+00 8.295748829841613770e-01 7.472049593925476074e+00 8.105802536010742188e+00
7.522029876708984375e+00 8.350135087966918945e-01 7.522029876708984375e+00 8.251403808593750000e+00
7.572009563446044922e+00 8.352547287940979004e-01 7.572009563446044922e+00 8.398988723754882812e+00
