# distance (\AA)	RDF	distance (\AA)	cdf
1.249899994581937790e-01 0.000000000000000000e+00 1.249899994581937790e-01 0.000000000000000000e+00
1.749699935317039490e-01 0.000000000000000000e+00 1.749699935317039490e-01 0.000000000000000000e+00
2.249499782919883728e-01 0.000000000000000000e+00 2.249499782919883728e-01 0.000000000000000000e+00
2.749300003051757812e-01 0.000000000000000000e+00 2.749300003051757812e-01 0.000000000000000000e+00
3.249099850654602051e-01 0.000000000000000000e+00 3.249099850654602051e-01 0.000000000000000000e+00
3.748899698257446289e-01 0.000000000000000000e+00 3.748899698257446289e-01 0.000000000000000000e+00
4.248699918389320374e-01 0.000000000000000000e+00 4.248699918389320374e-01 0.000000000000000000e+00
4.748500138521194458e-01 0.000000000000000000e+00 4.748500138521194458e-01 0.000000000000000000e+00
5.248299986124038696e-01 0.000000000000000000e+00 5.248299986124038696e-01 0.000000000000000000e+00
5.748099833726882935e-01 0.000000000000000000e+00 5.748099833726882935e-01 0.000000000000000000e+00
6.247899681329727173e-01 0.000000000000000000e+00 6.247899681329727173e-01 0.000000000000000000e+00
6.747699528932571411e-01 0.000000000000000000e+00 6.747699528932571411e-01 0.000000000000000000e+00
7.247499376535415649e-01 0.000000000000000000e+00 7.247499376535415649e-01 0.000000000000000000e+00
7.747299969196319580e-01 0.000000000000000000e+00 7.747299969196319580e-01 0.000000000000000000e+00
8.247099816799163818e-01 0.000000000000000000e+00 8.247099816799163818e-01 0.000000000000000000e+00
8.746899664402008057e-01 0.000000000000000000e+00 8.746899664402008057e-01 0.000000000000000000e+00
9.246699512004852295e-01 0.000000000000000000e+00 9.246699512004852295e-01 0.000000000000000000e+00
9.746499359607696533e-01 0.000000000000000000e+00 9.746499359607696533e-01 0.000000000000000000e+00
1.024629920721054077e+00 0.000000000000000000e+00 1.024629920721054077e+00 0.000000000000000000e+00
1.074609979987144470e+00 0.000000000000000000e+00 1.074609979987144470e+00 0.000000000000000000e+00
1.124589964747428894e+00 0.000000000000000000e+00 1.124589964747428894e+00 0.000000000000000000e+00
1.174569949507713318e+00 0.000000000000000000e+00 1.174569949507713318e+00 0.000000000000000000e+00
1.224549934267997742e+00 0.000000000000000000e+00 1.224549934267997742e+00 0.000000000000000000e+00
1.274529993534088135e+00 0.000000000000000000e+00 1.274529993534088135e+00 0.000000000000000000e+00
1.324509978294372559e+00 0.000000000000000000e+00 1.324509978294372559e+00 0.000000000000000000e+00
1.374489963054656982e+00 0.000000000000000000e+00 1.374489963054656982e+00 0.000000000000000000e+00
1.424469947814941406e+00 0.000000000000000000e+00 1.424469947814941406e+00 0.000000000000000000e+00
1.474450081586837769e+00 0.000000000000000000e+00 1.474450081586837769e+00 0.000000000000000000e+00
1.524430066347122192e+00 0.000000000000000000e+00 1.524430066347122192e+00 0.000000000000000000e+00
1.574410051107406616e+00 0.000000000000000000e+00 1.574410051107406616e+00 0.000000000000000000e+00
1.624390035867691040e+00 0.000000000000000000e+00 1.624390035867691040e+00 0.000000000000000000e+00
1.674370020627975464e+00 5.266399821266531944e-04 1.674370020627975464e+00 9.100754141400102526e-06
1.724350005388259888e+00 2.135188877582550049e-02 1.724350005388259888e+00 4.004332004114985466e-04
1.774329990148544312e+00 1.594520509243011475e-01 1.774329990148544312e+00 3.494689706712961197e-03
1.824309974908828735e+00 6.241927146911621094e-01 1.824309974908828735e+00 1.629945077002048492e-02
1.874289959669113159e+00 1.542887568473815918e+00 1.874289959669113159e+00 4.970832169055938721e-02
1.924269944429397583e+00 2.565509080886840820e+00 1.924269944429397583e+00 1.082625687122344971e-01
1.974250078201293945e+00 3.319500684738159180e+00 1.974250078201293945e+00 1.880124807357788086e-01
2.024230062961578369e+00 3.422648191452026367e+00 2.024230062961578369e+00 2.744559943675994873e-01
2.074210047721862793e+00 2.967827081680297852e+00 2.074210047721862793e+00 3.531593084335327148e-01
2.124190032482147217e+00 2.426184654235839844e+00 2.124190032482147217e+00 4.206368327140808105e-01
2.174170017242431641e+00 1.835061430931091309e+00 2.174170017242431641e+00 4.741037487983703613e-01
2.224150002002716064e+00 1.329988718032836914e+00 2.224150002002716064e+00 5.146567225456237793e-01
2.274129986763000488e+00 9.888166785240173340e-01 2.274129986763000488e+00 5.461772084236145020e-01
2.324109971523284912e+00 7.040131092071533203e-01 2.324109971523284912e+00 5.696161985397338867e-01
2.374089956283569336e+00 5.368910431861877441e-01 2.374089956283569336e+00 5.882682204246520996e-01
2.424069941043853760e+00 4.226388335227966309e-01 2.424069941043853760e+00 6.035757064819335938e-01
2.474049925804138184e+00 3.576121032238006592e-01 2.474049925804138184e+00 6.170675754547119141e-01
2.524029910564422607e+00 3.077813088893890381e-01 2.524029910564422607e+00 6.291533708572387695e-01
2.574009895324707031e+00 2.754440605640411377e-01 2.574009895324707031e+00 6.404018998146057129e-01
2.623989880084991455e+00 2.581906914710998535e-01 2.623989880084991455e+00 6.513592004776000977e-01
2.673969864845275879e+00 2.687620222568511963e-01 2.673969864845275879e+00 6.632038354873657227e-01
2.723949551582336426e+00 2.695365250110626221e-01 2.723949551582336426e+00 6.755307912826538086e-01
2.773929834365844727e+00 2.645148336887359619e-01 2.773929834365844727e+00 6.880761981010437012e-01
2.823910117149353027e+00 2.549585700035095215e-01 2.823910117149353027e+00 7.006079554557800293e-01
2.873889803886413574e+00 2.644029855728149414e-01 2.873889803886413574e+00 7.140679955482482910e-01
2.923870086669921875e+00 2.704671919345855713e-01 2.923870086669921875e+00 7.283197641372680664e-01
2.973849773406982422e+00 2.813196480274200439e-01 2.973849773406982422e+00 7.436545491218566895e-01
3.023830056190490723e+00 3.083499372005462646e-01 3.023830056190490723e+00 7.610324621200561523e-01
3.073809742927551270e+00 3.285652399063110352e-01 3.073809742927551270e+00 7.801668047904968262e-01
3.123790025711059570e+00 3.335694968700408936e-01 3.123790025711059570e+00 8.002294301986694336e-01
3.173769712448120117e+00 3.814863264560699463e-01 3.173769712448120117e+00 8.239141702651977539e-01
3.223749995231628418e+00 4.065482616424560547e-01 3.223749995231628418e+00 8.499559760093688965e-01
3.273729681968688965e+00 4.456166625022888184e-01 3.273729681968688965e+00 8.793923854827880859e-01
3.323709964752197266e+00 4.795646965503692627e-01 3.323709964752197266e+00 9.120458960533142090e-01
3.373689651489257812e+00 5.526387095451354980e-01 3.373689651489257812e+00 9.508150815963745117e-01
3.423669934272766113e+00 6.332358121871948242e-01 3.423669934272766113e+00 9.965645670890808105e-01
3.473649621009826660e+00 7.156121134757995605e-01 3.473649621009826660e+00 1.049785733222961426e+00
3.523629903793334961e+00 8.039703965187072754e-01 3.523629903793334961e+00 1.111311435699462891e+00
3.573609590530395508e+00 8.826888799667358398e-01 3.573609590530395508e+00 1.180791139602661133e+00
3.623589873313903809e+00 9.653365015983581543e-01 3.623589873313903809e+00 1.258916616439819336e+00
3.673569560050964355e+00 1.078860640525817871e+00 3.673569560050964355e+00 1.348654627799987793e+00
3.723549842834472656e+00 1.197800397872924805e+00 3.723549842834472656e+00 1.451015353202819824e+00
3.773529529571533203e+00 1.266291856765747070e+00 3.773529529571533203e+00 1.562153816223144531e+00
3.823509812355041504e+00 1.346308231353759766e+00 3.823509812355041504e+00 1.683466911315917969e+00
3.873490095138549805e+00 1.439393281936645508e+00 3.873490095138549805e+00 1.816579103469848633e+00
3.923469781875610352e+00 1.511388301849365234e+00 3.923469781875610352e+00 1.959979653358459473e+00
3.973450064659118652e+00 1.573810577392578125e+00 3.973450064659118652e+00 2.113131761550903320e+00
4.023429751396179199e+00 1.653029441833496094e+00 4.023429751396179199e+00 2.278064727783203125e+00
4.073410034179687500e+00 1.676478505134582520e+00 4.073410034179687500e+00 2.449518442153930664e+00
4.123389720916748047e+00 1.713231563568115234e+00 4.123389720916748047e+00 2.629058122634887695e+00
4.173370003700256348e+00 1.726794242858886719e+00 4.173370003700256348e+00 2.814431428909301758e+00
4.223349690437316895e+00 1.725071310997009277e+00 4.223349690437316895e+00 3.004081964492797852e+00
4.273329973220825195e+00 1.713857650756835938e+00 4.273329973220825195e+00 3.196986198425292969e+00
4.323309659957885742e+00 1.692357063293457031e+00 4.323309659957885742e+00 3.391951560974121094e+00
4.373289942741394043e+00 1.657564759254455566e+00 4.373289942741394043e+00 3.587349414825439453e+00
4.423269629478454590e+00 1.562014818191528320e+00 4.423269629478454590e+00 3.775716781616210938e+00
4.473249912261962891e+00 1.496388554573059082e+00 4.473249912261962891e+00 3.960270881652832031e+00
4.523229598999023438e+00 1.413492918014526367e+00 4.523229598999023438e+00 4.138518333435058594e+00
4.573209881782531738e+00 1.321307539939880371e+00 4.573209881782531738e+00 4.308843612670898438e+00
4.623189568519592285e+00 1.248333215713500977e+00 4.623189568519592285e+00 4.473299026489257812e+00
4.673169851303100586e+00 1.195578813552856445e+00 4.673169851303100586e+00 4.634227752685546875e+00
4.723149538040161133e+00 1.114445328712463379e+00 4.723149538040161133e+00 4.787461757659912109e+00
4.773129820823669434e+00 1.086369514465332031e+00 4.773129820823669434e+00 4.940012931823730469e+00
4.823109507560729980e+00 1.052988409996032715e+00 4.823109507560729980e+00 5.090990066528320312e+00
4.873089790344238281e+00 1.021492719650268555e+00 4.873089790344238281e+00 5.240501880645751953e+00
4.923069775104522705e+00 9.822381734848022461e-01 4.923069775104522705e+00 5.387233257293701172e+00
4.973049759864807129e+00 9.666575789451599121e-01 4.973049759864807129e+00 5.534583568572998047e+00
5.023030042648315430e+00 9.317166209220886230e-01 5.023030042648315430e+00 5.679476737976074219e+00
5.073009729385375977e+00 9.195834994316101074e-01 5.073009729385375977e+00 5.825343608856201172e+00
5.122990012168884277e+00 9.245511293411254883e-01 5.122990012168884277e+00 5.974900722503662109e+00
5.172969698905944824e+00 9.090374708175659180e-01 5.172969698905944824e+00 6.124831199645996094e+00
5.222949981689453125e+00 8.993156552314758301e-01 5.222949981689453125e+00 6.276040077209472656e+00
5.272929668426513672e+00 8.943814039230346680e-01 5.272929668426513672e+00 6.429310321807861328e+00
5.322909355163574219e+00 8.989229202270507812e-01 5.322909355163574219e+00 6.586293697357177734e+00
5.372889637947082520e+00 8.931297659873962402e-01 5.372889637947082520e+00 6.745206356048583984e+00
5.422869920730590820e+00 8.834596872329711914e-01 5.422869920730590820e+00 6.905338764190673828e+00
5.472849607467651367e+00 8.893824815750122070e-01 5.472849607467651367e+00 7.069530010223388672e+00
5.522829890251159668e+00 8.859797716140747070e-01 5.522829890251159668e+00 7.236092090606689453e+00
5.572810173034667969e+00 9.009569883346557617e-01 5.572810173034667969e+00 7.408551216125488281e+00
5.622789859771728516e+00 9.064109325408935547e-01 5.622789859771728516e+00 7.585178852081298828e+00
5.672769546508789062e+00 9.203272461891174316e-01 5.672769546508789062e+00 7.767721652984619141e+00
5.722749829292297363e+00 9.490523934364318848e-01 5.722749829292297363e+00 7.959292411804199219e+00
5.772730112075805664e+00 9.812437891960144043e-01 5.772730112075805664e+00 8.160838127136230469e+00
5.822709798812866211e+00 1.002874016761779785e+00 5.822709798812866211e+00 8.370406150817871094e+00
5.872689485549926758e+00 1.036637187004089355e+00 5.872689485549926758e+00 8.590766906738281250e+00
5.922669768333435059e+00 1.053890824317932129e+00 5.922669768333435059e+00 8.818622589111328125e+00
5.972650051116943359e+00 1.067051887512207031e+00 5.972650051116943359e+00 9.053235054016113281e+00
6.022629737854003906e+00 1.083433985710144043e+00 6.022629737854003906e+00 9.295451164245605469e+00
6.072609424591064453e+00 1.114670157432556152e+00 6.072609424591064453e+00 9.548807144165039062e+00
6.122589707374572754e+00 1.142016291618347168e+00 6.122589707374572754e+00 9.812664985656738281e+00
6.172569990158081055e+00 1.155649185180664062e+00 6.172569990158081055e+00 1.008405399322509766e+01
6.222549676895141602e+00 1.166272401809692383e+00 6.222549676895141602e+00 1.036238670349121094e+01
6.272529363632202148e+00 1.185783743858337402e+00 6.272529363632202148e+00 1.064994335174560547e+01
6.322509646415710449e+00 1.206553816795349121e+00 6.322509646415710449e+00 1.094721508026123047e+01
6.372489929199218750e+00 1.195118546485900879e+00 6.372489929199218750e+00 1.124634742736816406e+01
6.422469615936279297e+00 1.208074927330017090e+00 6.422469615936279297e+00 1.155348014831542969e+01
6.472449302673339844e+00 1.215921759605407715e+00 6.472449302673339844e+00 1.186744213104248047e+01
6.522430181503295898e+00 1.212378978729248047e+00 6.522430181503295898e+00 1.218534088134765625e+01
6.572409868240356445e+00 1.198184609413146973e+00 6.572409868240356445e+00 1.250434970855712891e+01
6.622389554977416992e+00 1.176441192626953125e+00 6.622389554977416992e+00 1.282235240936279297e+01
6.672369837760925293e+00 1.148844242095947266e+00 6.672369837760925293e+00 1.313759803771972656e+01
6.722350120544433594e+00 1.133411645889282227e+00 6.722350120544433594e+00 1.345328998565673828e+01
6.772329807281494141e+00 1.109431624412536621e+00 6.772329807281494141e+00 1.376691150665283203e+01
6.822309494018554688e+00 1.091621875762939453e+00 6.822309494018554688e+00 1.408007335662841797e+01
6.872289776802062988e+00 1.059243559837341309e+00 6.872289776802062988e+00 1.438841152191162109e+01
6.922270059585571289e+00 1.028709411621093750e+00 6.922270059585571289e+00 1.469223594665527344e+01
6.972249746322631836e+00 1.009181261062622070e+00 6.972249746322631836e+00 1.499460887908935547e+01
7.022229433059692383e+00 9.940912723541259766e-01 7.022229433059692383e+00 1.529674911499023438e+01
7.072209715843200684e+00 9.730321764945983887e-01 7.072209715843200684e+00 1.559671020507812500e+01
7.122189998626708984e+00 9.582889080047607422e-01 7.122189998626708984e+00 1.589632034301757812e+01
7.172169685363769531e+00 9.512927532196044922e-01 7.172169685363769531e+00 1.619792938232421875e+01
7.222149372100830078e+00 9.313371777534484863e-01 7.222149372100830078e+00 1.649734497070312500e+01
7.272129654884338379e+00 9.314671754837036133e-01 7.272129654884338379e+00 1.680095481872558594e+01
7.322109937667846680e+00 9.189728498458862305e-01 7.322109937667846680e+00 1.710462951660156250e+01
7.372089624404907227e+00 9.029374122619628906e-01 7.372089624404907227e+00 1.740708923339843750e+01
7.422069311141967773e+00 9.004007577896118164e-01 7.422069311141967773e+00 1.771280670166015625e+01
7.472049593925476074e+00 9.032984972000122070e-01 7.472049593925476074e+00 1.802364730834960938e+01
7.522029876708984375e+00 8.910099267959594727e-01 7.522029876708984375e+00 1.833437919616699219e+01
7.572009563446044922e+00 8.870653510093688965e-01 7.572009563446044922e+00 1.864785957336425781e+01
