# distance (\AA)	RDF	distance (\AA)	cdf
1.249899994581937790e-01 0.000000000000000000e+00 1.249899994581937790e-01 0.000000000000000000e+00
1.749699935317039490e-01 0.000000000000000000e+00 1.749699935317039490e-01 0.000000000000000000e+00
2.249499782919883728e-01 0.000000000000000000e+00 2.249499782919883728e-01 0.000000000000000000e+00
2.749300003051757812e-01 0.000000000000000000e+00 2.749300003051757812e-01 0.000000000000000000e+00
3.249099850654602051e-01 0.000000000000000000e+00 3.249099850654602051e-01 0.000000000000000000e+00
3.748899698257446289e-01 0.000000000000000000e+00 3.748899698257446289e-01 0.000000000000000000e+00
4.248699918389320374e-01 0.000000000000000000e+00 4.248699918389320374e-01 0.000000000000000000e+00
4.748500138521194458e-01 0.000000000000000000e+00 4.748500138521194458e-01 0.000000000000000000e+00
5.248299986124038696e-01 0.000000000000000000e+00 5.248299986124038696e-01 0.000000000000000000e+00
5.748099833726882935e-01 0.000000000000000000e+00 5.748099833726882935e-01 0.000000000000000000e+00
6.247899681329727173e-01 0.000000000000000000e+00 6.247899681329727173e-01 0.000000000000000000e+00
6.747699528932571411e-01 0.000000000000000000e+00 6.747699528932571411e-01 0.000000000000000000e+00
7.247499376535415649e-01 0.000000000000000000e+00 7.247499376535415649e-01 0.000000000000000000e+00
7.747299969196319580e-01 0.000000000000000000e+00 7.747299969196319580e-01 0.000000000000000000e+00
8.247099816799163818e-01 0.000000000000000000e+00 8.247099816799163818e-01 0.000000000000000000e+00
8.746899664402008057e-01 0.000000000000000000e+00 8.746899664402008057e-01 0.000000000000000000e+00
9.246699512004852295e-01 0.000000000000000000e+00 9.246699512004852295e-01 0.000000000000000000e+00
9.746499359607696533e-01 0.000000000000000000e+00 9.746499359607696533e-01 0.000000000000000000e+00
1.024629920721054077e+00 0.000000000000000000e+00 1.024629920721054077e+00 0.000000000000000000e+00
1.074609979987144470e+00 0.000000000000000000e+00 1.074609979987144470e+00 0.000000000000000000e+00
1.124589964747428894e+00 0.000000000000000000e+00 1.124589964747428894e+00 0.000000000000000000e+00
1.174569949507713318e+00 0.000000000000000000e+00 1.174569949507713318e+00 0.000000000000000000e+00
1.224549934267997742e+00 0.000000000000000000e+00 1.224549934267997742e+00 0.000000000000000000e+00
1.274529993534088135e+00 0.000000000000000000e+00 1.274529993534088135e+00 0.000000000000000000e+00
1.324509978294372559e+00 0.000000000000000000e+00 1.324509978294372559e+00 0.000000000000000000e+00
1.374489963054656982e+00 0.000000000000000000e+00 1.374489963054656982e+00 0.000000000000000000e+00
1.424469947814941406e+00 0.000000000000000000e+00 1.424469947814941406e+00 0.000000000000000000e+00
1.474450081586837769e+00 0.000000000000000000e+00 1.474450081586837769e+00 0.000000000000000000e+00
1.524430066347122192e+00 0.000000000000000000e+00 1.524430066347122192e+00 0.000000000000000000e+00
1.574410051107406616e+00 0.000000000000000000e+00 1.574410051107406616e+00 0.000000000000000000e+00
1.624390035867691040e+00 1.210419286508113146e-04 1.624390035867691040e+00 2.734302370299701579e-06
1.674370020627975464e+00 1.076582353562116623e-02 1.674370020627975464e+00 2.611258823890239000e-04
1.724350005388259888e+00 1.956047713756561279e-01 1.724350005388259888e+00 5.240290891379117966e-03
1.774329990148544312e+00 1.394534230232238770e+00 1.774329990148544312e+00 4.282601177692413330e-02
1.824309974908828735e+00 5.088652610778808594e+00 1.824309974908828735e+00 1.878110319375991821e-01
1.874289959669113159e+00 1.111399650573730469e+01 1.874289959669113159e+00 5.220562815666198730e-01
1.924269944429397583e+00 1.643997192382812500e+01 1.924269944429397583e+00 1.043195247650146484e+00
1.974250078201293945e+00 1.784947204589843750e+01 1.974250078201293945e+00 1.638789176940917969e+00
2.024230062961578369e+00 1.538777542114257812e+01 2.024230062961578369e+00 2.178565025329589844e+00
2.074210047721862793e+00 1.138245964050292969e+01 2.074210047721862793e+00 2.597800493240356445e+00
2.124190032482147217e+00 7.543245315551757812e+00 2.124190032482147217e+00 2.889181375503540039e+00
2.174170017242431641e+00 4.673680782318115234e+00 2.174170017242431641e+00 3.078311681747436523e+00
2.224150002002716064e+00 2.788576841354370117e+00 2.224150002002716064e+00 3.196404933929443359e+00
2.274129986763000488e+00 1.640511870384216309e+00 2.274129986763000488e+00 3.269036293029785156e+00
2.324109971523284912e+00 9.851352572441101074e-01 2.324109971523284912e+00 3.314589738845825195e+00
2.374089956283569336e+00 6.189591288566589355e-01 2.374089956283569336e+00 3.344455242156982422e+00
2.424069941043853760e+00 3.929916620254516602e-01 2.424069941043853760e+00 3.364224195480346680e+00
2.474049925804138184e+00 2.706409692764282227e-01 2.474049925804138184e+00 3.378405570983886719e+00
2.524029910564422607e+00 1.977095603942871094e-01 2.524029910564422607e+00 3.389188289642333984e+00
2.574009895324707031e+00 1.547226905822753906e-01 2.574009895324707031e+00 3.397964000701904297e+00
2.623989880084991455e+00 1.239052191376686096e-01 2.623989880084991455e+00 3.405267238616943359e+00
2.673969864845275879e+00 1.055798307061195374e-01 2.673969864845275879e+00 3.411729812622070312e+00
2.723949551582336426e+00 1.000621467828750610e-01 2.723949551582336426e+00 3.418085813522338867e+00
2.773929834365844727e+00 9.451657533645629883e-02 2.773929834365844727e+00 3.424311876296997070e+00
2.823910117149353027e+00 1.004334315657615662e-01 2.823910117149353027e+00 3.431168079376220703e+00
2.873889803886413574e+00 1.053239703178405762e-01 2.873889803886413574e+00 3.438614845275878906e+00
2.923870086669921875e+00 1.162316799163818359e-01 2.923870086669921875e+00 3.447121143341064453e+00
2.973849773406982422e+00 1.311559081077575684e-01 2.973849773406982422e+00 3.457050800323486328e+00
3.023830056190490723e+00 1.571599245071411133e-01 3.023830056190490723e+00 3.469352483749389648e+00
3.073809742927551270e+00 1.910855472087860107e-01 3.073809742927551270e+00 3.484808206558227539e+00
3.123790025711059570e+00 2.312707751989364624e-01 3.123790025711059570e+00 3.504127502441406250e+00
3.173769712448120117e+00 2.872090935707092285e-01 3.173769712448120117e+00 3.528893470764160156e+00
3.223749995231628418e+00 3.649977743625640869e-01 3.223749995231628418e+00 3.561366081237792969e+00
3.273729681968688965e+00 4.465937912464141846e-01 3.273729681968688965e+00 3.602339506149291992e+00
3.323709964752197266e+00 5.436841249465942383e-01 3.323709964752197266e+00 3.653755426406860352e+00
3.373689651489257812e+00 6.550033688545227051e-01 3.373689651489257812e+00 3.717575311660766602e+00
3.423669934272766113e+00 7.847713828086853027e-01 3.423669934272766113e+00 3.796321868896484375e+00
3.473649621009826660e+00 9.229545593261718750e-01 3.473649621009826660e+00 3.891657352447509766e+00
3.523629903793334961e+00 1.083414316177368164e+00 3.523629903793334961e+00 4.006811141967773438e+00
3.573609590530395508e+00 1.238938212394714355e+00 3.573609590530395508e+00 4.142257690429687500e+00
3.623589873313903809e+00 1.400345444679260254e+00 3.623589873313903809e+00 4.299662113189697266e+00
3.673569560050964355e+00 1.573744535446166992e+00 3.673569560050964355e+00 4.481470108032226562e+00
3.723549842834472656e+00 1.727388501167297363e+00 3.723549842834472656e+00 4.686494827270507812e+00
3.773529529571533203e+00 1.866147160530090332e+00 3.773529529571533203e+00 4.913975238800048828e+00
3.823509812355041504e+00 1.979273676872253418e+00 3.823509812355041504e+00 5.161681175231933594e+00
3.873490095138549805e+00 2.076023101806640625e+00 3.873490095138549805e+00 5.428328990936279297e+00
3.923469781875610352e+00 2.138789415359497070e+00 3.923469781875610352e+00 5.710174083709716797e+00
3.973450064659118652e+00 2.164198398590087891e+00 3.973450064659118652e+00 6.002680301666259766e+00
4.023429751396179199e+00 2.160697698593139648e+00 4.023429751396179199e+00 6.302105426788330078e+00
4.073410034179687500e+00 2.138826608657836914e+00 4.073410034179687500e+00 6.605908393859863281e+00
4.123389720916748047e+00 2.086647272109985352e+00 4.123389720916748047e+00 6.909619808197021484e+00
4.173370003700256348e+00 2.008353710174560547e+00 4.173370003700256348e+00 7.209063053131103516e+00
4.223349690437316895e+00 1.903652071952819824e+00 4.223349690437316895e+00 7.499734401702880859e+00
4.273329973220825195e+00 1.787946462631225586e+00 4.273329973220825195e+00 7.779238700866699219e+00
4.323309659957885742e+00 1.658534765243530273e+00 4.323309659957885742e+00 8.044611930847167969e+00
4.373289942741394043e+00 1.535821437835693359e+00 4.373289942741394043e+00 8.296065330505371094e+00
4.423269629478454590e+00 1.413663983345031738e+00 4.423269629478454590e+00 8.532839775085449219e+00
4.473249912261962891e+00 1.312655925750732422e+00 4.473249912261962891e+00 8.757692337036132812e+00
4.523229598999023438e+00 1.208406209945678711e+00 4.523229598999023438e+00 8.969338417053222656e+00
4.573209881782531738e+00 1.120039105415344238e+00 4.573209881782531738e+00 9.169866561889648438e+00
4.623189568519592285e+00 1.041174173355102539e+00 4.623189568519592285e+00 9.360372543334960938e+00
4.673169851303100586e+00 9.734444022178649902e-01 4.673169851303100586e+00 9.542356491088867188e+00
4.723149538040161133e+00 9.214071631431579590e-01 4.723149538040161133e+00 9.718317031860351562e+00
4.773129820823669434e+00 8.892379999160766602e-01 4.773129820823669434e+00 9.891746520996093750e+00
4.823109507560729980e+00 8.648747205734252930e-01 4.823109507560729980e+00 1.006397628784179688e+01
4.873089790344238281e+00 8.375705480575561523e-01 4.873089790344238281e+00 1.023424243927001953e+01
4.923069775104522705e+00 8.214020729064941406e-01 4.923069775104522705e+00 1.040466594696044922e+01
4.973049759864807129e+00 8.155681490898132324e-01 4.973049759864807129e+00 1.057733154296875000e+01
5.023030042648315430e+00 7.996916770935058594e-01 5.023030042648315430e+00 1.075005626678466797e+01
5.073009729385375977e+00 7.910645604133605957e-01 5.073009729385375977e+00 1.092433547973632812e+01
5.122990012168884277e+00 7.838486433029174805e-01 5.122990012168884277e+00 1.110044193267822266e+01
5.172969698905944824e+00 7.873986363410949707e-01 5.172969698905944824e+00 1.128081417083740234e+01
5.222949981689453125e+00 7.886364459991455078e-01 5.222949981689453125e+00 1.146498012542724609e+01
5.272929668426513672e+00 7.962548136711120605e-01 5.272929668426513672e+00 1.165450000762939453e+01
5.322909355163574219e+00 7.963001132011413574e-01 5.322909355163574219e+00 1.184764194488525391e+01
5.372889637947082520e+00 8.040127158164978027e-01 5.372889637947082520e+00 1.204633140563964844e+01
5.422869920730590820e+00 8.042450547218322754e-01 5.422869920730590820e+00 1.224879550933837891e+01
5.472849607467651367e+00 8.065668940544128418e-01 5.472849607467651367e+00 1.245560455322265625e+01
5.522829890251159668e+00 8.203347325325012207e-01 5.522829890251159668e+00 1.266979980468750000e+01
5.572810173034667969e+00 8.383718132972717285e-01 5.572810173034667969e+00 1.289268779754638672e+01
5.622789859771728516e+00 8.472442030906677246e-01 5.622789859771728516e+00 1.312199020385742188e+01
5.672769546508789062e+00 8.606875538825988770e-01 5.672769546508789062e+00 1.335909271240234375e+01
5.722749829292297363e+00 8.760711550712585449e-01 5.722749829292297363e+00 1.360470294952392578e+01
5.772730112075805664e+00 8.905624747276306152e-01 5.772730112075805664e+00 1.385875797271728516e+01
5.822709798812866211e+00 9.059840440750122070e-01 5.822709798812866211e+00 1.412170314788818359e+01
5.872689485549926758e+00 9.159448742866516113e-01 5.872689485549926758e+00 1.439212703704833984e+01
5.922669768333435059e+00 9.306652545928955078e-01 5.922669768333435059e+00 1.467159080505371094e+01
5.972650051116943359e+00 9.362387061119079590e-01 5.972650051116943359e+00 1.495749473571777344e+01
6.022629737854003906e+00 9.519131183624267578e-01 6.022629737854003906e+00 1.525306892395019531e+01
6.072609424591064453e+00 9.591816663742065430e-01 6.072609424591064453e+00 1.555586719512939453e+01
6.122589707374572754e+00 9.647514820098876953e-01 6.122589707374572754e+00 1.586545276641845703e+01
6.172569990158081055e+00 9.640493988990783691e-01 6.172569990158081055e+00 1.617988967895507812e+01
6.222549676895141602e+00 9.657809138298034668e-01 6.222549676895141602e+00 1.650000762939453125e+01
6.272529363632202148e+00 9.683585166931152344e-01 6.272529363632202148e+00 1.682616043090820312e+01
6.322509646415710449e+00 9.645056724548339844e-01 6.322509646415710449e+00 1.715620994567871094e+01
6.372489929199218750e+00 9.613130688667297363e-01 6.372489929199218750e+00 1.749039459228515625e+01
6.422469615936279297e+00 9.634262323379516602e-01 6.422469615936279297e+00 1.783058166503906250e+01
6.472449302673339844e+00 9.542385935783386230e-01 6.472449302673339844e+00 1.817279434204101562e+01
6.522430181503295898e+00 9.465551972389221191e-01 6.522430181503295898e+00 1.851751136779785156e+01
6.572409868240356445e+00 9.371381402015686035e-01 6.572409868240356445e+00 1.886404800415039062e+01
6.622389554977416992e+00 9.262936115264892578e-01 6.622389554977416992e+00 1.921180534362792969e+01
6.672369837760925293e+00 9.221016764640808105e-01 6.672369837760925293e+00 1.956323242187500000e+01
6.722350120544433594e+00 9.146144986152648926e-01 6.722350120544433594e+00 1.991705131530761719e+01
6.772329807281494141e+00 9.088310003280639648e-01 6.772329807281494141e+00 2.027387619018554688e+01
6.822309494018554688e+00 9.046227335929870605e-01 6.822309494018554688e+00 2.063431549072265625e+01
6.872289776802062988e+00 8.980826735496520996e-01 6.872289776802062988e+00 2.099740600585937500e+01
6.922270059585571289e+00 8.951345682144165039e-01 6.922270059585571289e+00 2.136459159851074219e+01
6.972249746322631836e+00 8.893882036209106445e-01 6.972249746322631836e+00 2.173470306396484375e+01
7.022229433059692383e+00 8.852865099906921387e-01 7.022229433059692383e+00 2.210841178894042969e+01
7.072209715843200684e+00 8.850967884063720703e-01 7.072209715843200684e+00 2.248737335205078125e+01
7.122189998626708984e+00 8.865866065025329590e-01 7.122189998626708984e+00 2.287236404418945312e+01
7.172169685363769531e+00 8.813106417655944824e-01 7.172169685363769531e+00 2.326044845581054688e+01
7.222149372100830078e+00 8.750375509262084961e-01 7.222149372100830078e+00 2.365116310119628906e+01
7.272129654884338379e+00 8.732646107673645020e-01 7.272129654884338379e+00 2.404649543762207031e+01
7.322109937667846680e+00 8.706075549125671387e-01 7.322109937667846680e+00 2.444606781005859375e+01
7.372089624404907227e+00 8.700776696205139160e-01 7.372089624404907227e+00 2.485086250305175781e+01
7.422069311141967773e+00 8.601872324943542480e-01 7.422069311141967773e+00 2.525650596618652344e+01
7.472049593925476074e+00 8.557593822479248047e-01 7.472049593925476074e+00 2.566550827026367188e+01
7.522029876708984375e+00 8.531754016876220703e-01 7.522029876708984375e+00 2.607875442504882812e+01
7.572009563446044922e+00 8.525415062904357910e-01 7.572009563446044922e+00 2.649719810485839844e+01
