# distance (\AA)	RDF	distance (\AA)	cdf
1.249899994581937790e-01 0.000000000000000000e+00 1.249899994581937790e-01 0.000000000000000000e+00
1.749699935317039490e-01 0.000000000000000000e+00 1.749699935317039490e-01 0.000000000000000000e+00
2.249499782919883728e-01 0.000000000000000000e+00 2.249499782919883728e-01 0.000000000000000000e+00
2.749300003051757812e-01 0.000000000000000000e+00 2.749300003051757812e-01 0.000000000000000000e+00
3.249099850654602051e-01 0.000000000000000000e+00 3.249099850654602051e-01 0.000000000000000000e+00
3.748899698257446289e-01 0.000000000000000000e+00 3.748899698257446289e-01 0.000000000000000000e+00
4.248699918389320374e-01 0.000000000000000000e+00 4.248699918389320374e-01 0.000000000000000000e+00
4.748500138521194458e-01 0.000000000000000000e+00 4.748500138521194458e-01 0.000000000000000000e+00
5.248299986124038696e-01 0.000000000000000000e+00 5.248299986124038696e-01 0.000000000000000000e+00
5.748099833726882935e-01 0.000000000000000000e+00 5.748099833726882935e-01 0.000000000000000000e+00
6.247899681329727173e-01 0.000000000000000000e+00 6.247899681329727173e-01 0.000000000000000000e+00
6.747699528932571411e-01 0.000000000000000000e+00 6.747699528932571411e-01 0.000000000000000000e+00
7.247499376535415649e-01 0.000000000000000000e+00 7.247499376535415649e-01 0.000000000000000000e+00
7.747299969196319580e-01 0.000000000000000000e+00 7.747299969196319580e-01 0.000000000000000000e+00
8.247099816799163818e-01 0.000000000000000000e+00 8.247099816799163818e-01 0.000000000000000000e+00
8.746899664402008057e-01 0.000000000000000000e+00 8.746899664402008057e-01 0.000000000000000000e+00
9.246699512004852295e-01 0.000000000000000000e+00 9.246699512004852295e-01 0.000000000000000000e+00
9.746499359607696533e-01 0.000000000000000000e+00 9.746499359607696533e-01 0.000000000000000000e+00
1.024629920721054077e+00 0.000000000000000000e+00 1.024629920721054077e+00 0.000000000000000000e+00
1.074609979987144470e+00 0.000000000000000000e+00 1.074609979987144470e+00 0.000000000000000000e+00
1.124589964747428894e+00 0.000000000000000000e+00 1.124589964747428894e+00 0.000000000000000000e+00
1.174569949507713318e+00 0.000000000000000000e+00 1.174569949507713318e+00 0.000000000000000000e+00
1.224549934267997742e+00 0.000000000000000000e+00 1.224549934267997742e+00 0.000000000000000000e+00
1.274529993534088135e+00 0.000000000000000000e+00 1.274529993534088135e+00 0.000000000000000000e+00
1.324509978294372559e+00 0.000000000000000000e+00 1.324509978294372559e+00 0.000000000000000000e+00
1.374489963054656982e+00 0.000000000000000000e+00 1.374489963054656982e+00 0.000000000000000000e+00
1.424469947814941406e+00 0.000000000000000000e+00 1.424469947814941406e+00 0.000000000000000000e+00
1.474450081586837769e+00 0.000000000000000000e+00 1.474450081586837769e+00 0.000000000000000000e+00
1.524430066347122192e+00 0.000000000000000000e+00 1.524430066347122192e+00 0.000000000000000000e+00
1.574410051107406616e+00 0.000000000000000000e+00 1.574410051107406616e+00 0.000000000000000000e+00
1.624390035867691040e+00 0.000000000000000000e+00 1.624390035867691040e+00 0.000000000000000000e+00
1.674370020627975464e+00 0.000000000000000000e+00 1.674370020627975464e+00 0.000000000000000000e+00
1.724350005388259888e+00 0.000000000000000000e+00 1.724350005388259888e+00 0.000000000000000000e+00
1.774329990148544312e+00 0.000000000000000000e+00 1.774329990148544312e+00 0.000000000000000000e+00
1.824309974908828735e+00 0.000000000000000000e+00 1.824309974908828735e+00 0.000000000000000000e+00
1.874289959669113159e+00 0.000000000000000000e+00 1.874289959669113159e+00 0.000000000000000000e+00
1.924269944429397583e+00 0.000000000000000000e+00 1.924269944429397583e+00 0.000000000000000000e+00
1.974250078201293945e+00 0.000000000000000000e+00 1.974250078201293945e+00 0.000000000000000000e+00
2.024230062961578369e+00 0.000000000000000000e+00 2.024230062961578369e+00 0.000000000000000000e+00
2.074210047721862793e+00 0.000000000000000000e+00 2.074210047721862793e+00 0.000000000000000000e+00
2.124190032482147217e+00 0.000000000000000000e+00 2.124190032482147217e+00 0.000000000000000000e+00
2.174170017242431641e+00 0.000000000000000000e+00 2.174170017242431641e+00 0.000000000000000000e+00
2.224150002002716064e+00 0.000000000000000000e+00 2.224150002002716064e+00 0.000000000000000000e+00
2.274129986763000488e+00 0.000000000000000000e+00 2.274129986763000488e+00 0.000000000000000000e+00
2.324109971523284912e+00 1.614444336155429482e-04 2.324109971523284912e+00 7.465325325028970838e-06
2.374089956283569336e+00 3.607382765039801598e-03 2.374089956283569336e+00 1.815252762753516436e-04
2.424069941043853760e+00 3.620290011167526245e-02 2.424069941043853760e+00 2.002671826630830765e-03
2.474049925804138184e+00 1.935558319091796875e-01 2.474049925804138184e+00 1.214490644633769989e-02
2.524029910564422607e+00 6.652706861495971680e-01 2.524029910564422607e+00 4.842756688594818115e-02
2.574009895324707031e+00 1.574593544006347656e+00 2.574009895324707031e+00 1.377372145652770996e-01
2.623989880084991455e+00 2.719218492507934570e+00 2.623989880084991455e+00 2.980155944824218750e-01
2.673969864845275879e+00 3.737442493438720703e+00 2.673969864845275879e+00 5.267838239669799805e-01
2.723949551582336426e+00 4.292105674743652344e+00 2.723949551582336426e+00 7.994157075881958008e-01
2.773929834365844727e+00 4.335992813110351562e+00 2.773929834365844727e+00 1.085036754608154297e+00
2.823910117149353027e+00 4.025904178619384766e+00 2.823910117149353027e+00 1.359872102737426758e+00
2.873889803886413574e+00 3.591252326965332031e+00 2.873889803886413574e+00 1.613789558410644531e+00
2.923870086669921875e+00 3.169789791107177734e+00 2.923870086669921875e+00 1.845770597457885742e+00
2.973849773406982422e+00 2.840723991394042969e+00 2.973849773406982422e+00 2.060837507247924805e+00
3.023830056190490723e+00 2.625087022781372070e+00 3.023830056190490723e+00 2.266314983367919922e+00
3.073809742927551270e+00 2.468945741653442383e+00 3.073809742927551270e+00 2.466011524200439453e+00
3.123790025711059570e+00 2.336040735244750977e+00 3.123790025711059570e+00 2.661152839660644531e+00
3.173769712448120117e+00 2.226075649261474609e+00 3.173769712448120117e+00 2.853106498718261719e+00
3.223749995231628418e+00 2.113793849945068359e+00 3.223749995231628418e+00 3.041163444519042969e+00
3.273729681968688965e+00 1.993712067604064941e+00 3.273729681968688965e+00 3.224080085754394531e+00
3.323709964752197266e+00 1.857385635375976562e+00 3.323709964752197266e+00 3.399731636047363281e+00
3.373689651489257812e+00 1.741183280944824219e+00 3.373689651489257812e+00 3.569383144378662109e+00
3.423669934272766113e+00 1.613967418670654297e+00 3.423669934272766113e+00 3.731333971023559570e+00
3.473649621009826660e+00 1.504888415336608887e+00 3.473649621009826660e+00 3.886779785156250000e+00
3.523629903793334961e+00 1.408940315246582031e+00 3.523629903793334961e+00 4.036532878875732422e+00
3.573609590530395508e+00 1.342777132987976074e+00 3.573609590530395508e+00 4.183331489562988281e+00
3.623589873313903809e+00 1.288745284080505371e+00 3.623589873313903809e+00 4.328191280364990234e+00
3.673569560050964355e+00 1.242499113082885742e+00 3.673569560050964355e+00 4.471731662750244141e+00
3.723549842834472656e+00 1.221075773239135742e+00 3.723549842834472656e+00 4.616662025451660156e+00
3.773529529571533203e+00 1.201915383338928223e+00 3.773529529571533203e+00 4.763173580169677734e+00
3.823509812355041504e+00 1.193660140037536621e+00 3.823509812355041504e+00 4.912559986114501953e+00
3.873490095138549805e+00 1.195562243461608887e+00 3.873490095138549805e+00 5.066120147705078125e+00
3.923469781875610352e+00 1.195056915283203125e+00 3.923469781875610352e+00 5.223602294921875000e+00
3.973450064659118652e+00 1.200777649879455566e+00 3.973450064659118652e+00 5.385895729064941406e+00
4.023429751396179199e+00 1.213945627212524414e+00 4.023429751396179199e+00 5.554121971130371094e+00
4.073410034179687500e+00 1.215580940246582031e+00 4.073410034179687500e+00 5.726785182952880859e+00
4.123389720916748047e+00 1.221541047096252441e+00 4.123389720916748047e+00 5.904580116271972656e+00
4.173370003700256348e+00 1.222707867622375488e+00 4.173370003700256348e+00 6.086884498596191406e+00
4.223349690437316895e+00 1.222810506820678711e+00 4.223349690437316895e+00 6.273597240447998047e+00
4.273329973220825195e+00 1.219229340553283691e+00 4.273329973220825195e+00 6.464195728302001953e+00
4.323309659957885742e+00 1.210443615913391113e+00 4.323309659957885742e+00 6.657872676849365234e+00
4.373289942741394043e+00 1.201115608215332031e+00 4.373289942741394043e+00 6.854526042938232422e+00
4.423269629478454590e+00 1.192923307418823242e+00 4.423269629478454590e+00 7.054328441619873047e+00
4.473249912261962891e+00 1.178552627563476562e+00 4.473249912261962891e+00 7.256209850311279297e+00
4.523229598999023438e+00 1.167129397392272949e+00 4.523229598999023438e+00 7.460626602172851562e+00
4.573209881782531738e+00 1.146133780479431152e+00 4.573209881782531738e+00 7.665826797485351562e+00
4.623189568519592285e+00 1.131257057189941406e+00 4.623189568519592285e+00 7.872815132141113281e+00
4.673169851303100586e+00 1.113337159156799316e+00 4.673169851303100586e+00 8.080951690673828125e+00
4.723149538040161133e+00 1.091709852218627930e+00 4.723149538040161133e+00 8.289434432983398438e+00
4.773129820823669434e+00 1.072802186012268066e+00 4.773129820823669434e+00 8.498664855957031250e+00
4.823109507560729980e+00 1.056077003479003906e+00 4.823109507560729980e+00 8.708970069885253906e+00
4.873089790344238281e+00 1.045323729515075684e+00 4.873089790344238281e+00 8.921469688415527344e+00
4.923069775104522705e+00 1.029410719871520996e+00 4.923069775104522705e+00 9.135050773620605469e+00
4.973049759864807129e+00 1.017314910888671875e+00 4.973049759864807129e+00 9.350428581237792969e+00
5.023030042648315430e+00 1.005783319473266602e+00 5.023030042648315430e+00 9.567667007446289062e+00
5.073009729385375977e+00 1.001907467842102051e+00 5.073009729385375977e+00 9.788396835327148438e+00
5.122990012168884277e+00 9.969006776809692383e-01 5.122990012168884277e+00 1.001237010955810547e+01
5.172969698905944824e+00 9.949630498886108398e-01 5.172969698905944824e+00 1.024028968811035156e+01
5.222949981689453125e+00 9.949178099632263184e-01 5.222949981689453125e+00 1.047262763977050781e+01
5.272929668426513672e+00 1.002831935882568359e+00 5.272929668426513672e+00 1.071131610870361328e+01
5.322909355163574219e+00 1.004639148712158203e+00 5.322909355163574219e+00 1.095499038696289062e+01
5.372889637947082520e+00 1.014982342720031738e+00 5.372889637947082520e+00 1.120581531524658203e+01
5.422869920730590820e+00 1.022716641426086426e+00 5.422869920730590820e+00 1.146327877044677734e+01
5.472849607467651367e+00 1.032566785812377930e+00 5.472849607467651367e+00 1.172803592681884766e+01
5.522829890251159668e+00 1.042999148368835449e+00 5.522829890251159668e+00 1.200037097930908203e+01
5.572810173034667969e+00 1.048158526420593262e+00 5.572810173034667969e+00 1.227903270721435547e+01
5.622789859771728516e+00 1.044211268424987793e+00 5.622789859771728516e+00 1.256164360046386719e+01
5.672769546508789062e+00 1.038345694541931152e+00 5.672769546508789062e+00 1.284768676757812500e+01
5.722749829292297363e+00 1.029651880264282227e+00 5.722749829292297363e+00 1.313635349273681641e+01
5.772730112075805664e+00 1.015546083450317383e+00 5.772730112075805664e+00 1.342606353759765625e+01
5.822709798812866211e+00 1.001970410346984863e+00 5.822709798812866211e+00 1.371686744689941406e+01
5.872689485549926758e+00 9.882306456565856934e-01 5.872689485549926758e+00 1.400863265991210938e+01
5.922669768333435059e+00 9.722490906715393066e-01 5.922669768333435059e+00 1.430058288574218750e+01
5.972650051116943359e+00 9.556027054786682129e-01 5.972650051116943359e+00 1.459240055084228516e+01
6.022629737854003906e+00 9.465194940567016602e-01 6.022629737854003906e+00 1.488630008697509766e+01
6.072609424591064453e+00 9.372577071189880371e-01 6.072609424591064453e+00 1.518217658996582031e+01
6.122589707374572754e+00 9.254860877990722656e-01 6.122589707374572754e+00 1.547916221618652344e+01
6.172569990158081055e+00 9.224346876144409180e-01 6.172569990158081055e+00 1.578002548217773438e+01
6.222549676895141602e+00 9.211792945861816406e-01 6.222549676895141602e+00 1.608535957336425781e+01
6.272529363632202148e+00 9.191134572029113770e-01 6.272529363632202148e+00 1.639492607116699219e+01
6.322509646415710449e+00 9.187192916870117188e-01 6.322509646415710449e+00 1.670930671691894531e+01
6.372489929199218750e+00 9.238170981407165527e-01 6.372489929199218750e+00 1.703045654296875000e+01
6.422469615936279297e+00 9.255187511444091797e-01 6.422469615936279297e+00 1.735725784301757812e+01
6.472449302673339844e+00 9.267752170562744141e-01 6.472449302673339844e+00 1.768962097167968750e+01
6.522430181503295898e+00 9.304351806640625000e-01 6.522430181503295898e+00 1.802846717834472656e+01
6.572409868240356445e+00 9.292593002319335938e-01 6.572409868240356445e+00 1.837209129333496094e+01
6.622389554977416992e+00 9.236617088317871094e-01 6.622389554977416992e+00 1.871886062622070312e+01
6.672369837760925293e+00 9.266782402992248535e-01 6.672369837760925293e+00 1.907203102111816406e+01
6.722350120544433594e+00 9.264699220657348633e-01 6.722350120544433594e+00 1.943043518066406250e+01
6.772329807281494141e+00 9.258310794830322266e-01 6.772329807281494141e+00 1.979393386840820312e+01
6.822309494018554688e+00 9.243378639221191406e-01 6.822309494018554688e+00 2.016222763061523438e+01
6.872289776802062988e+00 9.209868311882019043e-01 6.872289776802062988e+00 2.053457832336425781e+01
6.922270059585571289e+00 9.199606776237487793e-01 6.922270059585571289e+00 2.091194725036621094e+01
6.972249746322631836e+00 9.192613959312438965e-01 6.972249746322631836e+00 2.129448890686035156e+01
7.022229433059692383e+00 9.155262112617492676e-01 7.022229433059692383e+00 2.168096351623535156e+01
7.072209715843200684e+00 9.128090739250183105e-01 7.072209715843200684e+00 2.207179069519042969e+01
7.122189998626708984e+00 9.142693877220153809e-01 7.122189998626708984e+00 2.246880149841308594e+01
7.172169685363769531e+00 9.162657856941223145e-01 7.172169685363769531e+00 2.287227821350097656e+01
7.222149372100830078e+00 9.139067530632019043e-01 7.222149372100830078e+00 2.328034973144531250e+01
7.272129654884338379e+00 9.152764678001403809e-01 7.272129654884338379e+00 2.369470024108886719e+01
7.322109937667846680e+00 9.145422577857971191e-01 7.322109937667846680e+00 2.411443710327148438e+01
7.372089624404907227e+00 9.127241969108581543e-01 7.372089624404907227e+00 2.453907203674316406e+01
7.422069311141967773e+00 9.146320819854736328e-01 7.422069311141967773e+00 2.497039031982421875e+01
7.472049593925476074e+00 9.100445508956909180e-01 7.472049593925476074e+00 2.540533828735351562e+01
7.522029876708984375e+00 9.086489081382751465e-01 7.522029876708984375e+00 2.584545326232910156e+01
7.572009563446044922e+00 9.077253341674804688e-01 7.572009563446044922e+00 2.629098320007324219e+01
