# distance (\AA)	RDF	distance (\AA)	cdf
1.249899994581937790e-01 0.000000000000000000e+00 1.249899994581937790e-01 0.000000000000000000e+00
1.749699935317039490e-01 0.000000000000000000e+00 1.749699935317039490e-01 0.000000000000000000e+00
2.249499782919883728e-01 0.000000000000000000e+00 2.249499782919883728e-01 0.000000000000000000e+00
2.749300003051757812e-01 0.000000000000000000e+00 2.749300003051757812e-01 0.000000000000000000e+00
3.249099850654602051e-01 0.000000000000000000e+00 3.249099850654602051e-01 0.000000000000000000e+00
3.748899698257446289e-01 0.000000000000000000e+00 3.748899698257446289e-01 0.000000000000000000e+00
4.248699918389320374e-01 0.000000000000000000e+00 4.248699918389320374e-01 0.000000000000000000e+00
4.748500138521194458e-01 0.000000000000000000e+00 4.748500138521194458e-01 0.000000000000000000e+00
5.248299986124038696e-01 0.000000000000000000e+00 5.248299986124038696e-01 0.000000000000000000e+00
5.748099833726882935e-01 0.000000000000000000e+00 5.748099833726882935e-01 0.000000000000000000e+00
6.247899681329727173e-01 0.000000000000000000e+00 6.247899681329727173e-01 0.000000000000000000e+00
6.747699528932571411e-01 0.000000000000000000e+00 6.747699528932571411e-01 0.000000000000000000e+00
7.247499376535415649e-01 0.000000000000000000e+00 7.247499376535415649e-01 0.000000000000000000e+00
7.747299969196319580e-01 0.000000000000000000e+00 7.747299969196319580e-01 0.000000000000000000e+00
8.247099816799163818e-01 0.000000000000000000e+00 8.247099816799163818e-01 0.000000000000000000e+00
8.746899664402008057e-01 0.000000000000000000e+00 8.746899664402008057e-01 0.000000000000000000e+00
9.246699512004852295e-01 0.000000000000000000e+00 9.246699512004852295e-01 0.000000000000000000e+00
9.746499359607696533e-01 0.000000000000000000e+00 9.746499359607696533e-01 0.000000000000000000e+00
1.024629920721054077e+00 0.000000000000000000e+00 1.024629920721054077e+00 0.000000000000000000e+00
1.074609979987144470e+00 0.000000000000000000e+00 1.074609979987144470e+00 0.000000000000000000e+00
1.124589964747428894e+00 0.000000000000000000e+00 1.124589964747428894e+00 0.000000000000000000e+00
1.174569949507713318e+00 0.000000000000000000e+00 1.174569949507713318e+00 0.000000000000000000e+00
1.224549934267997742e+00 0.000000000000000000e+00 1.224549934267997742e+00 0.000000000000000000e+00
1.274529993534088135e+00 0.000000000000000000e+00 1.274529993534088135e+00 0.000000000000000000e+00
1.324509978294372559e+00 0.000000000000000000e+00 1.324509978294372559e+00 0.000000000000000000e+00
1.374489963054656982e+00 0.000000000000000000e+00 1.374489963054656982e+00 0.000000000000000000e+00
1.424469947814941406e+00 0.000000000000000000e+00 1.424469947814941406e+00 0.000000000000000000e+00
1.474450081586837769e+00 0.000000000000000000e+00 1.474450081586837769e+00 0.000000000000000000e+00
1.524430066347122192e+00 0.000000000000000000e+00 1.524430066347122192e+00 0.000000000000000000e+00
1.574410051107406616e+00 0.000000000000000000e+00 1.574410051107406616e+00 0.000000000000000000e+00
1.624390035867691040e+00 0.000000000000000000e+00 1.624390035867691040e+00 0.000000000000000000e+00
1.674370020627975464e+00 0.000000000000000000e+00 1.674370020627975464e+00 0.000000000000000000e+00
1.724350005388259888e+00 0.000000000000000000e+00 1.724350005388259888e+00 0.000000000000000000e+00
1.774329990148544312e+00 0.000000000000000000e+00 1.774329990148544312e+00 0.000000000000000000e+00
1.824309974908828735e+00 0.000000000000000000e+00 1.824309974908828735e+00 0.000000000000000000e+00
1.874289959669113159e+00 0.000000000000000000e+00 1.874289959669113159e+00 0.000000000000000000e+00
1.924269944429397583e+00 0.000000000000000000e+00 1.924269944429397583e+00 0.000000000000000000e+00
1.974250078201293945e+00 0.000000000000000000e+00 1.974250078201293945e+00 0.000000000000000000e+00
2.024230062961578369e+00 0.000000000000000000e+00 2.024230062961578369e+00 0.000000000000000000e+00
2.074210047721862793e+00 0.000000000000000000e+00 2.074210047721862793e+00 0.000000000000000000e+00
2.124190032482147217e+00 0.000000000000000000e+00 2.124190032482147217e+00 0.000000000000000000e+00
2.174170017242431641e+00 0.000000000000000000e+00 2.174170017242431641e+00 0.000000000000000000e+00
2.224150002002716064e+00 0.000000000000000000e+00 2.224150002002716064e+00 0.000000000000000000e+00
2.274129986763000488e+00 0.000000000000000000e+00 2.274129986763000488e+00 0.000000000000000000e+00
2.324109971523284912e+00 0.000000000000000000e+00 2.324109971523284912e+00 0.000000000000000000e+00
2.374089956283569336e+00 0.000000000000000000e+00 2.374089956283569336e+00 0.000000000000000000e+00
2.424069941043853760e+00 0.000000000000000000e+00 2.424069941043853760e+00 0.000000000000000000e+00
2.474049925804138184e+00 0.000000000000000000e+00 2.474049925804138184e+00 0.000000000000000000e+00
2.524029910564422607e+00 0.000000000000000000e+00 2.524029910564422607e+00 0.000000000000000000e+00
2.574009895324707031e+00 0.000000000000000000e+00 2.574009895324707031e+00 0.000000000000000000e+00
2.623989880084991455e+00 0.000000000000000000e+00 2.623989880084991455e+00 0.000000000000000000e+00
2.673969864845275879e+00 0.000000000000000000e+00 2.673969864845275879e+00 0.000000000000000000e+00
2.723949551582336426e+00 0.000000000000000000e+00 2.723949551582336426e+00 0.000000000000000000e+00
2.773929834365844727e+00 0.000000000000000000e+00 2.773929834365844727e+00 0.000000000000000000e+00
2.823910117149353027e+00 0.000000000000000000e+00 2.823910117149353027e+00 0.000000000000000000e+00
2.873889803886413574e+00 0.000000000000000000e+00 2.873889803886413574e+00 0.000000000000000000e+00
2.923870086669921875e+00 0.000000000000000000e+00 2.923870086669921875e+00 0.000000000000000000e+00
2.973849773406982422e+00 0.000000000000000000e+00 2.973849773406982422e+00 0.000000000000000000e+00
3.023830056190490723e+00 0.000000000000000000e+00 3.023830056190490723e+00 0.000000000000000000e+00
3.073809742927551270e+00 0.000000000000000000e+00 3.073809742927551270e+00 0.000000000000000000e+00
3.123790025711059570e+00 0.000000000000000000e+00 3.123790025711059570e+00 0.000000000000000000e+00
3.173769712448120117e+00 0.000000000000000000e+00 3.173769712448120117e+00 0.000000000000000000e+00
3.223749995231628418e+00 0.000000000000000000e+00 3.223749995231628418e+00 0.000000000000000000e+00
3.273729681968688965e+00 0.000000000000000000e+00 3.273729681968688965e+00 0.000000000000000000e+00
3.323709964752197266e+00 0.000000000000000000e+00 3.323709964752197266e+00 0.000000000000000000e+00
3.373689651489257812e+00 0.000000000000000000e+00 3.373689651489257812e+00 0.000000000000000000e+00
3.423669934272766113e+00 0.000000000000000000e+00 3.423669934272766113e+00 0.000000000000000000e+00
3.473649621009826660e+00 0.000000000000000000e+00 3.473649621009826660e+00 0.000000000000000000e+00
3.523629903793334961e+00 0.000000000000000000e+00 3.523629903793334961e+00 0.000000000000000000e+00
3.573609590530395508e+00 0.000000000000000000e+00 3.573609590530395508e+00 0.000000000000000000e+00
3.623589873313903809e+00 0.000000000000000000e+00 3.623589873313903809e+00 0.000000000000000000e+00
3.673569560050964355e+00 0.000000000000000000e+00 3.673569560050964355e+00 0.000000000000000000e+00
3.723549842834472656e+00 0.000000000000000000e+00 3.723549842834472656e+00 0.000000000000000000e+00
3.773529529571533203e+00 0.000000000000000000e+00 3.773529529571533203e+00 0.000000000000000000e+00
3.823509812355041504e+00 0.000000000000000000e+00 3.823509812355041504e+00 0.000000000000000000e+00
3.873490095138549805e+00 0.000000000000000000e+00 3.873490095138549805e+00 0.000000000000000000e+00
3.923469781875610352e+00 0.000000000000000000e+00 3.923469781875610352e+00 0.000000000000000000e+00
3.973450064659118652e+00 0.000000000000000000e+00 3.973450064659118652e+00 0.000000000000000000e+00
4.023429751396179199e+00 0.000000000000000000e+00 4.023429751396179199e+00 0.000000000000000000e+00
4.073410034179687500e+00 0.000000000000000000e+00 4.073410034179687500e+00 0.000000000000000000e+00
4.123389720916748047e+00 0.000000000000000000e+00 4.123389720916748047e+00 0.000000000000000000e+00
4.173370003700256348e+00 0.000000000000000000e+00 4.173370003700256348e+00 0.000000000000000000e+00
4.223349690437316895e+00 0.000000000000000000e+00 4.223349690437316895e+00 0.000000000000000000e+00
4.273329973220825195e+00 0.000000000000000000e+00 4.273329973220825195e+00 0.000000000000000000e+00
4.323309659957885742e+00 0.000000000000000000e+00 4.323309659957885742e+00 0.000000000000000000e+00
4.373289942741394043e+00 0.000000000000000000e+00 4.373289942741394043e+00 0.000000000000000000e+00
4.423269629478454590e+00 0.000000000000000000e+00 4.423269629478454590e+00 0.000000000000000000e+00
4.473249912261962891e+00 0.000000000000000000e+00 4.473249912261962891e+00 0.000000000000000000e+00
4.523229598999023438e+00 0.000000000000000000e+00 4.523229598999023438e+00 0.000000000000000000e+00
4.573209881782531738e+00 0.000000000000000000e+00 4.573209881782531738e+00 0.000000000000000000e+00
4.623189568519592285e+00 0.000000000000000000e+00 4.623189568519592285e+00 0.000000000000000000e+00
4.673169851303100586e+00 0.000000000000000000e+00 4.673169851303100586e+00 0.000000000000000000e+00
4.723149538040161133e+00 0.000000000000000000e+00 4.723149538040161133e+00 0.000000000000000000e+00
4.773129820823669434e+00 0.000000000000000000e+00 4.773129820823669434e+00 0.000000000000000000e+00
4.823109507560729980e+00 3.808390814810991287e-03 4.823109507560729980e+00 1.365113130304962397e-04
4.873089790344238281e+00 3.730685450136661530e-03 4.873089790344238281e+00 2.730226260609924793e-04
4.923069775104522705e+00 7.310586050152778625e-03 4.923069775104522705e+00 5.460452521219849586e-04
4.973049759864807129e+00 1.026898343116044998e-02 4.973049759864807129e+00 9.373776847496628761e-04
5.023030042648315430e+00 2.036539092659950256e-02 5.023030042648315430e+00 1.729143317788839340e-03
5.073009729385375977e+00 4.406290128827095032e-02 5.073009729385375977e+00 3.476488171145319939e-03
5.122990012168884277e+00 4.658339917659759521e-02 5.122990012168884277e+00 5.360344424843788147e-03
5.172969698905944824e+00 7.570484280586242676e-02 5.172969698905944824e+00 8.481903001666069031e-03
5.222949981689453125e+00 9.483002871274948120e-02 5.222949981689453125e+00 1.246803347021341324e-02
5.272929668426513672e+00 1.678143441677093506e-01 5.272929668426513672e+00 1.965762861073017120e-02
5.322909355163574219e+00 2.388859391212463379e-01 5.322909355163574219e+00 3.008709289133548737e-02
5.372889637947082520e+00 2.698595523834228516e-01 5.372889637947082520e+00 4.209098964929580688e-02
5.422869920730590820e+00 3.850057721138000488e-01 5.422869920730590820e+00 5.953713506460189819e-02
5.472849607467651367e+00 4.452458620071411133e-01 5.472849607467651367e+00 8.008663356304168701e-02
5.522829890251159668e+00 5.255271196365356445e-01 5.522829890251159668e+00 1.047860831022262573e-01
5.572810173034667969e+00 6.353767514228820801e-01 5.572810173034667969e+00 1.351917088031768799e-01
5.622789859771728516e+00 6.547753810882568359e-01 5.622789859771728516e+00 1.670898497104644775e-01
5.672769546508789062e+00 7.240384817123413086e-01 5.672769546508789062e+00 2.029923200607299805e-01
5.722749829292297363e+00 6.405765414237976074e-01 5.722749829292297363e+00 2.353181988000869751e-01
5.772730112075805664e+00 6.848235726356506348e-01 5.772730112075805664e+00 2.704835236072540283e-01
5.822709798812866211e+00 6.670293807983398438e-01 5.822709798812866211e+00 3.053303062915802002e-01
5.872689485549926758e+00 7.538400888442993164e-01 5.872689485549926758e+00 3.453918099403381348e-01
5.922669768333435059e+00 6.921828389167785645e-01 5.922669768333435059e+00 3.828050196170806885e-01
5.972650051116943359e+00 6.457072496414184570e-01 5.972650051116943359e+00 4.182979464530944824e-01
6.022629737854003906e+00 6.840512752532958984e-01 6.022629737854003906e+00 4.565302133560180664e-01
6.072609424591064453e+00 6.755528450012207031e-01 6.072609424591064453e+00 4.949171841144561768e-01
6.122589707374572754e+00 7.257099747657775879e-01 6.122589707374572754e+00 5.368352532386779785e-01
6.172569990158081055e+00 7.637543082237243652e-01 6.172569990158081055e+00 5.816746950149536133e-01
6.222549676895141602e+00 7.608503699302673340e-01 6.222549676895141602e+00 6.270692348480224609e-01
6.272529363632202148e+00 8.067097663879394531e-01 6.272529363632202148e+00 6.759766936302185059e-01
6.322509646415710449e+00 8.285880684852600098e-01 6.322509646415710449e+00 7.270137071609497070e-01
6.372489929199218750e+00 8.000665903091430664e-01 6.372489929199218750e+00 7.770769596099853516e-01
6.422469615936279297e+00 8.764521479606628418e-01 6.422469615936279297e+00 8.327826857566833496e-01
6.472449302673339844e+00 9.137079715728759766e-01 6.472449302673339844e+00 8.917647004127502441e-01
6.522430181503295898e+00 9.190631508827209473e-01 6.522430181503295898e+00 9.520117044448852539e-01
6.572409868240356445e+00 1.021497488021850586e+00 6.572409868240356445e+00 1.020003437995910645e+00
6.622389554977416992e+00 1.121814966201782227e+00 6.622389554977416992e+00 1.095812678337097168e+00
6.672369837760925293e+00 1.183220624923706055e+00 6.672369837760925293e+00 1.176982283592224121e+00
6.722350120544433594e+00 1.205800890922546387e+00 6.722350120544433594e+00 1.260945796966552734e+00
6.772329807281494141e+00 1.298699021339416504e+00 6.772329807281494141e+00 1.352726936340332031e+00
6.822309494018554688e+00 1.298126220703125000e+00 6.822309494018554688e+00 1.445827603340148926e+00
6.872289776802062988e+00 1.478792190551757812e+00 6.872289776802062988e+00 1.553444027900695801e+00
6.922270059585571289e+00 1.548834085464477539e+00 6.922270059585571289e+00 1.667804121971130371e+00
6.972249746322631836e+00 1.491006374359130859e+00 6.972249746322631836e+00 1.779488563537597656e+00
7.022229433059692383e+00 1.524216532707214355e+00 7.022229433059692383e+00 1.895304799079895020e+00
7.072209715843200684e+00 1.663719654083251953e+00 7.072209715843200684e+00 2.023525238037109375e+00
7.122189998626708984e+00 1.671398639678955078e+00 7.122189998626708984e+00 2.154166460037231445e+00
7.172169685363769531e+00 1.649412751197814941e+00 7.172169685363769531e+00 2.284903287887573242e+00
7.222149372100830078e+00 1.751083731651306152e+00 7.222149372100830078e+00 2.425642013549804688e+00
7.272129654884338379e+00 1.755662441253662109e+00 7.272129654884338379e+00 2.568705797195434570e+00
7.322109937667846680e+00 1.815142154693603516e+00 7.322109937667846680e+00 2.718658924102783203e+00
7.372089624404907227e+00 1.761617064476013184e+00 7.372089624404907227e+00 2.866182088851928711e+00
7.422069311141967773e+00 1.806349992752075195e+00 7.422069311141967773e+00 3.019511699676513672e+00
7.472049593925476074e+00 1.829420566558837891e+00 7.472049593925476074e+00 3.176895618438720703e+00
7.522029876708984375e+00 1.846294522285461426e+00 7.522029876708984375e+00 3.337865114212036133e+00
7.572009563446044922e+00 1.800836205482482910e+00 7.572009563446044922e+00 3.496964454650878906e+00
