# distance (\AA)	RDF	distance (\AA)	cdf
1.249899994581937790e-01 0.000000000000000000e+00 1.249899994581937790e-01 0.000000000000000000e+00
1.749699935317039490e-01 0.000000000000000000e+00 1.749699935317039490e-01 0.000000000000000000e+00
2.249499782919883728e-01 0.000000000000000000e+00 2.249499782919883728e-01 0.000000000000000000e+00
2.749300003051757812e-01 0.000000000000000000e+00 2.749300003051757812e-01 0.000000000000000000e+00
3.249099850654602051e-01 0.000000000000000000e+00 3.249099850654602051e-01 0.000000000000000000e+00
3.748899698257446289e-01 0.000000000000000000e+00 3.748899698257446289e-01 0.000000000000000000e+00
4.248699918389320374e-01 0.000000000000000000e+00 4.248699918389320374e-01 0.000000000000000000e+00
4.748500138521194458e-01 0.000000000000000000e+00 4.748500138521194458e-01 0.000000000000000000e+00
5.248299986124038696e-01 0.000000000000000000e+00 5.248299986124038696e-01 0.000000000000000000e+00
5.748099833726882935e-01 0.000000000000000000e+00 5.748099833726882935e-01 0.000000000000000000e+00
6.247899681329727173e-01 0.000000000000000000e+00 6.247899681329727173e-01 0.000000000000000000e+00
6.747699528932571411e-01 0.000000000000000000e+00 6.747699528932571411e-01 0.000000000000000000e+00
7.247499376535415649e-01 0.000000000000000000e+00 7.247499376535415649e-01 0.000000000000000000e+00
7.747299969196319580e-01 0.000000000000000000e+00 7.747299969196319580e-01 0.000000000000000000e+00
8.247099816799163818e-01 0.000000000000000000e+00 8.247099816799163818e-01 0.000000000000000000e+00
8.746899664402008057e-01 0.000000000000000000e+00 8.746899664402008057e-01 0.000000000000000000e+00
9.246699512004852295e-01 0.000000000000000000e+00 9.246699512004852295e-01 0.000000000000000000e+00
9.746499359607696533e-01 0.000000000000000000e+00 9.746499359607696533e-01 0.000000000000000000e+00
1.024629920721054077e+00 0.000000000000000000e+00 1.024629920721054077e+00 0.000000000000000000e+00
1.074609979987144470e+00 0.000000000000000000e+00 1.074609979987144470e+00 0.000000000000000000e+00
1.124589964747428894e+00 0.000000000000000000e+00 1.124589964747428894e+00 0.000000000000000000e+00
1.174569949507713318e+00 0.000000000000000000e+00 1.174569949507713318e+00 0.000000000000000000e+00
1.224549934267997742e+00 0.000000000000000000e+00 1.224549934267997742e+00 0.000000000000000000e+00
1.274529993534088135e+00 0.000000000000000000e+00 1.274529993534088135e+00 0.000000000000000000e+00
1.324509978294372559e+00 0.000000000000000000e+00 1.324509978294372559e+00 0.000000000000000000e+00
1.374489963054656982e+00 0.000000000000000000e+00 1.374489963054656982e+00 0.000000000000000000e+00
1.424469947814941406e+00 0.000000000000000000e+00 1.424469947814941406e+00 0.000000000000000000e+00
1.474450081586837769e+00 0.000000000000000000e+00 1.474450081586837769e+00 0.000000000000000000e+00
1.524430066347122192e+00 0.000000000000000000e+00 1.524430066347122192e+00 0.000000000000000000e+00
1.574410051107406616e+00 0.000000000000000000e+00 1.574410051107406616e+00 0.000000000000000000e+00
1.624390035867691040e+00 0.000000000000000000e+00 1.624390035867691040e+00 0.000000000000000000e+00
1.674370020627975464e+00 0.000000000000000000e+00 1.674370020627975464e+00 0.000000000000000000e+00
1.724350005388259888e+00 0.000000000000000000e+00 1.724350005388259888e+00 0.000000000000000000e+00
1.774329990148544312e+00 0.000000000000000000e+00 1.774329990148544312e+00 0.000000000000000000e+00
1.824309974908828735e+00 0.000000000000000000e+00 1.824309974908828735e+00 0.000000000000000000e+00
1.874289959669113159e+00 0.000000000000000000e+00 1.874289959669113159e+00 0.000000000000000000e+00
1.924269944429397583e+00 0.000000000000000000e+00 1.924269944429397583e+00 0.000000000000000000e+00
1.974250078201293945e+00 0.000000000000000000e+00 1.974250078201293945e+00 0.000000000000000000e+00
2.024230062961578369e+00 0.000000000000000000e+00 2.024230062961578369e+00 0.000000000000000000e+00
2.074210047721862793e+00 0.000000000000000000e+00 2.074210047721862793e+00 0.000000000000000000e+00
2.124190032482147217e+00 0.000000000000000000e+00 2.124190032482147217e+00 0.000000000000000000e+00
2.174170017242431641e+00 0.000000000000000000e+00 2.174170017242431641e+00 0.000000000000000000e+00
2.224150002002716064e+00 0.000000000000000000e+00 2.224150002002716064e+00 0.000000000000000000e+00
2.274129986763000488e+00 0.000000000000000000e+00 2.274129986763000488e+00 0.000000000000000000e+00
2.324109971523284912e+00 0.000000000000000000e+00 2.324109971523284912e+00 0.000000000000000000e+00
2.374089956283569336e+00 0.000000000000000000e+00 2.374089956283569336e+00 0.000000000000000000e+00
2.424069941043853760e+00 0.000000000000000000e+00 2.424069941043853760e+00 0.000000000000000000e+00
2.474049925804138184e+00 0.000000000000000000e+00 2.474049925804138184e+00 0.000000000000000000e+00
2.524029910564422607e+00 0.000000000000000000e+00 2.524029910564422607e+00 0.000000000000000000e+00
2.574009895324707031e+00 0.000000000000000000e+00 2.574009895324707031e+00 0.000000000000000000e+00
2.623989880084991455e+00 0.000000000000000000e+00 2.623989880084991455e+00 0.000000000000000000e+00
2.673969864845275879e+00 0.000000000000000000e+00 2.673969864845275879e+00 0.000000000000000000e+00
2.723949551582336426e+00 0.000000000000000000e+00 2.723949551582336426e+00 0.000000000000000000e+00
2.773929834365844727e+00 0.000000000000000000e+00 2.773929834365844727e+00 0.000000000000000000e+00
2.823910117149353027e+00 0.000000000000000000e+00 2.823910117149353027e+00 0.000000000000000000e+00
2.873889803886413574e+00 0.000000000000000000e+00 2.873889803886413574e+00 0.000000000000000000e+00
2.923870086669921875e+00 0.000000000000000000e+00 2.923870086669921875e+00 0.000000000000000000e+00
2.973849773406982422e+00 1.202077983180060983e-04 2.973849773406982422e+00 9.100754141400102526e-06
3.023830056190490723e+00 2.267207484692335129e-03 3.023830056190490723e+00 1.865654630819335580e-04
3.073809742927551270e+00 5.232039839029312134e-03 3.073809742927551270e+00 6.097505101934075356e-04
3.123790025711059570e+00 1.034980826079845428e-02 3.123790025711059570e+00 1.474322169087827206e-03
3.173769712448120117e+00 2.480210736393928528e-02 3.173769712448120117e+00 3.612999338656663895e-03
3.223749995231628418e+00 4.413992911577224731e-02 3.223749995231628418e+00 7.539974525570869446e-03
3.273729681968688965e+00 7.464371621608734131e-02 3.273729681968688965e+00 1.438829209655523300e-02
3.323709964752197266e+00 1.114867627620697021e-01 3.323709964752197266e+00 2.493151649832725525e-02
3.373689651489257812e+00 1.543496549129486084e-01 3.373689651489257812e+00 3.997051343321800232e-02
3.423669934272766113e+00 2.135895341634750366e-01 3.423669934272766113e+00 6.140279024839401245e-02
3.473649621009826660e+00 2.887215912342071533e-01 3.473649621009826660e+00 9.122595936059951782e-02
3.523629903793334961e+00 3.587202727794647217e-01 3.523629903793334961e+00 1.293535679578781128e-01
3.573609590530395508e+00 4.141035676002502441e-01 3.573609590530395508e+00 1.746252775192260742e-01
3.623589873313903809e+00 4.912943542003631592e-01 3.623589873313903809e+00 2.298486530780792236e-01
3.673569560050964355e+00 5.325712561607360840e-01 3.673569560050964355e+00 2.913742959499359131e-01
3.723549842834472656e+00 5.972313880920410156e-01 3.723549842834472656e+00 3.622600734233856201e-01
3.773529529571533203e+00 6.342616081237792969e-01 3.773529529571533203e+00 4.395755231380462646e-01
3.823509812355041504e+00 6.789392828941345215e-01 3.823509812355041504e+00 5.245447158813476562e-01
3.873490095138549805e+00 7.183296680450439453e-01 3.873490095138549805e+00 6.168081760406494141e-01
3.923469781875610352e+00 7.674096226692199707e-01 3.923469781875610352e+00 7.179357409477233887e-01
3.973450064659118652e+00 7.712190747261047363e-01 3.973450064659118652e+00 8.221712112426757812e-01
4.023429751396179199e+00 8.352217674255371094e-01 4.023429751396179199e+00 9.379146099090576172e-01
4.073410034179687500e+00 8.858127593994140625e-01 4.073410034179687500e+00 1.063737034797668457e+00
4.123389720916748047e+00 9.559394121170043945e-01 4.123389720916748047e+00 1.202873945236206055e+00
4.173370003700256348e+00 9.843057394027709961e-01 4.173370003700256348e+00 1.349632740020751953e+00
4.223349690437316895e+00 1.031029582023620605e+00 4.223349690437316895e+00 1.507062196731567383e+00
4.273329973220825195e+00 1.056505799293518066e+00 4.273329973220825195e+00 1.672222733497619629e+00
4.323309659957885742e+00 1.094104886054992676e+00 4.323309659957885742e+00 1.847284793853759766e+00
4.373289942741394043e+00 1.126994252204895020e+00 4.373289942741394043e+00 2.031802654266357422e+00
4.423269629478454590e+00 1.147037148475646973e+00 4.423269629478454590e+00 2.223919630050659180e+00
4.473249912261962891e+00 1.174280166625976562e+00 4.473249912261962891e+00 2.425069093704223633e+00
4.523229598999023438e+00 1.169338107109069824e+00 4.523229598999023438e+00 2.629872560501098633e+00
4.573209881782531738e+00 1.182676672935485840e+00 4.573209881782531738e+00 2.841615200042724609e+00
4.623189568519592285e+00 1.210784792900085449e+00 4.623189568519592285e+00 3.063154935836791992e+00
4.673169851303100586e+00 1.206642866134643555e+00 4.673169851303100586e+00 3.288735389709472656e+00
4.723149538040161133e+00 1.258797883987426758e+00 4.723149538040161133e+00 3.529127359390258789e+00
4.773129820823669434e+00 1.260550260543823242e+00 4.773129820823669434e+00 3.774975061416625977e+00
4.823109507560729980e+00 1.299659132957458496e+00 4.823109507560729980e+00 4.033786773681640625e+00
4.873089790344238281e+00 1.318245053291320801e+00 4.873089790344238281e+00 4.301767349243164062e+00
4.923069775104522705e+00 1.354768514633178711e+00 4.923069775104522705e+00 4.582853317260742188e+00
4.973049759864807129e+00 1.397188186645507812e+00 4.973049759864807129e+00 4.878654956817626953e+00
5.023030042648315430e+00 1.420254230499267578e+00 5.023030042648315430e+00 5.185414314270019531e+00
5.073009729385375977e+00 1.460870981216430664e+00 5.073009729385375977e+00 5.507257938385009766e+00
5.122990012168884277e+00 1.503550171852111816e+00 5.122990012168884277e+00 5.845059871673583984e+00
5.172969698905944824e+00 1.510775089263916016e+00 5.172969698905944824e+00 6.191138744354248047e+00
5.222949981689453125e+00 1.508518457412719727e+00 5.222949981689453125e+00 6.543415069580078125e+00
5.272929668426513672e+00 1.533366322517395020e+00 5.272929668426513672e+00 6.908378124237060547e+00
5.322909355163574219e+00 1.512748241424560547e+00 5.322909355163574219e+00 7.275293350219726562e+00
5.372889637947082520e+00 1.495670437812805176e+00 5.372889637947082520e+00 7.644906997680664062e+00
5.422869920730590820e+00 1.479560852050781250e+00 5.422869920730590820e+00 8.017377853393554688e+00
5.472849607467651367e+00 1.431895136833190918e+00 5.472849607467651367e+00 8.384525299072265625e+00
5.522829890251159668e+00 1.377115249633789062e+00 5.522829890251159668e+00 8.744100570678710938e+00
5.572810173034667969e+00 1.335768699645996094e+00 5.572810173034667969e+00 9.099225997924804688e+00
5.622789859771728516e+00 1.286249756813049316e+00 5.622789859771728516e+00 9.447343826293945312e+00
5.672769546508789062e+00 1.239559292793273926e+00 5.672769546508789062e+00 9.788817405700683594e+00
5.722749829292297363e+00 1.187203645706176758e+00 5.722749829292297363e+00 1.012165451049804688e+01
5.772730112075805664e+00 1.165449500083923340e+00 5.772730112075805664e+00 1.045412826538085938e+01
5.822709798812866211e+00 1.123154401779174805e+00 5.822709798812866211e+00 1.078010368347167969e+01
5.872689485549926758e+00 1.088365554809570312e+00 5.872689485549926758e+00 1.110143280029296875e+01
5.922669768333435059e+00 1.056372642517089844e+00 5.922669768333435059e+00 1.141864395141601562e+01
5.972650051116943359e+00 1.036404728889465332e+00 5.972650051116943359e+00 1.173513603210449219e+01
6.022629737854003906e+00 1.015852689743041992e+00 6.022629737854003906e+00 1.205056381225585938e+01
6.072609424591064453e+00 9.953833818435668945e-01 6.072609424591064453e+00 1.236478996276855469e+01
6.122589707374572754e+00 9.921302199363708496e-01 6.122589707374572754e+00 1.268316173553466797e+01
6.172569990158081055e+00 9.694176912307739258e-01 6.172569990158081055e+00 1.299934959411621094e+01
6.222549676895141602e+00 9.633665084838867188e-01 6.222549676895141602e+00 1.331866741180419922e+01
6.272529363632202148e+00 9.596708416938781738e-01 6.272529363632202148e+00 1.364189434051513672e+01
6.322509646415710449e+00 9.385842680931091309e-01 6.322509646415710449e+00 1.396307373046875000e+01
6.372489929199218750e+00 9.256192445755004883e-01 6.372489929199218750e+00 1.428484916687011719e+01
6.422469615936279297e+00 9.362201094627380371e-01 6.422469615936279297e+00 1.461542987823486328e+01
6.472449302673339844e+00 9.266741275787353516e-01 6.472449302673339844e+00 1.494775772094726562e+01
6.522430181503295898e+00 9.210178852081298828e-01 6.522430181503295898e+00 1.528317546844482422e+01
6.572409868240356445e+00 9.198398590087890625e-01 6.572409868240356445e+00 1.562331581115722656e+01
6.622389554977416992e+00 9.238933920860290527e-01 6.622389554977416992e+00 1.597017288208007812e+01
6.672369837760925293e+00 9.159989953041076660e-01 6.672369837760925293e+00 1.631927299499511719e+01
6.722350120544433594e+00 9.276132583618164062e-01 6.722350120544433594e+00 1.667811965942382812e+01
6.772329807281494141e+00 9.286773800849914551e-01 6.772329807281494141e+00 1.704273605346679688e+01
6.822309494018554688e+00 9.206035733222961426e-01 6.822309494018554688e+00 1.740954208374023438e+01
6.872289776802062988e+00 9.312902092933654785e-01 6.872289776802062988e+00 1.778605842590332031e+01
6.922270059585571289e+00 9.304615259170532227e-01 6.922270059585571289e+00 1.816773414611816406e+01
6.972249746322631836e+00 9.331122040748596191e-01 6.972249746322631836e+00 1.855603981018066406e+01
7.022229433059692383e+00 9.211484193801879883e-01 7.022229433059692383e+00 1.894488716125488281e+01
7.072209715843200684e+00 9.219278693199157715e-01 7.072209715843200684e+00 1.933961868286132812e+01
7.122189998626708984e+00 9.470490217208862305e-01 7.122189998626708984e+00 1.975086402893066406e+01
7.172169685363769531e+00 9.486956000328063965e-01 7.172169685363769531e+00 2.016862106323242188e+01
7.222149372100830078e+00 9.499061703681945801e-01 7.222149372100830078e+00 2.059276580810546875e+01
7.272129654884338379e+00 9.541488885879516602e-01 7.272129654884338379e+00 2.102471542358398438e+01
7.322109937667846680e+00 9.543888568878173828e-01 7.322109937667846680e+00 2.146273994445800781e+01
7.372089624404907227e+00 9.659833908081054688e-01 7.372089624404907227e+00 2.191215324401855469e+01
7.422069311141967773e+00 9.681437015533447266e-01 7.422069311141967773e+00 2.236870574951171875e+01
7.472049593925476074e+00 9.599531292915344238e-01 7.472049593925476074e+00 2.282750701904296875e+01
7.522029876708984375e+00 9.696137905120849609e-01 7.522029876708984375e+00 2.329715156555175781e+01
7.572009563446044922e+00 9.732303023338317871e-01 7.572009563446044922e+00 2.377483177185058594e+01
