# distance (\AA)	RDF	distance (\AA)	cdf
1.269738283008337021e-01 0.000000000000000000e+00 1.269738283008337021e-01 0.000000000000000000e+00
1.809214986860752106e-01 0.000000000000000000e+00 1.809214986860752106e-01 0.000000000000000000e+00
2.348691597580909729e-01 0.000000000000000000e+00 2.348691597580909729e-01 0.000000000000000000e+00
2.888168394565582275e-01 0.000000000000000000e+00 2.888168394565582275e-01 0.000000000000000000e+00
3.427644819021224976e-01 0.000000000000000000e+00 3.427644819021224976e-01 0.000000000000000000e+00
3.967121616005897522e-01 0.000000000000000000e+00 3.967121616005897522e-01 0.000000000000000000e+00
4.506598040461540222e-01 0.000000000000000000e+00 4.506598040461540222e-01 0.000000000000000000e+00
5.046074837446212769e-01 0.000000000000000000e+00 5.046074837446212769e-01 0.000000000000000000e+00
5.585551634430885315e-01 0.000000000000000000e+00 5.585551634430885315e-01 0.000000000000000000e+00
6.125028058886528015e-01 0.000000000000000000e+00 6.125028058886528015e-01 0.000000000000000000e+00
6.664504855871200562e-01 0.000000000000000000e+00 6.664504855871200562e-01 0.000000000000000000e+00
7.203981280326843262e-01 0.000000000000000000e+00 7.203981280326843262e-01 0.000000000000000000e+00
7.743458449840545654e-01 0.000000000000000000e+00 7.743458449840545654e-01 0.000000000000000000e+00
8.282934129238128662e-01 0.000000000000000000e+00 8.282934129238128662e-01 0.000000000000000000e+00
8.822411298751831055e-01 0.000000000000000000e+00 8.822411298751831055e-01 0.000000000000000000e+00
9.361888468265533447e-01 0.000000000000000000e+00 9.361888468265533447e-01 0.000000000000000000e+00
9.901364147663116455e-01 0.000000000000000000e+00 9.901364147663116455e-01 0.000000000000000000e+00
1.044084131717681885e+00 0.000000000000000000e+00 1.044084131717681885e+00 0.000000000000000000e+00
1.098031848669052124e+00 0.000000000000000000e+00 1.098031848669052124e+00 0.000000000000000000e+00
1.151979416608810425e+00 0.000000000000000000e+00 1.151979416608810425e+00 0.000000000000000000e+00
1.205927133560180664e+00 0.000000000000000000e+00 1.205927133560180664e+00 0.000000000000000000e+00
1.259874850511550903e+00 0.000000000000000000e+00 1.259874850511550903e+00 0.000000000000000000e+00
1.313822567462921143e+00 0.000000000000000000e+00 1.313822567462921143e+00 0.000000000000000000e+00
1.367770135402679443e+00 0.000000000000000000e+00 1.367770135402679443e+00 0.000000000000000000e+00
1.421717852354049683e+00 0.000000000000000000e+00 1.421717852354049683e+00 0.000000000000000000e+00
1.475665569305419922e+00 0.000000000000000000e+00 1.475665569305419922e+00 0.000000000000000000e+00
1.529613137245178223e+00 0.000000000000000000e+00 1.529613137245178223e+00 0.000000000000000000e+00
1.583560854196548462e+00 0.000000000000000000e+00 1.583560854196548462e+00 0.000000000000000000e+00
1.637508571147918701e+00 0.000000000000000000e+00 1.637508571147918701e+00 0.000000000000000000e+00
1.691456139087677002e+00 0.000000000000000000e+00 1.691456139087677002e+00 0.000000000000000000e+00
1.745403856039047241e+00 0.000000000000000000e+00 1.745403856039047241e+00 0.000000000000000000e+00
1.799351572990417480e+00 0.000000000000000000e+00 1.799351572990417480e+00 0.000000000000000000e+00
1.853299140930175781e+00 0.000000000000000000e+00 1.853299140930175781e+00 0.000000000000000000e+00
1.907246857881546021e+00 0.000000000000000000e+00 1.907246857881546021e+00 0.000000000000000000e+00
1.961194574832916260e+00 0.000000000000000000e+00 1.961194574832916260e+00 0.000000000000000000e+00
2.015142142772674561e+00 0.000000000000000000e+00 2.015142142772674561e+00 0.000000000000000000e+00
2.069089859724044800e+00 0.000000000000000000e+00 2.069089859724044800e+00 0.000000000000000000e+00
2.123037576675415039e+00 0.000000000000000000e+00 2.123037576675415039e+00 0.000000000000000000e+00
2.176985144615173340e+00 0.000000000000000000e+00 2.176985144615173340e+00 0.000000000000000000e+00
2.230932861566543579e+00 0.000000000000000000e+00 2.230932861566543579e+00 0.000000000000000000e+00
2.284880578517913818e+00 0.000000000000000000e+00 2.284880578517913818e+00 0.000000000000000000e+00
2.338828146457672119e+00 0.000000000000000000e+00 2.338828146457672119e+00 0.000000000000000000e+00
2.392775863409042358e+00 0.000000000000000000e+00 2.392775863409042358e+00 0.000000000000000000e+00
2.446723580360412598e+00 0.000000000000000000e+00 2.446723580360412598e+00 0.000000000000000000e+00
2.500671148300170898e+00 0.000000000000000000e+00 2.500671148300170898e+00 0.000000000000000000e+00
2.554618716239929199e+00 0.000000000000000000e+00 2.554618716239929199e+00 0.000000000000000000e+00
2.608566284179687500e+00 0.000000000000000000e+00 2.608566284179687500e+00 0.000000000000000000e+00
2.662513852119445801e+00 0.000000000000000000e+00 2.662513852119445801e+00 0.000000000000000000e+00
2.716461718082427979e+00 0.000000000000000000e+00 2.716461718082427979e+00 0.000000000000000000e+00
2.770409286022186279e+00 0.000000000000000000e+00 2.770409286022186279e+00 0.000000000000000000e+00
2.824357151985168457e+00 0.000000000000000000e+00 2.824357151985168457e+00 0.000000000000000000e+00
2.878304719924926758e+00 0.000000000000000000e+00 2.878304719924926758e+00 0.000000000000000000e+00
2.932252287864685059e+00 0.000000000000000000e+00 2.932252287864685059e+00 0.000000000000000000e+00
2.986199855804443359e+00 0.000000000000000000e+00 2.986199855804443359e+00 0.000000000000000000e+00
3.040147721767425537e+00 0.000000000000000000e+00 3.040147721767425537e+00 0.000000000000000000e+00
3.094095289707183838e+00 0.000000000000000000e+00 3.094095289707183838e+00 0.000000000000000000e+00
3.148043155670166016e+00 0.000000000000000000e+00 3.148043155670166016e+00 0.000000000000000000e+00
3.201990723609924316e+00 0.000000000000000000e+00 3.201990723609924316e+00 0.000000000000000000e+00
3.255938291549682617e+00 0.000000000000000000e+00 3.255938291549682617e+00 0.000000000000000000e+00
3.309885859489440918e+00 0.000000000000000000e+00 3.309885859489440918e+00 0.000000000000000000e+00
3.363833725452423096e+00 0.000000000000000000e+00 3.363833725452423096e+00 0.000000000000000000e+00
3.417781293392181396e+00 3.866307815769687295e-05 3.417781293392181396e+00 1.879501382973103318e-06
3.471729159355163574e+00 1.873532310128211975e-04 3.471729159355163574e+00 1.127700852521229535e-05
3.525676727294921875e+00 8.356593316420912743e-04 3.525676727294921875e+00 5.450553726404905319e-05
3.579624295234680176e+00 3.031162777915596962e-03 3.579624295234680176e+00 2.161426527891308069e-04
3.633571863174438477e+00 8.551783859729766846e-03 3.633571863174438477e+00 6.860180292278528214e-04
3.687519729137420654e+00 2.212034724652767181e-02 3.687519729137420654e+00 1.937765977345407009e-03
3.741467297077178955e+00 5.068497359752655029e-02 3.741467297077178955e+00 4.890462849289178848e-03
3.795415163040161133e+00 1.002952530980110168e-01 3.795415163040161133e+00 1.090298779308795929e-02
3.849362730979919434e+00 1.709296554327011108e-01 3.849362730979919434e+00 2.144323289394378662e-02
3.903310298919677734e+00 2.798297405242919922e-01 3.903310298919677734e+00 3.918572515249252319e-02
3.957257866859436035e+00 4.075960516929626465e-01 3.957257866859436035e+00 6.574872136116027832e-02
4.011205732822418213e+00 5.659148097038269043e-01 4.011205732822418213e+00 1.036413460969924927e-01
4.065153300762176514e+00 7.292082309722900391e-01 4.065153300762176514e+00 1.537902057170867920e-01
4.119101166725158691e+00 8.895316123962402344e-01 4.119101166725158691e+00 2.165993750095367432e-01
4.173048734664916992e+00 1.036740660667419434e+00 4.173048734664916992e+00 2.917324304580688477e-01
4.226996302604675293e+00 1.165722370147705078e+00 4.226996302604675293e+00 3.784112930297851562e-01
4.280943870544433594e+00 1.277903318405151367e+00 4.280943870544433594e+00 4.758728444576263428e-01
4.334891736507415771e+00 1.362962126731872559e+00 4.334891736507415771e+00 5.824574828147888184e-01
4.388839304447174072e+00 1.439831018447875977e+00 4.388839304447174072e+00 6.978729963302612305e-01
4.442787170410156250e+00 1.497115254402160645e+00 4.442787170410156250e+00 8.208497166633605957e-01
4.496734738349914551e+00 1.544964551925659180e+00 4.496734738349914551e+00 9.508566856384277344e-01
4.550682306289672852e+00 1.584339022636413574e+00 4.550682306289672852e+00 1.087394952774047852e+00
4.604629874229431152e+00 1.614714741706848145e+00 4.604629874229431152e+00 1.229870557785034180e+00
4.658577740192413330e+00 1.634780764579772949e+00 4.658577740192413330e+00 1.377515792846679688e+00
4.712525308132171631e+00 1.643607497215270996e+00 4.712525308132171631e+00 1.529416203498840332e+00
4.766473174095153809e+00 1.641265869140625000e+00 4.766473174095153809e+00 1.684593439102172852e+00
4.820420742034912109e+00 1.637840867042541504e+00 4.820420742034912109e+00 1.842971563339233398e+00
4.874368309974670410e+00 1.671761870384216309e+00 4.874368309974670410e+00 2.008268117904663086e+00
4.928315877914428711e+00 1.700231671333312988e+00 4.928315877914428711e+00 2.180122137069702148e+00
4.982263743877410889e+00 1.771036505699157715e+00 4.982263743877410889e+00 2.363072872161865234e+00
5.036211013793945312e+00 1.859387159347534180e+00 5.036211013793945312e+00 2.559332370758056641e+00
5.090159177780151367e+00 1.929705977439880371e+00 5.090159177780151367e+00 2.767400741577148438e+00
5.144106149673461914e+00 1.941718816757202148e+00 5.144106149673461914e+00 2.981225967407226562e+00
5.198054313659667969e+00 1.835067749023437500e+00 5.198054313659667969e+00 3.187568902969360352e+00
5.252002477645874023e+00 1.605874657630920410e+00 5.252002477645874023e+00 3.371906757354736328e+00
5.305949449539184570e+00 1.357410907745361328e+00 5.305949449539184570e+00 3.530940771102905273e+00
5.359897613525390625e+00 1.153271079063415527e+00 5.359897613525390625e+00 3.668819189071655273e+00
5.413844585418701172e+00 1.022940039634704590e+00 5.413844585418701172e+00 3.793589830398559570e+00
5.467792749404907227e+00 9.629844427108764648e-01 5.467792749404907227e+00 3.913400411605834961e+00
5.521740317344665527e+00 9.301497936248779297e-01 5.521740317344665527e+00 4.031421661376953125e+00
5.575687885284423828e+00 9.012321829795837402e-01 5.575687885284423828e+00 4.148018360137939453e+00
5.629636049270629883e+00 8.822080492973327637e-01 5.629636049270629883e+00 4.264372825622558594e+00
5.683583021163940430e+00 8.742498159408569336e-01 5.683583021163940430e+00 4.381897926330566406e+00
5.737531185150146484e+00 8.651121258735656738e-01 5.737531185150146484e+00 4.500413417816162109e+00
5.791478157043457031e+00 8.641834259033203125e-01 5.791478157043457031e+00 4.621037960052490234e+00
5.845426321029663086e+00 8.712412714958190918e-01 5.845426321029663086e+00 4.744925498962402344e+00
5.899374485015869141e+00 8.732730150222778320e-01 5.899374485015869141e+00 4.871402740478515625e+00
5.953321456909179688e+00 8.778660297393798828e-01 5.953321456909179688e+00 5.000881671905517578e+00
6.007269620895385742e+00 8.889274001121520996e-01 6.007269620895385742e+00 5.134378910064697266e+00
6.061216592788696289e+00 8.797149062156677246e-01 6.061216592788696289e+00 5.268876075744628906e+00
6.115164756774902344e+00 8.922886252403259277e-01 6.115164756774902344e+00 5.407734394073486328e+00
6.169112324714660645e+00 8.862239122390747070e-01 6.169112324714660645e+00 5.548094749450683594e+00
6.223059892654418945e+00 8.795091509819030762e-01 6.223059892654418945e+00 5.689837455749511719e+00
6.277008056640625000e+00 8.750846385955810547e-01 6.277008056640625000e+00 5.833322525024414062e+00
6.330955028533935547e+00 8.549074530601501465e-01 6.330955028533935547e+00 5.975918292999267578e+00
6.384903192520141602e+00 8.426535725593566895e-01 6.384903192520141602e+00 6.118876934051513672e+00
6.438850164413452148e+00 8.255820274353027344e-01 6.438850164413452148e+00 6.261314868927001953e+00
6.492798328399658203e+00 8.114736080169677734e-01 6.492798328399658203e+00 6.403676986694335938e+00
6.546746492385864258e+00 7.938262820243835449e-01 6.546746492385864258e+00 6.545265674591064453e+00
6.600693464279174805e+00 7.794960737228393555e-01 6.600693464279174805e+00 6.686598777770996094e+00
6.654641628265380859e+00 7.667488455772399902e-01 6.654641628265380859e+00 6.827902317047119141e+00
6.708588600158691406e+00 7.517018914222717285e-01 6.708588600158691406e+00 6.968688011169433594e+00
6.762536764144897461e+00 7.457627058029174805e-01 6.762536764144897461e+00 7.110616683959960938e+00
6.816484332084655762e+00 7.400719523429870605e-01 6.816484332084655762e+00 7.253720283508300781e+00
6.870431900024414062e+00 7.374991774559020996e-01 6.870431900024414062e+00 7.398591518402099609e+00
6.924380064010620117e+00 7.401480078697204590e-01 6.924380064010620117e+00 7.546274185180664062e+00
6.978327035903930664e+00 7.366986274719238281e-01 6.978327035903930664e+00 7.695568561553955078e+00
7.032275199890136719e+00 7.467198371887207031e-01 7.032275199890136719e+00 7.849242210388183594e+00
7.086222171783447266e+00 7.571691870689392090e-01 7.086222171783447266e+00 8.007466316223144531e+00
7.140170335769653320e+00 7.648849487304687500e-01 7.140170335769653320e+00 8.169746398925781250e+00
7.194117903709411621e+00 7.805188298225402832e-01 7.194117903709411621e+00 8.337856292724609375e+00
7.248065471649169922e+00 7.967656850814819336e-01 7.248065471649169922e+00 8.512046813964843750e+00
7.302013635635375977e+00 8.159115910530090332e-01 7.302013635635375977e+00 8.693088531494140625e+00
7.355960607528686523e+00 8.366324305534362793e-01 7.355960607528686523e+00 8.881481170654296875e+00
7.409908771514892578e+00 8.534336090087890625e-01 7.409908771514892578e+00 9.076484680175781250e+00
7.463855743408203125e+00 8.717800974845886230e-01 7.463855743408203125e+00 9.278594017028808594e+00
7.517803907394409180e+00 8.931931257247924805e-01 7.517803907394409180e+00 9.488672256469726562e+00
7.571752071380615234e+00 9.099880456924438477e-01 7.571752071380615234e+00 9.705780982971191406e+00
7.625699043273925781e+00 9.217814803123474121e-01 7.625699043273925781e+00 9.928849220275878906e+00
7.679647207260131836e+00 9.367049336433410645e-01 7.679647207260131836e+00 1.015874767303466797e+01
7.733594179153442383e+00 9.526124596595764160e-01 7.733594179153442383e+00 1.039584541320800781e+01
7.787542343139648438e+00 9.635146260261535645e-01 7.787542343139648438e+00 1.063901424407958984e+01
7.841489911079406738e+00 9.740745425224304199e-01 7.841489911079406738e+00 1.088827037811279297e+01
7.895437479019165039e+00 9.927894473075866699e-01 7.895437479019165039e+00 1.114581871032714844e+01
7.949385643005371094e+00 1.006802558898925781e+00 7.949385643005371094e+00 1.141058540344238281e+01
8.003332614898681641e+00 1.011492013931274414e+00 8.003332614898681641e+00 1.168020534515380859e+01
8.057280778884887695e+00 1.030107975006103516e+00 8.057280778884887695e+00 1.195850372314453125e+01
8.111227750778198242e+00 1.039438605308532715e+00 8.111227750778198242e+00 1.224309444427490234e+01
8.165175914764404297e+00 1.051728963851928711e+00 8.165175914764404297e+00 1.253489780426025391e+01
