# distance (\AA)	RDF	distance (\AA)	cdf
1.269738283008337021e-01 0.000000000000000000e+00 1.269738283008337021e-01 0.000000000000000000e+00
1.809214986860752106e-01 0.000000000000000000e+00 1.809214986860752106e-01 0.000000000000000000e+00
2.348691597580909729e-01 0.000000000000000000e+00 2.348691597580909729e-01 0.000000000000000000e+00
2.888168394565582275e-01 0.000000000000000000e+00 2.888168394565582275e-01 0.000000000000000000e+00
3.427644819021224976e-01 0.000000000000000000e+00 3.427644819021224976e-01 0.000000000000000000e+00
3.967121616005897522e-01 0.000000000000000000e+00 3.967121616005897522e-01 0.000000000000000000e+00
4.506598040461540222e-01 0.000000000000000000e+00 4.506598040461540222e-01 0.000000000000000000e+00
5.046074837446212769e-01 0.000000000000000000e+00 5.046074837446212769e-01 0.000000000000000000e+00
5.585551634430885315e-01 0.000000000000000000e+00 5.585551634430885315e-01 0.000000000000000000e+00
6.125028058886528015e-01 0.000000000000000000e+00 6.125028058886528015e-01 0.000000000000000000e+00
6.664504855871200562e-01 0.000000000000000000e+00 6.664504855871200562e-01 0.000000000000000000e+00
7.203981280326843262e-01 0.000000000000000000e+00 7.203981280326843262e-01 0.000000000000000000e+00
7.743458449840545654e-01 0.000000000000000000e+00 7.743458449840545654e-01 0.000000000000000000e+00
8.282934129238128662e-01 0.000000000000000000e+00 8.282934129238128662e-01 0.000000000000000000e+00
8.822411298751831055e-01 0.000000000000000000e+00 8.822411298751831055e-01 0.000000000000000000e+00
9.361888468265533447e-01 0.000000000000000000e+00 9.361888468265533447e-01 0.000000000000000000e+00
9.901364147663116455e-01 0.000000000000000000e+00 9.901364147663116455e-01 0.000000000000000000e+00
1.044084131717681885e+00 0.000000000000000000e+00 1.044084131717681885e+00 0.000000000000000000e+00
1.098031848669052124e+00 0.000000000000000000e+00 1.098031848669052124e+00 0.000000000000000000e+00
1.151979416608810425e+00 0.000000000000000000e+00 1.151979416608810425e+00 0.000000000000000000e+00
1.205927133560180664e+00 0.000000000000000000e+00 1.205927133560180664e+00 0.000000000000000000e+00
1.259874850511550903e+00 0.000000000000000000e+00 1.259874850511550903e+00 0.000000000000000000e+00
1.313822567462921143e+00 0.000000000000000000e+00 1.313822567462921143e+00 0.000000000000000000e+00
1.367770135402679443e+00 0.000000000000000000e+00 1.367770135402679443e+00 0.000000000000000000e+00
1.421717852354049683e+00 0.000000000000000000e+00 1.421717852354049683e+00 0.000000000000000000e+00
1.475665569305419922e+00 0.000000000000000000e+00 1.475665569305419922e+00 0.000000000000000000e+00
1.529613137245178223e+00 0.000000000000000000e+00 1.529613137245178223e+00 0.000000000000000000e+00
1.583560854196548462e+00 0.000000000000000000e+00 1.583560854196548462e+00 0.000000000000000000e+00
1.637508571147918701e+00 0.000000000000000000e+00 1.637508571147918701e+00 0.000000000000000000e+00
1.691456139087677002e+00 0.000000000000000000e+00 1.691456139087677002e+00 0.000000000000000000e+00
1.745403856039047241e+00 0.000000000000000000e+00 1.745403856039047241e+00 0.000000000000000000e+00
1.799351572990417480e+00 3.004296449944376945e-03 1.799351572990417480e+00 5.638504080707207322e-05
1.853299140930175781e+00 2.505335509777069092e-01 1.853299140930175781e+00 5.044581834226846695e-03
1.907246857881546021e+00 3.451100826263427734e+00 1.907246857881546021e+00 7.781511545181274414e-02
1.961194574832916260e+00 1.391180610656738281e+01 1.961194574832916260e+00 3.879911005496978760e-01
2.015142142772674561e+00 2.439758491516113281e+01 2.015142142772674561e+00 9.622933864593505859e-01
2.069089859724044800e+00 2.466914176940917969e+01 2.069089859724044800e+00 1.574492096900939941e+00
2.123037576675415039e+00 1.775129127502441406e+01 2.123037576675415039e+00 2.038285255432128906e+00
2.176985144615173340e+00 1.063208198547363281e+01 2.176985144615173340e+00 2.330369234085083008e+00
2.230932861566543579e+00 5.846803188323974609e+00 2.230932861566543579e+00 2.499050617218017578e+00
2.284880578517913818e+00 3.171795845031738281e+00 2.284880578517913818e+00 2.595036745071411133e+00
2.338828146457672119e+00 1.803969502449035645e+00 2.338828146457672119e+00 2.652237415313720703e+00
2.392775863409042358e+00 1.078168869018554688e+00 2.392775863409042358e+00 2.688019275665283203e+00
2.446723580360412598e+00 7.049798369407653809e-01 2.446723580360412598e+00 2.712482929229736328e+00
2.500671148300170898e+00 4.672296941280364990e-01 2.500671148300170898e+00 2.729419231414794922e+00
2.554618716239929199e+00 3.390961289405822754e-01 2.554618716239929199e+00 2.742246866226196289e+00
2.608566284179687500e+00 2.701313793659210205e-01 2.608566284179687500e+00 2.752901792526245117e+00
2.662513852119445801e+00 2.150645554065704346e-01 2.662513852119445801e+00 2.761739253997802734e+00
2.716461718082427979e+00 1.914052665233612061e-01 2.716461718082427979e+00 2.769926309585571289e+00
2.770409286022186279e+00 1.663649380207061768e-01 2.770409286022186279e+00 2.777327775955200195e+00
2.824357151985168457e+00 1.554763466119766235e-01 2.824357151985168457e+00 2.784516811370849609e+00
2.878304719924926758e+00 1.582359671592712402e-01 2.878304719924926758e+00 2.792115688323974609e+00
2.932252287864685059e+00 1.567664742469787598e-01 2.932252287864685059e+00 2.799928665161132812e+00
2.986199855804443359e+00 1.607156544923782349e-01 2.986199855804443359e+00 2.808236122131347656e+00
3.040147721767425537e+00 1.738323867321014404e-01 3.040147721767425537e+00 2.817548990249633789e+00
3.094095289707183838e+00 1.890595704317092896e-01 3.094095289707183838e+00 2.828040361404418945e+00
3.148043155670166016e+00 2.068794220685958862e-01 3.148043155670166016e+00 2.839924335479736328e+00
3.201990723609924316e+00 2.320041209459304810e-01 3.201990723609924316e+00 2.853712320327758789e+00
3.255938291549682617e+00 2.560985386371612549e-01 3.255938291549682617e+00 2.869449377059936523e+00
3.309885859489440918e+00 2.913243770599365234e-01 3.309885859489440918e+00 2.887949228286743164e+00
3.363833725452423096e+00 3.248973488807678223e-01 3.363833725452423096e+00 2.909259080886840820e+00
3.417781293392181396e+00 3.651023507118225098e-01 3.417781293392181396e+00 2.933980226516723633e+00
3.471729159355163574e+00 4.077805280685424805e-01 3.471729159355163574e+00 2.962469816207885742e+00
3.525676727294921875e+00 4.520050287246704102e-01 3.525676727294921875e+00 2.995037794113159180e+00
3.579624295234680176e+00 5.068566203117370605e-01 3.579624295234680176e+00 3.032684326171875000e+00
3.633571863174438477e+00 5.504401326179504395e-01 3.633571863174438477e+00 3.074809551239013672e+00
3.687519729137420654e+00 6.007699966430664062e-01 3.687519729137420654e+00 3.122161626815795898e+00
3.741467297077178955e+00 6.490296721458435059e-01 3.741467297077178955e+00 3.174825191497802734e+00
3.795415163040161133e+00 6.972215175628662109e-01 3.795415163040161133e+00 3.233042716979980469e+00
3.849362730979919434e+00 7.372533082962036133e-01 3.849362730979919434e+00 3.296365022659301758e+00
3.903310298919677734e+00 7.771810889244079590e-01 3.903310298919677734e+00 3.365000724792480469e+00
3.957257866859436035e+00 7.966086864471435547e-01 3.957257866859436035e+00 3.437310695648193359e+00
4.011205732822418213e+00 8.293222188949584961e-01 4.011205732822418213e+00 3.514655828475952148e+00
4.065153300762176514e+00 8.558786511421203613e-01 4.065153300762176514e+00 3.596639633178710938e+00
4.119101166725158691e+00 8.758196234703063965e-01 4.119101166725158691e+00 3.682775259017944336e+00
4.173048734664916992e+00 8.959289789199829102e-01 4.173048734664916992e+00 3.773211240768432617e+00
4.226996302604675293e+00 9.026591777801513672e-01 4.226996302604675293e+00 3.866697549819946289e+00
4.280943870544433594e+00 9.099494218826293945e-01 4.280943870544433594e+00 3.963360309600830078e+00
4.334891736507415771e+00 9.085316658020019531e-01 4.334891736507415771e+00 4.062319755554199219e+00
4.388839304447174072e+00 9.023785591125488281e-01 4.388839304447174072e+00 4.163070201873779297e+00
4.442787170410156250e+00 8.914976119995117188e-01 4.442787170410156250e+00 4.265069007873535156e+00
4.496734738349914551e+00 8.828934431076049805e-01 4.496734738349914551e+00 4.368550777435302734e+00
4.550682306289672852e+00 8.671426773071289062e-01 4.550682306289672852e+00 4.472639560699462891e+00
4.604629874229431152e+00 8.424122333526611328e-01 4.604629874229431152e+00 4.576171875000000000e+00
4.658577740192413330e+00 8.227795362472534180e-01 4.658577740192413330e+00 4.679674148559570312e+00
4.712525308132171631e+00 7.835641503334045410e-01 4.712525308132171631e+00 4.780539512634277344e+00
4.766473174095153809e+00 7.555917501449584961e-01 4.766473174095153809e+00 4.880043983459472656e+00
4.820420742034912109e+00 7.203984260559082031e-01 4.820420742034912109e+00 4.977073192596435547e+00
4.874368309974670410e+00 6.882606744766235352e-01 4.874368309974670410e+00 5.071860313415527344e+00
4.928315877914428711e+00 6.656756997108459473e-01 4.928315877914428711e+00 5.165577888488769531e+00
4.982263743877410889e+00 6.239741444587707520e-01 4.982263743877410889e+00 5.255357742309570312e+00
5.036211013793945312e+00 6.071497797966003418e-01 5.036211013793945312e+00 5.344618797302246094e+00
5.090159177780151367e+00 5.862646698951721191e-01 5.090159177780151367e+00 5.432665824890136719e+00
5.144106149673461914e+00 5.656502842903137207e-01 5.144106149673461914e+00 5.519427299499511719e+00
5.198054313659667969e+00 5.500058531761169434e-01 5.198054313659667969e+00 5.605568408966064453e+00
5.252002477645874023e+00 5.374401807785034180e-01 5.252002477645874023e+00 5.691497325897216797e+00
5.305949449539184570e+00 5.278689861297607422e-01 5.305949449539184570e+00 5.777638435363769531e+00
5.359897613525390625e+00 5.226246118545532227e-01 5.359897613525390625e+00 5.864666938781738281e+00
5.413844585418701172e+00 5.193312168121337891e-01 5.413844585418701172e+00 5.952896595001220703e+00
5.467792749404907227e+00 5.208781361579895020e-01 5.467792749404907227e+00 6.043161392211914062e+00
5.521740317344665527e+00 5.188279151916503906e-01 5.521740317344665527e+00 6.134854793548583984e+00
5.575687885284423828e+00 5.225974917411804199e-01 5.575687885284423828e+00 6.229027271270751953e+00
5.629636049270629883e+00 5.316517353057861328e-01 5.629636049270629883e+00 6.326693534851074219e+00
5.683583021163940430e+00 5.351676940917968750e-01 5.683583021163940430e+00 6.426898956298828125e+00
5.737531185150146484e+00 5.492016673088073730e-01 5.737531185150146484e+00 6.531694412231445312e+00
5.791478157043457031e+00 5.565286278724670410e-01 5.791478157043457031e+00 6.639893531799316406e+00
5.845426321029663086e+00 5.724406838417053223e-01 5.845426321029663086e+00 6.753270626068115234e+00
5.899374485015869141e+00 5.822252035140991211e-01 5.899374485015869141e+00 6.870722770690917969e+00
5.953321456909179688e+00 5.970798730850219727e-01 5.953321456909179688e+00 6.993384838104248047e+00
6.007269620895385742e+00 6.154175996780395508e-01 6.007269620895385742e+00 7.122115612030029297e+00
6.061216592788696289e+00 6.310076117515563965e-01 6.061216592788696289e+00 7.256488800048828125e+00
6.115164756774902344e+00 6.532814502716064453e-01 6.115164756774902344e+00 7.398092269897460938e+00
6.169112324714660645e+00 6.797106266021728516e-01 6.169112324714660645e+00 7.548037052154541016e+00
6.223059892654418945e+00 6.950010657310485840e-01 6.223059892654418945e+00 7.704046726226806641e+00
6.277008056640625000e+00 7.168412208557128906e-01 6.277008056640625000e+00 7.867760658264160156e+00
6.330955028533935547e+00 7.384545207023620605e-01 6.330955028533935547e+00 8.039321899414062500e+00
6.384903192520141602e+00 7.621888518333435059e-01 6.384903192520141602e+00 8.219429016113281250e+00
6.438850164413452148e+00 7.823960781097412109e-01 6.438850164413452148e+00 8.407446861267089844e+00
6.492798328399658203e+00 8.058334589004516602e-01 6.492798328399658203e+00 8.604358673095703125e+00
6.546746492385864258e+00 8.266668915748596191e-01 6.546746492385864258e+00 8.809729576110839844e+00
6.600693464279174805e+00 8.516068458557128906e-01 6.600693464279174805e+00 9.024797439575195312e+00
6.654641628265380859e+00 8.698066473007202148e-01 6.654641628265380859e+00 9.248066902160644531e+00
6.708588600158691406e+00 8.898153901100158691e-01 6.708588600158691406e+00 9.480191230773925781e+00
6.762536764144897461e+00 9.078177809715270996e-01 6.762536764144897461e+00 9.720834732055664062e+00
6.816484332084655762e+00 9.301880598068237305e-01 6.816484332084655762e+00 9.971361160278320312e+00
6.870431900024414062e+00 9.508013129234313965e-01 6.870431900024414062e+00 1.023150634765625000e+01
6.924380064010620117e+00 9.661703109741210938e-01 6.924380064010620117e+00 1.050002288818359375e+01
6.978327035903930664e+00 9.807103276252746582e-01 6.978327035903930664e+00 1.077684497833251953e+01
7.032275199890136719e+00 9.927178621292114258e-01 7.032275199890136719e+00 1.106140518188476562e+01
7.086222171783447266e+00 1.003264665603637695e+00 7.086222171783447266e+00 1.135341739654541016e+01
7.140170335769653320e+00 1.014437556266784668e+00 7.140170335769653320e+00 1.165319633483886719e+01
7.194117903709411621e+00 1.028241038322448730e+00 7.194117903709411621e+00 1.196166610717773438e+01
7.248065471649169922e+00 1.031430482864379883e+00 7.248065471649169922e+00 1.227574539184570312e+01
7.302013635635375977e+00 1.034151077270507812e+00 7.302013635635375977e+00 1.259535980224609375e+01
7.355960607528686523e+00 1.038136959075927734e+00 7.355960607528686523e+00 1.292096424102783203e+01
7.409908771514892578e+00 1.037917256355285645e+00 7.409908771514892578e+00 1.325129032135009766e+01
7.463855743408203125e+00 1.037186622619628906e+00 7.463855743408203125e+00 1.358621215820312500e+01
7.517803907394409180e+00 1.034858703613281250e+00 7.517803907394409180e+00 1.392523097991943359e+01
7.571752071380615234e+00 1.034282684326171875e+00 7.571752071380615234e+00 1.426893711090087891e+01
7.625699043273925781e+00 1.037688970565795898e+00 7.625699043273925781e+00 1.461870861053466797e+01
7.679647207260131836e+00 1.034459352493286133e+00 7.679647207260131836e+00 1.497234249114990234e+01
7.733594179153442383e+00 1.035571694374084473e+00 7.733594179153442383e+00 1.533134651184082031e+01
7.787542343139648438e+00 1.042190432548522949e+00 7.787542343139648438e+00 1.569770240783691406e+01
7.841489911079406738e+00 1.043751001358032227e+00 7.841489911079406738e+00 1.606971359252929688e+01
7.895437479019165039e+00 1.042957425117492676e+00 7.895437479019165039e+00 1.644656944274902344e+01
7.949385643005371094e+00 1.048316359519958496e+00 7.949385643005371094e+00 1.683055686950683594e+01
8.003332614898681641e+00 1.054974198341369629e+00 8.003332614898681641e+00 1.722224235534667969e+01
8.057280778884887695e+00 1.057678222656250000e+00 8.057280778884887695e+00 1.762024688720703125e+01
8.111227750778198242e+00 1.068552970886230469e+00 8.111227750778198242e+00 1.802774429321289062e+01
8.165175914764404297e+00 1.072458505630493164e+00 8.165175914764404297e+00 1.844219589233398438e+01
