# distance (\AA)	RDF	distance (\AA)	cdf
1.269738283008337021e-01 0.000000000000000000e+00 1.269738283008337021e-01 0.000000000000000000e+00
1.809214986860752106e-01 0.000000000000000000e+00 1.809214986860752106e-01 0.000000000000000000e+00
2.348691597580909729e-01 0.000000000000000000e+00 2.348691597580909729e-01 0.000000000000000000e+00
2.888168394565582275e-01 0.000000000000000000e+00 2.888168394565582275e-01 0.000000000000000000e+00
3.427644819021224976e-01 0.000000000000000000e+00 3.427644819021224976e-01 0.000000000000000000e+00
3.967121616005897522e-01 0.000000000000000000e+00 3.967121616005897522e-01 0.000000000000000000e+00
4.506598040461540222e-01 0.000000000000000000e+00 4.506598040461540222e-01 0.000000000000000000e+00
5.046074837446212769e-01 0.000000000000000000e+00 5.046074837446212769e-01 0.000000000000000000e+00
5.585551634430885315e-01 0.000000000000000000e+00 5.585551634430885315e-01 0.000000000000000000e+00
6.125028058886528015e-01 0.000000000000000000e+00 6.125028058886528015e-01 0.000000000000000000e+00
6.664504855871200562e-01 0.000000000000000000e+00 6.664504855871200562e-01 0.000000000000000000e+00
7.203981280326843262e-01 0.000000000000000000e+00 7.203981280326843262e-01 0.000000000000000000e+00
7.743458449840545654e-01 0.000000000000000000e+00 7.743458449840545654e-01 0.000000000000000000e+00
8.282934129238128662e-01 0.000000000000000000e+00 8.282934129238128662e-01 0.000000000000000000e+00
8.822411298751831055e-01 0.000000000000000000e+00 8.822411298751831055e-01 0.000000000000000000e+00
9.361888468265533447e-01 0.000000000000000000e+00 9.361888468265533447e-01 0.000000000000000000e+00
9.901364147663116455e-01 0.000000000000000000e+00 9.901364147663116455e-01 0.000000000000000000e+00
1.044084131717681885e+00 0.000000000000000000e+00 1.044084131717681885e+00 0.000000000000000000e+00
1.098031848669052124e+00 0.000000000000000000e+00 1.098031848669052124e+00 0.000000000000000000e+00
1.151979416608810425e+00 0.000000000000000000e+00 1.151979416608810425e+00 0.000000000000000000e+00
1.205927133560180664e+00 0.000000000000000000e+00 1.205927133560180664e+00 0.000000000000000000e+00
1.259874850511550903e+00 0.000000000000000000e+00 1.259874850511550903e+00 0.000000000000000000e+00
1.313822567462921143e+00 0.000000000000000000e+00 1.313822567462921143e+00 0.000000000000000000e+00
1.367770135402679443e+00 0.000000000000000000e+00 1.367770135402679443e+00 0.000000000000000000e+00
1.421717852354049683e+00 0.000000000000000000e+00 1.421717852354049683e+00 0.000000000000000000e+00
1.475665569305419922e+00 0.000000000000000000e+00 1.475665569305419922e+00 0.000000000000000000e+00
1.529613137245178223e+00 0.000000000000000000e+00 1.529613137245178223e+00 0.000000000000000000e+00
1.583560854196548462e+00 0.000000000000000000e+00 1.583560854196548462e+00 0.000000000000000000e+00
1.637508571147918701e+00 0.000000000000000000e+00 1.637508571147918701e+00 0.000000000000000000e+00
1.691456139087677002e+00 0.000000000000000000e+00 1.691456139087677002e+00 0.000000000000000000e+00
1.745403856039047241e+00 0.000000000000000000e+00 1.745403856039047241e+00 0.000000000000000000e+00
1.799351572990417480e+00 2.092278300551697612e-04 1.799351572990417480e+00 5.638504262606147677e-06
1.853299140930175781e+00 2.031421661376953125e-02 1.853299140930175781e+00 5.864044651389122009e-04
1.907246857881546021e+00 2.779127657413482666e-01 1.907246857881546021e+00 9.000931866466999054e-03
1.961194574832916260e+00 1.384326100349426270e+00 1.961194574832916260e+00 5.331957340240478516e-02
2.015142142772674561e+00 3.367974281311035156e+00 2.015142142772674561e+00 1.671572029590606689e-01
2.069089859724044800e+00 5.110827445983886719e+00 2.069089859724044800e+00 3.492752313613891602e-01
2.123037576675415039e+00 5.649208068847656250e+00 2.123037576675415039e+00 5.612115859985351562e-01
2.176985144615173340e+00 5.174540042877197266e+00 2.176985144615173340e+00 7.653310894966125488e-01
2.230932861566543579e+00 4.212483406066894531e+00 2.230932861566543579e+00 9.398371577262878418e-01
2.284880578517913818e+00 3.201412439346313477e+00 2.284880578517913818e+00 1.078950285911560059e+00
2.338828146457672119e+00 2.386930942535400391e+00 2.338828146457672119e+00 1.187626838684082031e+00
2.392775863409042358e+00 1.745911478996276855e+00 2.392775863409042358e+00 1.270826697349548340e+00
2.446723580360412598e+00 1.298146009445190430e+00 2.446723580360412598e+00 1.335509777069091797e+00
2.500671148300170898e+00 9.806541204452514648e-01 2.500671148300170898e+00 1.386551380157470703e+00
2.554618716239929199e+00 7.691600918769836426e-01 2.554618716239929199e+00 1.428330779075622559e+00
2.608566284179687500e+00 6.180090308189392090e-01 2.608566284179687500e+00 1.463332772254943848e+00
2.662513852119445801e+00 5.157786607742309570e-01 2.662513852119445801e+00 1.493765711784362793e+00
2.716461718082427979e+00 4.405085146427154541e-01 2.716461718082427979e+00 1.520821094512939453e+00
2.770409286022186279e+00 3.843606412410736084e-01 2.770409286022186279e+00 1.545374870300292969e+00
2.824357151985168457e+00 3.461787998676300049e-01 2.824357151985168457e+00 1.568359255790710449e+00
2.878304719924926758e+00 3.175168335437774658e-01 2.878304719924926758e+00 1.590253591537475586e+00
2.932252287864685059e+00 3.105638623237609863e-01 2.932252287864685059e+00 1.612478733062744141e+00
2.986199855804443359e+00 2.983284592628479004e-01 2.986199855804443359e+00 1.634621143341064453e+00
3.040147721767425537e+00 3.038151562213897705e-01 3.040147721767425537e+00 1.657992720603942871e+00
3.094095289707183838e+00 3.077722191810607910e-01 3.094095289707183838e+00 1.682516455650329590e+00
3.148043155670166016e+00 3.184590637683868408e-01 3.148043155670166016e+00 1.708784341812133789e+00
3.201990723609924316e+00 3.373767137527465820e-01 3.201990723609924316e+00 1.737574577331542969e+00
3.255938291549682617e+00 3.648883700370788574e-01 3.255938291549682617e+00 1.769770383834838867e+00
3.309885859489440918e+00 3.959412276744842529e-01 3.309885859489440918e+00 1.805873751640319824e+00
3.363833725452423096e+00 4.359916448593139648e-01 3.363833725452423096e+00 1.846935272216796875e+00
3.417781293392181396e+00 4.736613631248474121e-01 3.417781293392181396e+00 1.892986774444580078e+00
3.471729159355163574e+00 5.354180932044982910e-01 3.471729159355163574e+00 1.946699142456054688e+00
3.525676727294921875e+00 5.952074527740478516e-01 3.525676727294921875e+00 2.008279085159301758e+00
3.579624295234680176e+00 6.611811518669128418e-01 3.579624295234680176e+00 2.078794240951538086e+00
3.633571863174438477e+00 7.345982193946838379e-01 3.633571863174438477e+00 2.159518718719482422e+00
3.687519729137420654e+00 8.260256052017211914e-01 3.687519729137420654e+00 2.253005027770996094e+00
3.741467297077178955e+00 8.974725008010864258e-01 3.741467297077178955e+00 2.357571125030517578e+00
3.795415163040161133e+00 9.912111163139343262e-01 3.795415163040161133e+00 2.476413965225219727e+00
3.849362730979919434e+00 1.076539874076843262e+00 3.849362730979919434e+00 2.609181880950927734e+00
3.903310298919677734e+00 1.159455418586730957e+00 3.903310298919677734e+00 2.756211519241333008e+00
3.957257866859436035e+00 1.242096543312072754e+00 3.957257866859436035e+00 2.918106079101562500e+00
4.011205732822418213e+00 1.324795365333557129e+00 4.011205732822418213e+00 3.095517873764038086e+00
4.065153300762176514e+00 1.405998229980468750e+00 4.065153300762176514e+00 3.288903474807739258e+00
4.119101166725158691e+00 1.473937153816223145e+00 4.119101166725158691e+00 3.497050762176513672e+00
4.173048734664916992e+00 1.539148211479187012e+00 4.173048734664916992e+00 3.720136404037475586e+00
4.226996302604675293e+00 1.609206318855285645e+00 4.226996302604675293e+00 3.959445714950561523e+00
4.280943870544433594e+00 1.679498434066772461e+00 4.280943870544433594e+00 4.215625762939453125e+00
4.334891736507415771e+00 1.744254589080810547e+00 4.334891736507415771e+00 4.488429546356201172e+00
4.388839304447174072e+00 1.805887937545776367e+00 4.388839304447174072e+00 4.777945995330810547e+00
4.442787170410156250e+00 1.848395705223083496e+00 4.442787170410156250e+00 5.081609725952148438e+00
4.496734738349914551e+00 1.846191525459289551e+00 4.496734738349914551e+00 5.392319679260253906e+00
4.550682306289672852e+00 1.790946841239929199e+00 4.550682306289672852e+00 5.701006889343261719e+00
4.604629874229431152e+00 1.690311551094055176e+00 4.604629874229431152e+00 5.999298572540283203e+00
4.658577740192413330e+00 1.572463512420654297e+00 4.658577740192413330e+00 6.283332824707031250e+00
4.712525308132171631e+00 1.449208378791809082e+00 4.712525308132171631e+00 6.551201343536376953e+00
4.766473174095153809e+00 1.341630339622497559e+00 4.766473174095153809e+00 6.804896354675292969e+00
4.820420742034912109e+00 1.251315712928771973e+00 4.820420742034912109e+00 7.046898841857910156e+00
4.874368309974670410e+00 1.159210085868835449e+00 4.874368309974670410e+00 7.276134014129638672e+00
4.928315877914428711e+00 1.094246625900268555e+00 4.928315877914428711e+00 7.497340202331542969e+00
4.982263743877410889e+00 1.028425693511962891e+00 4.982263743877410889e+00 7.709815979003906250e+00
5.036211013793945312e+00 9.765607714653015137e-01 5.036211013793945312e+00 7.915968894958496094e+00
5.090159177780151367e+00 9.288051724433898926e-01 5.090159177780151367e+00 8.116263389587402344e+00
5.144106149673461914e+00 8.861874938011169434e-01 5.144106149673461914e+00 8.311440467834472656e+00
5.198054313659667969e+00 8.638454079627990723e-01 5.198054313659667969e+00 8.505709648132324219e+00
5.252002477645874023e+00 8.422007560729980469e-01 5.252002477645874023e+00 8.699061393737792969e+00
5.305949449539184570e+00 8.300396203994750977e-01 5.305949449539184570e+00 8.893555641174316406e+00
5.359897613525390625e+00 8.253405094146728516e-01 5.359897613525390625e+00 9.090901374816894531e+00
5.413844585418701172e+00 8.165260553359985352e-01 5.413844585418701172e+00 9.290088653564453125e+00
5.467792749404907227e+00 8.153024315834045410e-01 5.467792749404907227e+00 9.492961883544921875e+00
5.521740317344665527e+00 8.240685462951660156e-01 5.521740317344665527e+00 9.702084541320800781e+00
5.575687885284423828e+00 8.411679863929748535e-01 5.575687885284423828e+00 9.919736862182617188e+00
5.629636049270629883e+00 8.524885773658752441e-01 5.629636049270629883e+00 1.014460563659667969e+01
5.683583021163940430e+00 8.671752214431762695e-01 5.683583021163940430e+00 1.037775421142578125e+01
5.737531185150146484e+00 8.881677389144897461e-01 5.737531185150146484e+00 1.062110233306884766e+01
5.791478157043457031e+00 9.087128639221191406e-01 5.791478157043457031e+00 1.087478256225585938e+01
5.845426321029663086e+00 9.271981120109558105e-01 5.845426321029663086e+00 1.113847064971923828e+01
5.899374485015869141e+00 9.545036554336547852e-01 5.899374485015869141e+00 1.141495513916015625e+01
5.953321456909179688e+00 9.769556522369384766e-01 5.953321456909179688e+00 1.170314311981201172e+01
6.007269620895385742e+00 1.000450015068054199e+00 6.007269620895385742e+00 1.200363445281982422e+01
6.061216592788696289e+00 1.019109606742858887e+00 6.061216592788696289e+00 1.231525230407714844e+01
6.115164756774902344e+00 1.044585466384887695e+00 6.115164756774902344e+00 1.264037036895751953e+01
6.169112324714660645e+00 1.055726647377014160e+00 6.169112324714660645e+00 1.297478294372558594e+01
6.223059892654418945e+00 1.077452540397644043e+00 6.223059892654418945e+00 1.332207012176513672e+01
6.277008056640625000e+00 1.084227085113525391e+00 6.277008056640625000e+00 1.367762470245361328e+01
6.330955028533935547e+00 1.091612935066223145e+00 6.330955028533935547e+00 1.404177951812744141e+01
6.384903192520141602e+00 1.107053279876708984e+00 6.384903192520141602e+00 1.441740894317626953e+01
6.438850164413452148e+00 1.116504788398742676e+00 6.438850164413452148e+00 1.480267143249511719e+01
6.492798328399658203e+00 1.120129108428955078e+00 6.492798328399658203e+00 1.519569396972656250e+01
6.546746492385864258e+00 1.122650980949401855e+00 6.546746492385864258e+00 1.559617042541503906e+01
6.600693464279174805e+00 1.113713145256042480e+00 6.600693464279174805e+00 1.600003242492675781e+01
6.654641628265380859e+00 1.104446053504943848e+00 6.654641628265380859e+00 1.640710830688476562e+01
6.708588600158691406e+00 1.094090342521667480e+00 6.708588600158691406e+00 1.681693077087402344e+01
6.762536764144897461e+00 1.080049395561218262e+00 6.762536764144897461e+00 1.722802734375000000e+01
6.816484332084655762e+00 1.074129223823547363e+00 6.816484332084655762e+00 1.764342308044433594e+01
6.870431900024414062e+00 1.063515543937683105e+00 6.870431900024414062e+00 1.806124687194824219e+01
6.924380064010620117e+00 1.051083564758300781e+00 6.924380064010620117e+00 1.848069572448730469e+01
6.978327035903930664e+00 1.036671876907348633e+00 6.978327035903930664e+00 1.890086555480957031e+01
7.032275199890136719e+00 1.027071952819824219e+00 7.032275199890136719e+00 1.932360458374023438e+01
7.086222171783447266e+00 1.012897253036499023e+00 7.086222171783447266e+00 1.974693107604980469e+01
7.140170335769653320e+00 9.948456287384033203e-01 7.140170335769653320e+00 2.016906929016113281e+01
7.194117903709411621e+00 9.787507653236389160e-01 7.194117903709411621e+00 2.059068107604980469e+01
7.248065471649169922e+00 9.682855010032653809e-01 7.248065471649169922e+00 2.101405715942382812e+01
7.302013635635375977e+00 9.585496783256530762e-01 7.302013635635375977e+00 2.143944168090820312e+01
7.355960607528686523e+00 9.389374852180480957e-01 7.355960607528686523e+00 2.186230087280273438e+01
7.409908771514892578e+00 9.341803789138793945e-01 7.409908771514892578e+00 2.228920936584472656e+01
7.463855743408203125e+00 9.220884442329406738e-01 7.463855743408203125e+00 2.271675491333007812e+01
7.517803907394409180e+00 9.139300584793090820e-01 7.517803907394409180e+00 2.314666557312011719e+01
7.571752071380615234e+00 9.068014621734619141e-01 7.571752071380615234e+00 2.357936286926269531e+01
7.625699043273925781e+00 9.014678597450256348e-01 7.625699043273925781e+00 2.401566886901855469e+01
7.679647207260131836e+00 8.991965651512145996e-01 7.679647207260131836e+00 2.445705413818359375e+01
7.733594179153442383e+00 8.964673280715942383e-01 7.733594179153442383e+00 2.490330314636230469e+01
7.787542343139648438e+00 8.857919573783874512e-01 7.787542343139648438e+00 2.535041046142578125e+01
7.841489911079406738e+00 8.899967074394226074e-01 7.841489911079406738e+00 2.580589294433593750e+01
7.895437479019165039e+00 8.861386179924011230e-01 7.895437479019165039e+00 2.626565551757812500e+01
7.949385643005371094e+00 8.859145045280456543e-01 7.949385643005371094e+00 2.673160552978515625e+01
8.003332614898681641e+00 8.859484195709228516e-01 8.003332614898681641e+00 2.720391654968261719e+01
8.057280778884887695e+00 8.849527835845947266e-01 8.057280778884887695e+00 2.768208312988281250e+01
8.111227750778198242e+00 8.895514607429504395e-01 8.111227750778198242e+00 2.816918754577636719e+01
8.165175914764404297e+00 8.888775706291198730e-01 8.165175914764404297e+00 2.866242790222167969e+01
