# distance (\AA)	RDF	distance (\AA)	cdf
1.269738283008337021e-01 0.000000000000000000e+00 1.269738283008337021e-01 0.000000000000000000e+00
1.809214986860752106e-01 0.000000000000000000e+00 1.809214986860752106e-01 0.000000000000000000e+00
2.348691597580909729e-01 0.000000000000000000e+00 2.348691597580909729e-01 0.000000000000000000e+00
2.888168394565582275e-01 0.000000000000000000e+00 2.888168394565582275e-01 0.000000000000000000e+00
3.427644819021224976e-01 0.000000000000000000e+00 3.427644819021224976e-01 0.000000000000000000e+00
3.967121616005897522e-01 0.000000000000000000e+00 3.967121616005897522e-01 0.000000000000000000e+00
4.506598040461540222e-01 0.000000000000000000e+00 4.506598040461540222e-01 0.000000000000000000e+00
5.046074837446212769e-01 0.000000000000000000e+00 5.046074837446212769e-01 0.000000000000000000e+00
5.585551634430885315e-01 0.000000000000000000e+00 5.585551634430885315e-01 0.000000000000000000e+00
6.125028058886528015e-01 0.000000000000000000e+00 6.125028058886528015e-01 0.000000000000000000e+00
6.664504855871200562e-01 0.000000000000000000e+00 6.664504855871200562e-01 0.000000000000000000e+00
7.203981280326843262e-01 0.000000000000000000e+00 7.203981280326843262e-01 0.000000000000000000e+00
7.743458449840545654e-01 0.000000000000000000e+00 7.743458449840545654e-01 0.000000000000000000e+00
8.282934129238128662e-01 0.000000000000000000e+00 8.282934129238128662e-01 0.000000000000000000e+00
8.822411298751831055e-01 0.000000000000000000e+00 8.822411298751831055e-01 0.000000000000000000e+00
9.361888468265533447e-01 0.000000000000000000e+00 9.361888468265533447e-01 0.000000000000000000e+00
9.901364147663116455e-01 0.000000000000000000e+00 9.901364147663116455e-01 0.000000000000000000e+00
1.044084131717681885e+00 0.000000000000000000e+00 1.044084131717681885e+00 0.000000000000000000e+00
1.098031848669052124e+00 0.000000000000000000e+00 1.098031848669052124e+00 0.000000000000000000e+00
1.151979416608810425e+00 0.000000000000000000e+00 1.151979416608810425e+00 0.000000000000000000e+00
1.205927133560180664e+00 0.000000000000000000e+00 1.205927133560180664e+00 0.000000000000000000e+00
1.259874850511550903e+00 0.000000000000000000e+00 1.259874850511550903e+00 0.000000000000000000e+00
1.313822567462921143e+00 0.000000000000000000e+00 1.313822567462921143e+00 0.000000000000000000e+00
1.367770135402679443e+00 0.000000000000000000e+00 1.367770135402679443e+00 0.000000000000000000e+00
1.421717852354049683e+00 0.000000000000000000e+00 1.421717852354049683e+00 0.000000000000000000e+00
1.475665569305419922e+00 0.000000000000000000e+00 1.475665569305419922e+00 0.000000000000000000e+00
1.529613137245178223e+00 0.000000000000000000e+00 1.529613137245178223e+00 0.000000000000000000e+00
1.583560854196548462e+00 0.000000000000000000e+00 1.583560854196548462e+00 0.000000000000000000e+00
1.637508571147918701e+00 0.000000000000000000e+00 1.637508571147918701e+00 0.000000000000000000e+00
1.691456139087677002e+00 0.000000000000000000e+00 1.691456139087677002e+00 0.000000000000000000e+00
1.745403856039047241e+00 0.000000000000000000e+00 1.745403856039047241e+00 0.000000000000000000e+00
1.799351572990417480e+00 0.000000000000000000e+00 1.799351572990417480e+00 0.000000000000000000e+00
1.853299140930175781e+00 0.000000000000000000e+00 1.853299140930175781e+00 0.000000000000000000e+00
1.907246857881546021e+00 0.000000000000000000e+00 1.907246857881546021e+00 0.000000000000000000e+00
1.961194574832916260e+00 0.000000000000000000e+00 1.961194574832916260e+00 0.000000000000000000e+00
2.015142142772674561e+00 0.000000000000000000e+00 2.015142142772674561e+00 0.000000000000000000e+00
2.069089859724044800e+00 0.000000000000000000e+00 2.069089859724044800e+00 0.000000000000000000e+00
2.123037576675415039e+00 0.000000000000000000e+00 2.123037576675415039e+00 0.000000000000000000e+00
2.176985144615173340e+00 0.000000000000000000e+00 2.176985144615173340e+00 0.000000000000000000e+00
2.230932861566543579e+00 0.000000000000000000e+00 2.230932861566543579e+00 0.000000000000000000e+00
2.284880578517913818e+00 0.000000000000000000e+00 2.284880578517913818e+00 0.000000000000000000e+00
2.338828146457672119e+00 0.000000000000000000e+00 2.338828146457672119e+00 0.000000000000000000e+00
2.392775863409042358e+00 4.065920365974307060e-04 2.392775863409042358e+00 1.349385547655401751e-05
2.446723580360412598e+00 3.849707543849945068e-03 2.446723580360412598e+00 1.470830320613458753e-04
2.500671148300170898e+00 4.798480868339538574e-02 2.500671148300170898e+00 1.886441023088991642e-03
2.554618716239929199e+00 2.484118640422821045e-01 2.554618716239929199e+00 1.128356251865625381e-02
2.608566284179687500e+00 6.842139959335327148e-01 2.608566284179687500e+00 3.827127441763877869e-02
2.662513852119445801e+00 1.242565393447875977e+00 2.662513852119445801e+00 8.933067321777343750e-02
2.716461718082427979e+00 1.700640797615051270e+00 2.716461718082427979e+00 1.620733439922332764e-01
2.770409286022186279e+00 2.006119489669799805e+00 2.770409286022186279e+00 2.513244152069091797e-01
2.824357151985168457e+00 2.176449775695800781e+00 2.824357151985168457e+00 3.519615828990936279e-01
2.878304719924926758e+00 2.331648349761962891e+00 2.878304719924926758e+00 4.639322459697723389e-01
2.932252287864685059e+00 2.508027315139770508e+00 2.932252287864685059e+00 5.889298915863037109e-01
2.986199855804443359e+00 2.690703153610229492e+00 2.986199855804443359e+00 7.280124425888061523e-01
3.040147721767425537e+00 2.812935352325439453e+00 3.040147721767425537e+00 8.787131905555725098e-01
3.094095289707183838e+00 2.921440839767456055e+00 3.094095289707183838e+00 1.040831089019775391e+00
3.148043155670166016e+00 2.936820745468139648e+00 3.148043155670166016e+00 1.209535360336303711e+00
3.201990723609924316e+00 2.894987821578979492e+00 3.201990723609924316e+00 1.381584763526916504e+00
3.255938291549682617e+00 2.794063329696655273e+00 3.255938291549682617e+00 1.553277850151062012e+00
3.309885859489440918e+00 2.674998760223388672e+00 3.309885859489440918e+00 1.723147988319396973e+00
3.363833725452423096e+00 2.515369176864624023e+00 3.363833725452423096e+00 1.888129234313964844e+00
3.417781293392181396e+00 2.343109846115112305e+00 3.417781293392181396e+00 2.046781301498413086e+00
3.471729159355163574e+00 2.162337064743041992e+00 3.471729159355163574e+00 2.197852373123168945e+00
3.525676727294921875e+00 1.968111038208007812e+00 3.525676727294921875e+00 2.339659214019775391e+00
3.579624295234680176e+00 1.790780305862426758e+00 3.579624295234680176e+00 2.472668170928955078e+00
3.633571863174438477e+00 1.621287107467651367e+00 3.633571863174438477e+00 2.596745491027832031e+00
3.687519729137420654e+00 1.462769508361816406e+00 3.687519729137420654e+00 2.712039709091186523e+00
3.741467297077178955e+00 1.315708398818969727e+00 3.741467297077178955e+00 2.818799018859863281e+00
3.795415163040161133e+00 1.167397022247314453e+00 3.795415163040161133e+00 2.916275978088378906e+00
3.849362730979919434e+00 1.054275989532470703e+00 3.849362730979919434e+00 3.006827116012573242e+00
3.903310298919677734e+00 9.459145069122314453e-01 3.903310298919677734e+00 3.090364217758178711e+00
3.957257866859436035e+00 8.596180677413940430e-01 3.957257866859436035e+00 3.168393850326538086e+00
4.011205732822418213e+00 7.767164707183837891e-01 4.011205732822418213e+00 3.240832805633544922e+00
4.065153300762176514e+00 7.229894399642944336e-01 4.065153300762176514e+00 3.310087203979492188e+00
4.119101166725158691e+00 6.708603501319885254e-01 4.119101166725158691e+00 3.376065492630004883e+00
4.173048734664916992e+00 6.303976774215698242e-01 4.173048734664916992e+00 3.439698457717895508e+00
4.226996302604675293e+00 5.961553454399108887e-01 4.226996302604675293e+00 3.501441001892089844e+00
4.280943870544433594e+00 5.742103457450866699e-01 4.280943870544433594e+00 3.562438726425170898e+00
4.334891736507415771e+00 5.600466728210449219e-01 4.334891736507415771e+00 3.623440504074096680e+00
4.388839304447174072e+00 5.461470484733581543e-01 4.388839304447174072e+00 3.684417963027954102e+00
4.442787170410156250e+00 5.354955196380615234e-01 4.442787170410156250e+00 3.745685577392578125e+00
4.496734738349914551e+00 5.340676307678222656e-01 4.496734738349914551e+00 3.808282136917114258e+00
4.550682306289672852e+00 5.315417051315307617e-01 4.550682306289672852e+00 3.872086524963378906e+00
4.604629874229431152e+00 5.338478684425354004e-01 4.604629874229431152e+00 3.937696456909179688e+00
4.658577740192413330e+00 5.329496860504150391e-01 4.658577740192413330e+00 4.004739284515380859e+00
4.712525308132171631e+00 5.391407012939453125e-01 4.712525308132171631e+00 4.074141025543212891e+00
4.766473174095153809e+00 5.483576059341430664e-01 4.766473174095153809e+00 4.146354675292968750e+00
4.820420742034912109e+00 5.564919114112854004e-01 4.820420742034912109e+00 4.221307754516601562e+00
4.874368309974670410e+00 5.661320090293884277e-01 4.874368309974670410e+00 4.299275398254394531e+00
4.928315877914428711e+00 5.767102241516113281e-01 4.928315877914428711e+00 4.380467891693115234e+00
4.982263743877410889e+00 5.876426696777343750e-01 4.982263743877410889e+00 4.465020179748535156e+00
5.036211013793945312e+00 5.974429249763488770e-01 5.036211013793945312e+00 4.552854537963867188e+00
5.090159177780151367e+00 6.152069568634033203e-01 5.090159177780151367e+00 4.645248413085937500e+00
5.144106149673461914e+00 6.262464523315429688e-01 5.144106149673461914e+00 4.741304397583007812e+00
5.198054313659667969e+00 6.477216482162475586e-01 5.198054313659667969e+00 4.842750072479248047e+00
5.252002477645874023e+00 6.616426110267639160e-01 5.252002477645874023e+00 4.948537349700927734e+00
5.305949449539184570e+00 6.764130592346191406e-01 5.305949449539184570e+00 5.058918952941894531e+00
5.359897613525390625e+00 6.946193575859069824e-01 5.359897613525390625e+00 5.174588203430175781e+00
5.413844585418701172e+00 7.110524177551269531e-01 5.413844585418701172e+00 5.295389175415039062e+00
5.467792749404907227e+00 7.194671630859375000e-01 5.467792749404907227e+00 5.420068264007568359e+00
5.521740317344665527e+00 7.375010848045349121e-01 5.521740317344665527e+00 5.550407886505126953e+00
5.575687885284423828e+00 7.506883740425109863e-01 5.575687885284423828e+00 5.685682296752929688e+00
5.629636049270629883e+00 7.618988156318664551e-01 5.629636049270629883e+00 5.825645923614501953e+00
5.683583021163940430e+00 7.716384530067443848e-01 5.683583021163940430e+00 5.970128536224365234e+00
5.737531185150146484e+00 7.784705162048339844e-01 5.737531185150146484e+00 6.118671417236328125e+00
5.791478157043457031e+00 7.846119999885559082e-01 5.791478157043457031e+00 6.271214008331298828e+00
5.845426321029663086e+00 7.908712625503540039e-01 5.845426321029663086e+00 6.427853584289550781e+00
5.899374485015869141e+00 7.847972512245178223e-01 5.899374485015869141e+00 6.586170196533203125e+00
5.953321456909179688e+00 7.852606177330017090e-01 5.953321456909179688e+00 6.747491359710693359e+00
6.007269620895385742e+00 7.850962877273559570e-01 6.007269620895385742e+00 6.911715030670166016e+00
6.061216592788696289e+00 7.795639634132385254e-01 6.061216592788696289e+00 7.077723026275634766e+00
6.115164756774902344e+00 7.774159908294677734e-01 6.115164756774902344e+00 7.246233463287353516e+00
6.169112324714660645e+00 7.715445756912231445e-01 6.169112324714660645e+00 7.416436672210693359e+00
6.223059892654418945e+00 7.675936222076416016e-01 6.223059892654418945e+00 7.588741779327392578e+00
6.277008056640625000e+00 7.640034556388854980e-01 6.277008056640625000e+00 7.763226985931396484e+00
6.330955028533935547e+00 7.604529857635498047e-01 6.330955028533935547e+00 7.939898490905761719e+00
6.384903192520141602e+00 7.589634060859680176e-01 6.384903192520141602e+00 8.119243621826171875e+00
6.438850164413452148e+00 7.574542164802551270e-01 6.438850164413452148e+00 8.301267623901367188e+00
6.492798328399658203e+00 7.611542940139770508e-01 6.492798328399658203e+00 8.487261772155761719e+00
6.546746492385864258e+00 7.645179629325866699e-01 6.546746492385864258e+00 8.677193641662597656e+00
6.600693464279174805e+00 7.705193161964416504e-01 6.600693464279174805e+00 8.871783256530761719e+00
6.654641628265380859e+00 7.728732824325561523e-01 6.654641628265380859e+00 9.070171356201171875e+00
6.708588600158691406e+00 7.800042629241943359e-01 6.708588600158691406e+00 9.273649215698242188e+00
6.762536764144897461e+00 7.874180078506469727e-01 6.762536764144897461e+00 9.482378005981445312e+00
6.816484332084655762e+00 7.994547486305236816e-01 6.816484332084655762e+00 9.697693824768066406e+00
6.870431900024414062e+00 8.079866170883178711e-01 6.870431900024414062e+00 9.918764114379882812e+00
6.924380064010620117e+00 8.203530907630920410e-01 6.924380064010620117e+00 1.014675521850585938e+01
6.978327035903930664e+00 8.332957625389099121e-01 6.978327035903930664e+00 1.038196754455566406e+01
7.032275199890136719e+00 8.491288423538208008e-01 7.032275199890136719e+00 1.062536811828613281e+01
7.086222171783447266e+00 8.663728833198547363e-01 7.086222171783447266e+00 1.087753677368164062e+01
7.140170335769653320e+00 8.820144534111022949e-01 7.140170335769653320e+00 1.113818264007568359e+01
7.194117903709411621e+00 8.995876908302307129e-01 7.194117903709411621e+00 1.140805625915527344e+01
7.248065471649169922e+00 9.190974235534667969e-01 7.248065471649169922e+00 1.168792915344238281e+01
7.302013635635375977e+00 9.352326393127441406e-01 7.302013635635375977e+00 1.197697257995605469e+01
7.355960607528686523e+00 9.562511444091796875e-01 7.355960607528686523e+00 1.227689456939697266e+01
7.409908771514892578e+00 9.734327197074890137e-01 7.409908771514892578e+00 1.258669757843017578e+01
7.463855743408203125e+00 9.910821914672851562e-01 7.463855743408203125e+00 1.290673160552978516e+01
7.517803907394409180e+00 1.014958024024963379e+00 7.517803907394409180e+00 1.323923110961914062e+01
7.571752071380615234e+00 1.026749610900878906e+00 7.571752071380615234e+00 1.358043384552001953e+01
7.625699043273925781e+00 1.046202182769775391e+00 7.625699043273925781e+00 1.393307495117187500e+01
7.679647207260131836e+00 1.063379764556884766e+00 7.679647207260131836e+00 1.429659557342529297e+01
7.733594179153442383e+00 1.078805923461914062e+00 7.733594179153442383e+00 1.467058753967285156e+01
7.787542343139648438e+00 1.088588237762451172e+00 7.787542343139648438e+00 1.505325412750244141e+01
7.841489911079406738e+00 1.101138114929199219e+00 7.841489911079406738e+00 1.544571971893310547e+01
7.895437479019165039e+00 1.110033869743347168e+00 7.895437479019165039e+00 1.584681129455566406e+01
7.949385643005371094e+00 1.116819262504577637e+00 7.949385643005371094e+00 1.625589179992675781e+01
8.003332614898681641e+00 1.122923851013183594e+00 8.003332614898681641e+00 1.667280578613281250e+01
8.057280778884887695e+00 1.126101732254028320e+00 8.057280778884887695e+00 1.709655952453613281e+01
8.111227750778198242e+00 1.129425048828125000e+00 8.111227750778198242e+00 1.752726936340332031e+01
8.165175914764404297e+00 1.125730872154235840e+00 8.165175914764404297e+00 1.796230697631835938e+01
