# distance (\AA)	RDF	distance (\AA)	cdf
1.269738283008337021e-01 0.000000000000000000e+00 1.269738283008337021e-01 0.000000000000000000e+00
1.809214986860752106e-01 0.000000000000000000e+00 1.809214986860752106e-01 0.000000000000000000e+00
2.348691597580909729e-01 0.000000000000000000e+00 2.348691597580909729e-01 0.000000000000000000e+00
2.888168394565582275e-01 0.000000000000000000e+00 2.888168394565582275e-01 0.000000000000000000e+00
3.427644819021224976e-01 0.000000000000000000e+00 3.427644819021224976e-01 0.000000000000000000e+00
3.967121616005897522e-01 0.000000000000000000e+00 3.967121616005897522e-01 0.000000000000000000e+00
4.506598040461540222e-01 0.000000000000000000e+00 4.506598040461540222e-01 0.000000000000000000e+00
5.046074837446212769e-01 0.000000000000000000e+00 5.046074837446212769e-01 0.000000000000000000e+00
5.585551634430885315e-01 0.000000000000000000e+00 5.585551634430885315e-01 0.000000000000000000e+00
6.125028058886528015e-01 0.000000000000000000e+00 6.125028058886528015e-01 0.000000000000000000e+00
6.664504855871200562e-01 0.000000000000000000e+00 6.664504855871200562e-01 0.000000000000000000e+00
7.203981280326843262e-01 0.000000000000000000e+00 7.203981280326843262e-01 0.000000000000000000e+00
7.743458449840545654e-01 0.000000000000000000e+00 7.743458449840545654e-01 0.000000000000000000e+00
8.282934129238128662e-01 0.000000000000000000e+00 8.282934129238128662e-01 0.000000000000000000e+00
8.822411298751831055e-01 0.000000000000000000e+00 8.822411298751831055e-01 0.000000000000000000e+00
9.361888468265533447e-01 0.000000000000000000e+00 9.361888468265533447e-01 0.000000000000000000e+00
9.901364147663116455e-01 0.000000000000000000e+00 9.901364147663116455e-01 0.000000000000000000e+00
1.044084131717681885e+00 0.000000000000000000e+00 1.044084131717681885e+00 0.000000000000000000e+00
1.098031848669052124e+00 0.000000000000000000e+00 1.098031848669052124e+00 0.000000000000000000e+00
1.151979416608810425e+00 0.000000000000000000e+00 1.151979416608810425e+00 0.000000000000000000e+00
1.205927133560180664e+00 0.000000000000000000e+00 1.205927133560180664e+00 0.000000000000000000e+00
1.259874850511550903e+00 0.000000000000000000e+00 1.259874850511550903e+00 0.000000000000000000e+00
1.313822567462921143e+00 0.000000000000000000e+00 1.313822567462921143e+00 0.000000000000000000e+00
1.367770135402679443e+00 0.000000000000000000e+00 1.367770135402679443e+00 0.000000000000000000e+00
1.421717852354049683e+00 0.000000000000000000e+00 1.421717852354049683e+00 0.000000000000000000e+00
1.475665569305419922e+00 0.000000000000000000e+00 1.475665569305419922e+00 0.000000000000000000e+00
1.529613137245178223e+00 0.000000000000000000e+00 1.529613137245178223e+00 0.000000000000000000e+00
1.583560854196548462e+00 0.000000000000000000e+00 1.583560854196548462e+00 0.000000000000000000e+00
1.637508571147918701e+00 0.000000000000000000e+00 1.637508571147918701e+00 0.000000000000000000e+00
1.691456139087677002e+00 0.000000000000000000e+00 1.691456139087677002e+00 0.000000000000000000e+00
1.745403856039047241e+00 0.000000000000000000e+00 1.745403856039047241e+00 0.000000000000000000e+00
1.799351572990417480e+00 0.000000000000000000e+00 1.799351572990417480e+00 0.000000000000000000e+00
1.853299140930175781e+00 0.000000000000000000e+00 1.853299140930175781e+00 0.000000000000000000e+00
1.907246857881546021e+00 0.000000000000000000e+00 1.907246857881546021e+00 0.000000000000000000e+00
1.961194574832916260e+00 0.000000000000000000e+00 1.961194574832916260e+00 0.000000000000000000e+00
2.015142142772674561e+00 0.000000000000000000e+00 2.015142142772674561e+00 0.000000000000000000e+00
2.069089859724044800e+00 0.000000000000000000e+00 2.069089859724044800e+00 0.000000000000000000e+00
2.123037576675415039e+00 0.000000000000000000e+00 2.123037576675415039e+00 0.000000000000000000e+00
2.176985144615173340e+00 0.000000000000000000e+00 2.176985144615173340e+00 0.000000000000000000e+00
2.230932861566543579e+00 0.000000000000000000e+00 2.230932861566543579e+00 0.000000000000000000e+00
2.284880578517913818e+00 0.000000000000000000e+00 2.284880578517913818e+00 0.000000000000000000e+00
2.338828146457672119e+00 0.000000000000000000e+00 2.338828146457672119e+00 0.000000000000000000e+00
2.392775863409042358e+00 0.000000000000000000e+00 2.392775863409042358e+00 0.000000000000000000e+00
2.446723580360412598e+00 0.000000000000000000e+00 2.446723580360412598e+00 0.000000000000000000e+00
2.500671148300170898e+00 0.000000000000000000e+00 2.500671148300170898e+00 0.000000000000000000e+00
2.554618716239929199e+00 0.000000000000000000e+00 2.554618716239929199e+00 0.000000000000000000e+00
2.608566284179687500e+00 0.000000000000000000e+00 2.608566284179687500e+00 0.000000000000000000e+00
2.662513852119445801e+00 0.000000000000000000e+00 2.662513852119445801e+00 0.000000000000000000e+00
2.716461718082427979e+00 1.757624122546985745e-04 2.716461718082427979e+00 7.518005531892413273e-06
2.770409286022186279e+00 3.379683766979724169e-04 2.770409286022186279e+00 2.255401705042459071e-05
2.824357151985168457e+00 6.097111618146300316e-04 2.824357151985168457e+00 5.074653745396062732e-05
2.878304719924926758e+00 2.230880549177527428e-03 2.878304719924926758e+00 1.578781229909509420e-04
2.932252287864685059e+00 5.996119230985641479e-03 2.932252287864685059e+00 4.567188443616032600e-04
2.986199855804443359e+00 1.199913211166858673e-02 2.986199855804443359e+00 1.076954300515353680e-03
3.040147721767425537e+00 2.392607182264328003e-02 3.040147721767425537e+00 2.358774188905954361e-03
3.094095289707183838e+00 4.050792381167411804e-02 3.094095289707183838e+00 4.606657661497592926e-03
3.148043155670166016e+00 6.618963181972503662e-02 3.148043155670166016e+00 8.408889174461364746e-03
3.201990723609924316e+00 9.664729982614517212e-02 3.201990723609924316e+00 1.415264606475830078e-02
3.255938291549682617e+00 1.432353258132934570e-01 3.255938291549682617e+00 2.295435220003128052e-02
3.309885859489440918e+00 1.887703835964202881e-01 3.309885859489440918e+00 3.494181111454963684e-02
3.363833725452423096e+00 2.494471371173858643e-01 3.363833725452423096e+00 5.130287259817123413e-02
3.417781293392181396e+00 3.173306584358215332e-01 3.417781293392181396e+00 7.278933376073837280e-02
3.471729159355163574e+00 3.938990831375122070e-01 3.471729159355163574e+00 1.003089919686317444e-01
3.525676727294921875e+00 4.700299203395843506e-01 3.525676727294921875e+00 1.341757327318191528e-01
3.579624295234680176e+00 5.559227466583251953e-01 3.579624295234680176e+00 1.754665076732635498e-01
3.633571863174438477e+00 6.450412273406982422e-01 3.633571863174438477e+00 2.248316109180450439e-01
3.687519729137420654e+00 7.441068291664123535e-01 3.687519729137420654e+00 2.834814488887786865e-01
3.741467297077178955e+00 8.234709501266479492e-01 3.741467297077178955e+00 3.502995967864990234e-01
3.795415163040161133e+00 9.292910695075988770e-01 3.795415163040161133e+00 4.278948009014129639e-01
3.849362730979919434e+00 1.014770865440368652e+00 3.849362730979919434e+00 5.150529146194458008e-01
3.903310298919677734e+00 1.105138778686523438e+00 3.903310298919677734e+00 6.126516461372375488e-01
3.957257866859436035e+00 1.178669452667236328e+00 3.957257866859436035e+00 7.196422815322875977e-01
4.011205732822418213e+00 1.264841437339782715e+00 4.011205732822418213e+00 8.376054167747497559e-01
4.065153300762176514e+00 1.326611876487731934e+00 4.065153300762176514e+00 9.646803736686706543e-01
4.119101166725158691e+00 1.397596240043640137e+00 4.119101166725158691e+00 1.102132081985473633e+00
4.173048734664916992e+00 1.440074086189270020e+00 4.173048734664916992e+00 1.247494578361511230e+00
4.226996302604675293e+00 1.464906573295593262e+00 4.226996302604675293e+00 1.399211645126342773e+00
4.280943870544433594e+00 1.468622684478759766e+00 4.280943870544433594e+00 1.555221557617187500e+00
4.334891736507415771e+00 1.477149128913879395e+00 4.334891736507415771e+00 1.716116309165954590e+00
4.388839304447174072e+00 1.459511756896972656e+00 4.388839304447174072e+00 1.879070997238159180e+00
4.442787170410156250e+00 1.447843790054321289e+00 4.442787170410156250e+00 2.044722795486450195e+00
4.496734738349914551e+00 1.440679192543029785e+00 4.496734738349914551e+00 2.213581085205078125e+00
4.550682306289672852e+00 1.438056111335754395e+00 4.550682306289672852e+00 2.386200189590454102e+00
4.604629874229431152e+00 1.446652054786682129e+00 4.604629874229431152e+00 2.563993453979492188e+00
4.658577740192413330e+00 1.463280200958251953e+00 4.658577740192413330e+00 2.748068094253540039e+00
4.712525308132171631e+00 1.477771759033203125e+00 4.712525308132171631e+00 2.938296079635620117e+00
4.766473174095153809e+00 1.512467980384826660e+00 4.766473174095153809e+00 3.137474298477172852e+00
4.820420742034912109e+00 1.553144097328186035e+00 4.820420742034912109e+00 3.346664667129516602e+00
4.874368309974670410e+00 1.590743064880371094e+00 4.874368309974670410e+00 3.565741300582885742e+00
4.928315877914428711e+00 1.636614561080932617e+00 4.928315877914428711e+00 3.796153068542480469e+00
4.982263743877410889e+00 1.675787568092346191e+00 4.982263743877410889e+00 4.037272453308105469e+00
5.036211013793945312e+00 1.718804717063903809e+00 5.036211013793945312e+00 4.289965629577636719e+00
5.090159177780151367e+00 1.743338227272033691e+00 5.090159177780151367e+00 4.551785945892333984e+00
5.144106149673461914e+00 1.757606148719787598e+00 5.144106149673461914e+00 4.821373939514160156e+00
5.198054313659667969e+00 1.761549830436706543e+00 5.198054313659667969e+00 5.097266197204589844e+00
5.252002477645874023e+00 1.752666831016540527e+00 5.252002477645874023e+00 5.377492427825927734e+00
5.305949449539184570e+00 1.746049523353576660e+00 5.305949449539184570e+00 5.662425041198730469e+00
5.359897613525390625e+00 1.730358839035034180e+00 5.359897613525390625e+00 5.950567722320556641e+00
5.413844585418701172e+00 1.695396423339843750e+00 5.413844585418701172e+00 6.238599300384521484e+00
5.467792749404907227e+00 1.674324035644531250e+00 5.467792749404907227e+00 6.528748989105224609e+00
5.521740317344665527e+00 1.625290632247924805e+00 5.521740317344665527e+00 6.815989494323730469e+00
5.575687885284423828e+00 1.579025626182556152e+00 5.575687885284423828e+00 7.100531101226806641e+00
5.629636049270629883e+00 1.523378014564514160e+00 5.629636049270629883e+00 7.380381584167480469e+00
5.683583021163940430e+00 1.470012307167053223e+00 5.683583021163940430e+00 7.655629158020019531e+00
5.737531185150146484e+00 1.421391963958740234e+00 5.737531185150146484e+00 7.926850795745849609e+00
5.791478157043457031e+00 1.374471426010131836e+00 5.791478157043457031e+00 8.194072723388671875e+00
5.845426321029663086e+00 1.321549177169799805e+00 5.845426321029663086e+00 8.455818176269531250e+00
5.899374485015869141e+00 1.275471091270446777e+00 5.899374485015869141e+00 8.713118553161621094e+00
5.953321456909179688e+00 1.236098051071166992e+00 5.953321456909179688e+00 8.967058181762695312e+00
6.007269620895385742e+00 1.207248926162719727e+00 6.007269620895385742e+00 9.219586372375488281e+00
6.061216592788696289e+00 1.168115139007568359e+00 6.061216592788696289e+00 9.468336105346679688e+00
6.115164756774902344e+00 1.136932253837585449e+00 6.115164756774902344e+00 9.714774131774902344e+00
6.169112324714660645e+00 1.112002730369567871e+00 6.169112324714660645e+00 9.960083007812500000e+00
6.223059892654418945e+00 1.094547629356384277e+00 6.223059892654418945e+00 1.020578098297119141e+01
6.277008056640625000e+00 1.062905073165893555e+00 6.277008056640625000e+00 1.044853019714355469e+01
6.330955028533935547e+00 1.051181197166442871e+00 6.330955028533935547e+00 1.069274520874023438e+01
6.384903192520141602e+00 1.028760433197021484e+00 6.384903192520141602e+00 1.093584346771240234e+01
6.438850164413452148e+00 1.015004754066467285e+00 6.438850164413452148e+00 1.117975997924804688e+01
6.492798328399658203e+00 9.986157417297363281e-01 6.492798328399658203e+00 1.142377948760986328e+01
6.546746492385864258e+00 9.890362024307250977e-01 6.546746492385864258e+00 1.166948890686035156e+01
6.600693464279174805e+00 9.766596555709838867e-01 6.600693464279174805e+00 1.191613769531250000e+01
6.654641628265380859e+00 9.672783613204956055e-01 6.654641628265380859e+00 1.216442775726318359e+01
6.708588600158691406e+00 9.485778212547302246e-01 6.708588600158691406e+00 1.241188144683837891e+01
6.762536764144897461e+00 9.471691250801086426e-01 6.762536764144897461e+00 1.266295623779296875e+01
6.816484332084655762e+00 9.394484162330627441e-01 6.816484332084655762e+00 1.291597652435302734e+01
6.870431900024414062e+00 9.334355592727661133e-01 6.870431900024414062e+00 1.317137050628662109e+01
6.924380064010620117e+00 9.238015413284301758e-01 6.924380064010620117e+00 1.342811203002929688e+01
6.978327035903930664e+00 9.205899834632873535e-01 6.978327035903930664e+00 1.368796443939208984e+01
7.032275199890136719e+00 9.170979261398315430e-01 7.032275199890136719e+00 1.395084857940673828e+01
7.086222171783447266e+00 9.189506769180297852e-01 7.086222171783447266e+00 1.421832084655761719e+01
7.140170335769653320e+00 9.148058295249938965e-01 7.140170335769653320e+00 1.448865699768066406e+01
7.194117903709411621e+00 9.044372439384460449e-01 7.194117903709411621e+00 1.475998592376708984e+01
7.248065471649169922e+00 9.041650295257568359e-01 7.248065471649169922e+00 1.503531265258789062e+01
7.302013635635375977e+00 9.036331772804260254e-01 7.302013635635375977e+00 1.531458950042724609e+01
7.355960607528686523e+00 8.974276781082153320e-01 7.355960607528686523e+00 1.559606170654296875e+01
7.409908771514892578e+00 8.933013677597045898e-01 7.409908771514892578e+00 1.588036251068115234e+01
7.463855743408203125e+00 8.892948627471923828e-01 7.463855743408203125e+00 1.616752815246582031e+01
7.517803907394409180e+00 8.848080039024353027e-01 7.517803907394409180e+00 1.645738983154296875e+01
7.571752071380615234e+00 8.831709027290344238e-01 7.571752071380615234e+00 1.675087928771972656e+01
7.625699043273925781e+00 8.814373016357421875e-01 7.625699043273925781e+00 1.704798316955566406e+01
7.679647207260131836e+00 8.741000294685363770e-01 7.679647207260131836e+00 1.734679794311523438e+01
7.733594179153442383e+00 8.740364313125610352e-01 7.733594179153442383e+00 1.764980125427246094e+01
7.787542343139648438e+00 8.741489052772521973e-01 7.787542343139648438e+00 1.795708656311035156e+01
7.841489911079406738e+00 8.729486465454101562e-01 7.841489911079406738e+00 1.826822090148925781e+01
7.895437479019165039e+00 8.730167150497436523e-01 7.895437479019165039e+00 1.858367156982421875e+01
7.949385643005371094e+00 8.698229193687438965e-01 7.949385643005371094e+00 1.890227890014648438e+01
8.003332614898681641e+00 8.717145323753356934e-01 8.003332614898681641e+00 1.922592544555664062e+01
8.057280778884887695e+00 8.683448433876037598e-01 8.057280778884887695e+00 1.955268478393554688e+01
8.111227750778198242e+00 8.705505132675170898e-01 8.111227750778198242e+00 1.988467216491699219e+01
8.165175914764404297e+00 8.691635131835937500e-01 8.165175914764404297e+00 2.022056007385253906e+01
