# distance (\AA)	RDF	distance (\AA)	cdf
1.269738283008337021e-01 0.000000000000000000e+00 1.269738283008337021e-01 0.000000000000000000e+00
1.809214986860752106e-01 0.000000000000000000e+00 1.809214986860752106e-01 0.000000000000000000e+00
2.348691597580909729e-01 0.000000000000000000e+00 2.348691597580909729e-01 0.000000000000000000e+00
2.888168394565582275e-01 0.000000000000000000e+00 2.888168394565582275e-01 0.000000000000000000e+00
3.427644819021224976e-01 0.000000000000000000e+00 3.427644819021224976e-01 0.000000000000000000e+00
3.967121616005897522e-01 0.000000000000000000e+00 3.967121616005897522e-01 0.000000000000000000e+00
4.506598040461540222e-01 0.000000000000000000e+00 4.506598040461540222e-01 0.000000000000000000e+00
5.046074837446212769e-01 0.000000000000000000e+00 5.046074837446212769e-01 0.000000000000000000e+00
5.585551634430885315e-01 0.000000000000000000e+00 5.585551634430885315e-01 0.000000000000000000e+00
6.125028058886528015e-01 0.000000000000000000e+00 6.125028058886528015e-01 0.000000000000000000e+00
6.664504855871200562e-01 0.000000000000000000e+00 6.664504855871200562e-01 0.000000000000000000e+00
7.203981280326843262e-01 0.000000000000000000e+00 7.203981280326843262e-01 0.000000000000000000e+00
7.743458449840545654e-01 0.000000000000000000e+00 7.743458449840545654e-01 0.000000000000000000e+00
8.282934129238128662e-01 0.000000000000000000e+00 8.282934129238128662e-01 0.000000000000000000e+00
8.822411298751831055e-01 0.000000000000000000e+00 8.822411298751831055e-01 0.000000000000000000e+00
9.361888468265533447e-01 0.000000000000000000e+00 9.361888468265533447e-01 0.000000000000000000e+00
9.901364147663116455e-01 0.000000000000000000e+00 9.901364147663116455e-01 0.000000000000000000e+00
1.044084131717681885e+00 0.000000000000000000e+00 1.044084131717681885e+00 0.000000000000000000e+00
1.098031848669052124e+00 0.000000000000000000e+00 1.098031848669052124e+00 0.000000000000000000e+00
1.151979416608810425e+00 0.000000000000000000e+00 1.151979416608810425e+00 0.000000000000000000e+00
1.205927133560180664e+00 0.000000000000000000e+00 1.205927133560180664e+00 0.000000000000000000e+00
1.259874850511550903e+00 0.000000000000000000e+00 1.259874850511550903e+00 0.000000000000000000e+00
1.313822567462921143e+00 0.000000000000000000e+00 1.313822567462921143e+00 0.000000000000000000e+00
1.367770135402679443e+00 0.000000000000000000e+00 1.367770135402679443e+00 0.000000000000000000e+00
1.421717852354049683e+00 0.000000000000000000e+00 1.421717852354049683e+00 0.000000000000000000e+00
1.475665569305419922e+00 0.000000000000000000e+00 1.475665569305419922e+00 0.000000000000000000e+00
1.529613137245178223e+00 0.000000000000000000e+00 1.529613137245178223e+00 0.000000000000000000e+00
1.583560854196548462e+00 0.000000000000000000e+00 1.583560854196548462e+00 0.000000000000000000e+00
1.637508571147918701e+00 0.000000000000000000e+00 1.637508571147918701e+00 0.000000000000000000e+00
1.691456139087677002e+00 0.000000000000000000e+00 1.691456139087677002e+00 0.000000000000000000e+00
1.745403856039047241e+00 0.000000000000000000e+00 1.745403856039047241e+00 0.000000000000000000e+00
1.799351572990417480e+00 0.000000000000000000e+00 1.799351572990417480e+00 0.000000000000000000e+00
1.853299140930175781e+00 0.000000000000000000e+00 1.853299140930175781e+00 0.000000000000000000e+00
1.907246857881546021e+00 0.000000000000000000e+00 1.907246857881546021e+00 0.000000000000000000e+00
1.961194574832916260e+00 0.000000000000000000e+00 1.961194574832916260e+00 0.000000000000000000e+00
2.015142142772674561e+00 0.000000000000000000e+00 2.015142142772674561e+00 0.000000000000000000e+00
2.069089859724044800e+00 0.000000000000000000e+00 2.069089859724044800e+00 0.000000000000000000e+00
2.123037576675415039e+00 0.000000000000000000e+00 2.123037576675415039e+00 0.000000000000000000e+00
2.176985144615173340e+00 0.000000000000000000e+00 2.176985144615173340e+00 0.000000000000000000e+00
2.230932861566543579e+00 0.000000000000000000e+00 2.230932861566543579e+00 0.000000000000000000e+00
2.284880578517913818e+00 0.000000000000000000e+00 2.284880578517913818e+00 0.000000000000000000e+00
2.338828146457672119e+00 0.000000000000000000e+00 2.338828146457672119e+00 0.000000000000000000e+00
2.392775863409042358e+00 0.000000000000000000e+00 2.392775863409042358e+00 0.000000000000000000e+00
2.446723580360412598e+00 0.000000000000000000e+00 2.446723580360412598e+00 0.000000000000000000e+00
2.500671148300170898e+00 0.000000000000000000e+00 2.500671148300170898e+00 0.000000000000000000e+00
2.554618716239929199e+00 0.000000000000000000e+00 2.554618716239929199e+00 0.000000000000000000e+00
2.608566284179687500e+00 0.000000000000000000e+00 2.608566284179687500e+00 0.000000000000000000e+00
2.662513852119445801e+00 0.000000000000000000e+00 2.662513852119445801e+00 0.000000000000000000e+00
2.716461718082427979e+00 0.000000000000000000e+00 2.716461718082427979e+00 0.000000000000000000e+00
2.770409286022186279e+00 0.000000000000000000e+00 2.770409286022186279e+00 0.000000000000000000e+00
2.824357151985168457e+00 0.000000000000000000e+00 2.824357151985168457e+00 0.000000000000000000e+00
2.878304719924926758e+00 0.000000000000000000e+00 2.878304719924926758e+00 0.000000000000000000e+00
2.932252287864685059e+00 0.000000000000000000e+00 2.932252287864685059e+00 0.000000000000000000e+00
2.986199855804443359e+00 0.000000000000000000e+00 2.986199855804443359e+00 0.000000000000000000e+00
3.040147721767425537e+00 0.000000000000000000e+00 3.040147721767425537e+00 0.000000000000000000e+00
3.094095289707183838e+00 0.000000000000000000e+00 3.094095289707183838e+00 0.000000000000000000e+00
3.148043155670166016e+00 0.000000000000000000e+00 3.148043155670166016e+00 0.000000000000000000e+00
3.201990723609924316e+00 0.000000000000000000e+00 3.201990723609924316e+00 0.000000000000000000e+00
3.255938291549682617e+00 0.000000000000000000e+00 3.255938291549682617e+00 0.000000000000000000e+00
3.309885859489440918e+00 0.000000000000000000e+00 3.309885859489440918e+00 0.000000000000000000e+00
3.363833725452423096e+00 0.000000000000000000e+00 3.363833725452423096e+00 0.000000000000000000e+00
3.417781293392181396e+00 0.000000000000000000e+00 3.417781293392181396e+00 0.000000000000000000e+00
3.471729159355163574e+00 0.000000000000000000e+00 3.471729159355163574e+00 0.000000000000000000e+00
3.525676727294921875e+00 0.000000000000000000e+00 3.525676727294921875e+00 0.000000000000000000e+00
3.579624295234680176e+00 0.000000000000000000e+00 3.579624295234680176e+00 0.000000000000000000e+00
3.633571863174438477e+00 0.000000000000000000e+00 3.633571863174438477e+00 0.000000000000000000e+00
3.687519729137420654e+00 0.000000000000000000e+00 3.687519729137420654e+00 0.000000000000000000e+00
3.741467297077178955e+00 0.000000000000000000e+00 3.741467297077178955e+00 0.000000000000000000e+00
3.795415163040161133e+00 1.254082453669980168e-04 3.795415163040161133e+00 3.759002765946206637e-06
3.849362730979919434e+00 0.000000000000000000e+00 3.849362730979919434e+00 3.759002765946206637e-06
3.903310298919677734e+00 3.557157760951668024e-04 3.903310298919677734e+00 1.503601106378482655e-05
3.957257866859436035e+00 3.460802836343646049e-04 3.957257866859436035e+00 2.631302049849182367e-05
4.011205732822418213e+00 3.368373727425932884e-04 4.011205732822418213e+00 3.759002720471471548e-05
4.065153300762176514e+00 6.559102330356836319e-04 4.065153300762176514e+00 6.014404425513930619e-05
4.119101166725158691e+00 2.768307225778698921e-03 4.119101166725158691e+00 1.578781229909509420e-04
4.173048734664916992e+00 2.697211690247058868e-03 4.173048734664916992e+00 2.556121908128261566e-04
4.226996302604675293e+00 3.943203948438167572e-03 4.226996302604675293e+00 4.022133070975542068e-04
4.280943870544433594e+00 6.604533642530441284e-03 4.280943870544433594e+00 6.540665053762495518e-04
4.334891736507415771e+00 9.709864854812622070e-03 4.334891736507415771e+00 1.033725799061357975e-03
4.388839304447174072e+00 1.256767380982637405e-02 4.388839304447174072e+00 1.537432195618748665e-03
4.442787170410156250e+00 1.748108305037021637e-02 4.442787170410156250e+00 2.255401806905865669e-03
4.496734738349914551e+00 1.992321014404296875e-02 4.496734738349914551e+00 3.093659412115812302e-03
4.550682306289672852e+00 2.643254585564136505e-02 4.550682306289672852e+00 4.232637118548154831e-03
4.604629874229431152e+00 3.425184637308120728e-02 4.604629874229431152e+00 5.743755958974361420e-03
4.658577740192413330e+00 4.653231799602508545e-02 4.658577740192413330e+00 7.845038548111915588e-03
4.712525308132171631e+00 5.873259156942367554e-02 4.712525308132171631e+00 1.055903825908899307e-02
4.766473174095153809e+00 7.267744839191436768e-02 4.766473174095153809e+00 1.399476639926433563e-02
4.820420742034912109e+00 9.057435393333435059e-02 4.820420742034912109e+00 1.837400346994400024e-02
4.874368309974670410e+00 1.138243526220321655e-01 4.874368309974670410e+00 2.400122955441474915e-02
4.928315877914428711e+00 1.407252550125122070e-01 4.928315877914428711e+00 3.111326321959495544e-02
4.982263743877410889e+00 1.809244602918624878e-01 4.982263743877410889e+00 4.045814275741577148e-02
5.036211013793945312e+00 2.227966934442520142e-01 5.036211013793945312e+00 5.221630260348320007e-02
5.090159177780151367e+00 2.693472504615783691e-01 5.090159177780151367e+00 6.673733144998550415e-02
5.144106149673461914e+00 3.263306915760040283e-01 5.144106149673461914e+00 8.470536768436431885e-02
5.198054313659667969e+00 3.886560499668121338e-01 5.198054313659667969e+00 1.065564528107643127e-01
5.252002477645874023e+00 4.395287036895751953e-01 5.252002477645874023e+00 1.317831277847290039e-01
5.305949449539184570e+00 5.111687183380126953e-01 5.305949449539184570e+00 1.617273390293121338e-01
5.359897613525390625e+00 5.761402845382690430e-01 5.359897613525390625e+00 1.961673200130462646e-01
5.413844585418701172e+00 6.321471929550170898e-01 5.413844585418701172e+00 2.347196489572525024e-01
5.467792749404907227e+00 6.979243159294128418e-01 5.467792749404907227e+00 2.781361341476440430e-01
5.521740317344665527e+00 7.529600262641906738e-01 5.521740317344665527e+00 3.259055316448211670e-01
5.575687885284423828e+00 7.988999485969543457e-01 5.575687885284423828e+00 3.775843083858489990e-01
5.629636049270629883e+00 8.368485569953918457e-01 5.629636049270629883e+00 4.327702224254608154e-01
5.683583021163940430e+00 8.812125325202941895e-01 5.683583021163940430e+00 4.920008182525634766e-01
5.737531185150146484e+00 9.238179922103881836e-01 5.737531185150146484e+00 5.552798509597778320e-01
5.791478157043457031e+00 9.563796520233154297e-01 5.791478157043457031e+00 6.220265626907348633e-01
5.845426321029663086e+00 9.892352223396301270e-01 5.845426321029663086e+00 6.923593878746032715e-01
5.899374485015869141e+00 1.024158596992492676e+00 5.899374485015869141e+00 7.665244936943054199e-01
5.953321456909179688e+00 1.046354055404663086e+00 5.953321456909179688e+00 8.436893224716186523e-01
6.007269620895385742e+00 1.060785651206970215e+00 6.007269620895385742e+00 9.233425855636596680e-01
6.061216592788696289e+00 1.087423920631408691e+00 6.061216592788696289e+00 1.006469130516052246e+00
6.115164756774902344e+00 1.099725127220153809e+00 6.115164756774902344e+00 1.092039108276367188e+00
6.169112324714660645e+00 1.139709711074829102e+00 6.169112324714660645e+00 1.182292819023132324e+00
6.223059892654418945e+00 1.168138265609741211e+00 6.223059892654418945e+00 1.276422023773193359e+00
6.277008056640625000e+00 1.193770289421081543e+00 6.277008056640625000e+00 1.374291419982910156e+00
6.330955028533935547e+00 1.215456128120422363e+00 6.330955028533935547e+00 1.475658535957336426e+00
6.384903192520141602e+00 1.245468139648437500e+00 6.384903192520141602e+00 1.581307172775268555e+00
6.438850164413452148e+00 1.275874733924865723e+00 6.438850164413452148e+00 1.691370725631713867e+00
6.492798328399658203e+00 1.293138265609741211e+00 6.492798328399658203e+00 1.804802417755126953e+00
6.546746492385864258e+00 1.318586468696594238e+00 6.546746492385864258e+00 1.922395348548889160e+00
6.600693464279174805e+00 1.333530545234680176e+00 6.600693464279174805e+00 2.043288707733154297e+00
6.654641628265380859e+00 1.360946893692016602e+00 6.654641628265380859e+00 2.168692827224731445e+00
6.708588600158691406e+00 1.368931293487548828e+00 6.708588600158691406e+00 2.296886205673217773e+00
6.762536764144897461e+00 1.376768469810485840e+00 6.762536764144897461e+00 2.427895069122314453e+00
6.816484332084655762e+00 1.374215245246887207e+00 6.816484332084655762e+00 2.560756921768188477e+00
6.870431900024414062e+00 1.376227617263793945e+00 6.870431900024414062e+00 2.695926904678344727e+00
6.924380064010620117e+00 1.378611683845520020e+00 6.924380064010620117e+00 2.833465099334716797e+00
6.978327035903930664e+00 1.375366091728210449e+00 6.978327035903930664e+00 2.972826480865478516e+00
7.032275199890136719e+00 1.374001741409301758e+00 7.032275199890136719e+00 3.114210128784179688e+00
7.086222171783447266e+00 1.382771015167236328e+00 7.086222171783447266e+00 3.258687496185302734e+00
7.140170335769653320e+00 1.365031957626342773e+00 7.140170335769653320e+00 3.403491735458374023e+00
7.194117903709411621e+00 1.357364773750305176e+00 7.194117903709411621e+00 3.549668073654174805e+00
7.248065471649169922e+00 1.346435189247131348e+00 7.248065471649169922e+00 3.696848154067993164e+00
7.302013635635375977e+00 1.342260837554931641e+00 7.302013635635375977e+00 3.845764875411987305e+00
7.355960607528686523e+00 1.333380103111267090e+00 7.355960607528686523e+00 3.995890140533447266e+00
7.409908771514892578e+00 1.322368383407592773e+00 7.409908771514892578e+00 4.146966457366943359e+00
7.463855743408203125e+00 1.301522970199584961e+00 7.463855743408203125e+00 4.297835826873779297e+00
7.517803907394409180e+00 1.296268105506896973e+00 7.517803907394409180e+00 4.450276374816894531e+00
7.571752071380615234e+00 1.281202435493469238e+00 7.571752071380615234e+00 4.603113651275634766e+00
7.625699043273925781e+00 1.276102542877197266e+00 7.625699043273925781e+00 4.757520198822021484e+00
7.679647207260131836e+00 1.260411381721496582e+00 7.679647207260131836e+00 4.912193775177001953e+00
7.733594179153442383e+00 1.259160041809082031e+00 7.733594179153442383e+00 5.068891525268554688e+00
7.787542343139648438e+00 1.238811492919921875e+00 7.787542343139648438e+00 5.225215435028076172e+00
7.841489911079406738e+00 1.233983516693115234e+00 7.841489911079406738e+00 5.383097171783447266e+00
7.895437479019165039e+00 1.214386582374572754e+00 7.895437479019165039e+00 5.540614604949951172e+00
7.949385643005371094e+00 1.204628109931945801e+00 7.949385643005371094e+00 5.699009418487548828e+00
8.003332614898681641e+00 1.179229140281677246e+00 8.003332614898681641e+00 5.856175422668457031e+00
8.057280778884887695e+00 1.186940193176269531e+00 8.057280778884887695e+00 6.016510009765625000e+00
8.111227750778198242e+00 1.167355418205261230e+00 8.111227750778198242e+00 6.176316261291503906e+00
8.165175914764404297e+00 1.155946254730224609e+00 8.165175914764404297e+00 6.336675167083740234e+00
